Category LV40-Enrichment LV40-Enrichment_p LV78-Enrichment LV78-Enrichment_p LV76-Enrichment LV76-Enrichment_p LV15-Enrichment LV15-Enrichment_p LV51-Enrichment LV51-Enrichment_p LV11-Enrichment LV11-Enrichment_p
baseL2_0 1.00000000000002 NA 1.00000000000001 NA 0.999999999999957 NA 1 NA 1.00000000000005 NA 0.999999999999998 NA
Coding_UCSC.bedL2_0 -14.3180503412997 0.824464253793066 72.8063370862713 0.488132281415397 -26.4584927998883 0.945440974111816 -1.68234758252976 0.892548669932834 272.419134036813 0.00706967932129321 -8.85789975282312 0.524495441417147
Coding_UCSC.extend.500.bedL2_0 30.2532462949968 0.0768843649612713 -26.7067783058695 0.442788261785003 44.8086533406546 0.814026956690135 1.03749086569255 0.994302178719886 34.3035207987975 0.215007583878856 6.6573534562277 0.154232845051104
Conserved_LindbladToh.bedL2_0 -26.2208916487841 0.6553707328566 222.398135408791 0.063868710121167 -297.090148923913 0.573151366186833 -16.7381775562731 0.409135940328456 79.7026867854506 0.429089871195513 15.0833767749641 0.333668209040238
Conserved_LindbladToh.extend.500.bedL2_0 8.95764587073941 0.0922350824007793 1.08845956381955 0.994404912299374 2.00079276124126 0.97841427491827 1.84431684233297 0.684058060271533 5.33002613599606 0.776436323120059 2.16041801412828 0.505371648613444
CTCF_Hoffman.bedL2_0 -23.6075519199046 0.648228506170252 195.303239556376 0.196432521873551 -276.445066167702 0.62277119278996 17.3791588209537 0.408258896299516 121.790136746706 0.308851331735117 5.59021751661084 0.787207335653322
CTCF_Hoffman.extend.500.bedL2_0 -47.2488061209442 0.0116886584788851 52.1737085909345 0.101301059820009 98.7612634933566 0.543664964626209 5.10282888579017 0.628902607070581 18.8479304438135 0.693523369179044 17.326264990111 0.00201477944160797
DGF_ENCODE.bedL2_0 13.8805154634721 0.558126376902326 -30.914232526466 0.423591378182751 37.9785150973566 0.850676674979349 9.85574185027467 0.371875564117692 12.3199785669014 0.8398547385046 6.69111898264492 0.406776037741204
DGF_ENCODE.extend.500.bedL2_0 4.41671764139907 0.356746733096688 -3.14981713657256 0.618863354843022 32.9988616561857 0.491242402537938 2.45691982996503 0.3658516432324 4.35068103671475 0.73529220094385 1.23790030238656 0.839831660537307
DHS_peaks_Trynka.bedL2_0 -1.13447677389654 0.933829483006343 -16.5879001210658 0.664849037321487 405.368134756613 0.205774165915327 -1.43967930728822 0.824947534682862 158.974575642727 0.00555766422592863 6.17784589111884 0.478720197536369
DHS_Trynka.bedL2_0 -3.75890461234359 0.797788239987409 -54.2903456031873 0.229315759563623 108.367740052465 0.566719864365112 1.2691650440053 0.97543242877724 106.360504102055 0.00844060206207941 6.34300262280652 0.358206829118174
DHS_Trynka.extend.500.bedL2_0 11.8044209995019 0.0196771089055727 9.61465258540461 0.251211876931741 -43.252613629154 0.244532698062424 2.9282790311519 0.28835411243783 20.4356152272933 0.10374766678181 2.726325557405 0.187060312746124
Enhancer_Andersson.bedL2_0 248.915315927619 0.130203406996525 -231.923057572968 0.435237627113581 1167.83032256235 0.503505895202015 -29.4194062042666 0.625780354110303 273.559881014758 0.391396052259028 56.4931840474659 0.216492762875587
Enhancer_Andersson.extend.500.bedL2_0 73.7114868821487 0.0653363624757586 -214.876236294034 0.134720379978516 -241.778763023238 0.576688519844347 -19.3570999496517 0.181686191388967 18.614452471756 0.874185410766805 1.76782251610027 0.951471750622182
Enhancer_Hoffman.bedL2_0 -31.2222587482231 0.299444267292298 -111.794502603221 0.119627283365095 136.039307728507 0.717575272674363 -17.2444899426621 0.111266900613874 47.4002180471092 0.516832231689125 26.3445106094339 0.0130901334411342
Enhancer_Hoffman.extend.500.bedL2_0 9.03634858705109 0.523582675376184 -8.15988490111737 0.827770430293393 -72.3300517449549 0.544562272455211 2.8768086659025 0.746405891374622 -11.7416204990792 0.701241134256026 -2.43234842918998 0.445436902311951
FetalDHS_Trynka.bedL2_0 -39.5775287814957 0.173684261968379 -89.8866843240524 0.249743791806378 365.547221770675 0.351574126378073 11.1692532636043 0.391841887232075 127.71098913898 0.0268519069222572 15.9217019538855 0.0611629016646816
FetalDHS_Trynka.extend.500.bedL2_0 -2.86891763689672 0.599048234241318 -12.8058418129729 0.333229273204862 -1.75702617206988 0.973502398336446 1.40369031957665 0.893908796817764 7.13940494280863 0.73885290784055 4.46839999820347 0.123766608531244
H3K27ac_Hnisz.bedL2_0 0.684460406043468 0.916383369683536 -3.82866358397756 0.390955872141775 -7.73528956269789 0.704738638661678 1.51551843350562 0.656166721311319 14.7656111457967 0.044234021154465 -0.265512775280043 0.163448129537272
H3K27ac_Hnisz.extend.500.bedL2_0 3.62073361985197 0.425544237098174 0.586375267272418 0.941527000675464 15.3539444823255 0.54488468926593 0.40767978343807 0.582474987250949 5.51764817642525 0.610158416794298 0.223087309231454 0.337935364804825
H3K27ac_PGC2.bedL2_0 4.4794475237643 0.595226767217225 1.52484897815222 0.961251513120203 -18.9187330091278 0.806113356669516 1.96514292408206 0.695594683019216 24.8191748005508 0.112131904082525 3.46917538397486 0.31547268769428
H3K27ac_PGC2.extend.500.bedL2_0 6.2270976764672 0.225451164569 -2.4665881821495 0.636883962013026 86.7845663742348 0.187502872867635 1.52328994242467 0.763838532825335 5.21974692307838 0.716344534454445 2.46921541314794 0.348586086582035
H3K4me1_peaks_Trynka.bedL2_0 -20.006626735704 0.218291816241249 -11.5553814412255 0.715692716559776 -106.139263460522 0.382108303314089 3.92264758821156 0.589146575706028 40.8120275704068 0.210775096130274 0.459428084490842 0.926031970763016
H3K4me1_Trynka.bedL2_0 5.0345055937231 0.488757117881388 1.28837914955443 0.976597510726855 14.302380420551 0.875236785803823 4.2598789861553 0.101625780872877 9.96860141681949 0.464401739725685 1.82897390320855 0.616131066322476
H3K4me1_Trynka.extend.500.bedL2_0 1.66547397999833 0.749887458715272 -2.17997560647636 0.303202833809929 6.56695949514281 0.739059569011418 2.30066648910989 0.116494111217818 13.7571542269738 0.0431219725802986 1.46026680525655 0.510021760331113
H3K4me3_peaks_Trynka.bedL2_0 46.648329128946 0.240118765330872 -75.1028548967641 0.210124755708482 -142.583145367238 0.617646729898466 11.1647800416692 0.485234325203069 42.0546102483837 0.577758229100145 9.75797683105401 0.435852571638748
H3K4me3_Trynka.bedL2_0 -17.8771197283381 0.0767014893776138 -29.3836817879406 0.183225034757371 26.6510841841202 0.784899623291684 -2.31818881044891 0.375624979490995 32.9665650281913 0.134584880943055 7.08281916994918 0.0891921246453629
H3K4me3_Trynka.extend.500.bedL2_0 7.48904407053223 0.251600915392377 -12.8698516461259 0.363355272442096 -8.43981818307816 0.863954316722597 1.52832684284869 0.805147086909448 -5.12046093816401 0.6702917639428 1.82267438685171 0.62022543579466
H3K9ac_peaks_Trynka.bedL2_0 20.7435454890997 0.655434136879056 -125.778164070572 0.115412773407585 -277.851738847511 0.369155105926393 -1.78714387559545 0.87058785195351 100.110097925857 0.228472695922861 17.1679985787101 0.227289875290236
H3K9ac_Trynka.bedL2_0 -16.1920901050378 0.191527127601692 -4.61639688961233 0.786771358494857 -59.1102979306166 0.523897822846942 -1.08937816608328 0.70950325815001 0.817613321224851 0.99342761493702 10.3248374836504 0.00926840933009287
H3K9ac_Trynka.extend.500.bedL2_0 -3.086013655302 0.430653719771991 -1.35647369806085 0.808423549633263 -24.8665075591355 0.731887992795466 1.59003892471745 0.788516033613012 14.484201386512 0.372707326461743 2.11972714779698 0.580451844864074
Intron_UCSC.bedL2_0 1.53704945866157 0.826376701166204 -7.78118945884103 0.26312036877712 17.9073716661048 0.395131126352819 0.968766540915591 0.97270829069101 -14.778497279723 0.0239205773240629 1.558112059153 0.423400884682378
Intron_UCSC.extend.500.bedL2_0 -0.336112067796461 0.486045561566865 -2.43317138440482 0.545861828818643 -0.227477390554242 0.935291343276784 0.676609490247761 0.64944128387854 -4.60770320587782 0.256908751449036 1.34214239623156 0.563580314387754
PromoterFlanking_Hoffman.bedL2_0 -68.3665269337899 0.433591994366552 -66.8997845968373 0.665669511235663 116.438628526699 0.844374616943118 72.7878134119107 0.0347675454993391 -119.590478229172 0.461888350500466 33.1631886286495 0.211527755232613
PromoterFlanking_Hoffman.extend.500.bedL2_0 -6.58103131227441 0.788505921270473 20.7199858681227 0.642953691829315 -438.373293802014 0.240919093100829 -17.2642807207431 0.0753070618998435 -50.1291908373772 0.379194720475614 6.60070506238528 0.533194161602026
Promoter_UCSC.bedL2_0 1.45778686991468 0.983608138256613 10.9441756952572 0.83467308636509 235.312558981095 0.219702439465096 3.16786877158132 0.861106666508424 18.0518408963779 0.839665115793571 6.01301237917292 0.480539304682791
Promoter_UCSC.extend.500.bedL2_0 8.43554487940487 0.6474696188954 -3.19068979169643 0.888946285735391 -99.7037411854352 0.322479825350191 2.96335589291742 0.769327866484029 33.9239258746239 0.373282006108162 -3.0777280134602 0.375349591027936
Repressed_Hoffman.bedL2_0 1.065994658082 0.989680257225203 0.503948120899169 0.948234123393715 -56.6496987735922 0.376265653264594 -1.11042400177238 0.325441933841012 -38.6434286716959 0.0099909811100778 0.550562207291589 0.77118329738295
Repressed_Hoffman.extend.500.bedL2_0 0.137991736198565 0.487222937299868 1.95411844385814 0.691346785526671 17.7654558794252 0.243087284688069 1.65332110175256 0.206950444947825 1.94102898605136 0.769718589972821 0.585318655669245 0.302045868838248
SuperEnhancer_Hnisz.bedL2_0 4.39648161045047 0.414697928397184 -11.4946787242434 0.402002729591093 -31.1756494546745 0.393315004306984 1.69584687486468 0.687916398769522 25.6833975806166 0.0188187385088816 0.663808699230657 0.793510397627523
SuperEnhancer_Hnisz.extend.500.bedL2_0 -0.760180948813778 0.686574707478299 -8.04968302778448 0.461859113664755 -7.24309573562959 0.830379314987598 1.38069308956072 0.832038003031744 15.3224888487801 0.183434983509508 1.94574565170897 0.415865057598856
TFBS_ENCODE.bedL2_0 5.77509521012186 0.784305483526989 10.1186486549446 0.799340706969232 -208.641495164861 0.257734349635114 5.67666556068889 0.557102197789253 58.3507428387699 0.108076564327173 13.3511138639352 0.0213258749505635
TFBS_ENCODE.extend.500.bedL2_0 -2.83777680992717 0.564732195025018 -7.79123081999495 0.368407818800199 90.7094564902736 0.15364567951655 0.707693324806434 0.908507769702375 14.4490826537963 0.476111537736508 1.32943016127883 0.873092701712458
Transcribed_Hoffman.bedL2_0 -6.34640599847529 0.189000973960767 1.7253650099536 0.93827209341477 41.4146461436797 0.474247076162507 0.731204909102378 0.913289017732236 29.2414787768007 0.124801953001991 0.857723084529884 0.937713581080168
Transcribed_Hoffman.extend.500.bedL2_0 0.9105279693893 0.968765931391459 -8.80742717435207 0.0965972472320157 -4.17257651169875 0.813887923263814 0.480852477059319 0.576328507716092 -5.66395183965546 0.180982402613263 0.951462971685296 0.95521794465034
TSS_Hoffman.bedL2_0 23.984675917396 0.61762821579939 98.6213317950669 0.165743171978164 235.27209482113 0.530393648701416 18.5851507746834 0.268010469153448 147.872988300873 0.125486773740913 20.886850596158 0.145126753159954
TSS_Hoffman.extend.500.bedL2_0 25.2848722305855 0.349972906845676 100.65341870633 0.0826661048202354 -205.045897674683 0.441969801567651 -8.53830665436464 0.31973394242217 50.7013019845308 0.352335180449676 11.9377926792907 0.135710495372482
UTR_3_UCSC.bedL2_0 -27.4976616427516 0.687121593820102 -13.3516814237303 0.880482707004734 -191.09869985638 0.636615456411996 8.72324949333933 0.710015574806973 90.2614290230483 0.394447720749978 -20.0944299148486 0.17584580422667
UTR_3_UCSC.extend.500.bedL2_0 38.805492666762 0.253159223635343 22.1454674358608 0.614559187123405 -69.873616368615 0.773830801181337 6.43822921922079 0.604542782840776 19.0949817084707 0.723867660956067 1.03894333319836 0.995471117095257
UTR_5_UCSC.bedL2_0 -18.0874754542333 0.787213074704079 191.627404690837 0.178688998076814 1108.41250459006 0.342469869237477 -7.25900199180646 0.810354594094246 267.063770928707 0.0890645681263881 -0.248145147479547 0.955960288213055
UTR_5_UCSC.extend.500.bedL2_0 13.1060740526231 0.556362706780405 29.0413925333211 0.41709713361066 60.8461719393983 0.794090716319102 3.11223435231684 0.859010938039093 -23.7457658753716 0.568143060219847 8.16820498241393 0.241615122169125
WeakEnhancer_Hoffman.bedL2_0 86.9082482451945 0.185741218048517 -54.5418615678825 0.646948056566852 457.249351187621 0.48318657905292 -4.77791912840359 0.784936647944234 206.119974273426 0.114265468215534 -8.280290089589 0.665993988530846
WeakEnhancer_Hoffman.extend.500.bedL2_0 43.9602011009477 0.0102758637970065 -28.6728558647087 0.239451312932678 181.161781566317 0.362792772866569 -7.35688849530566 0.231880789041032 -83.9498920211956 0.085578468243007 4.05659279244953 0.559542250319503
