Category LV46-Enrichment LV46-Enrichment_p LV38-Enrichment LV38-Enrichment_p LV6-Enrichment LV6-Enrichment_p LV59-Enrichment LV59-Enrichment_p LV5-Enrichment LV5-Enrichment_p
baseL2_0 1 NA 0.999999999999996 NA 1.00000000000001 NA 0.999999999999985 NA 1 NA
Coding_UCSC.bedL2_0 -68.4424292567246 0.10695253152134 94.8314803584369 0.260895813423378 13.522754177502 0.677816652241873 49.6534043088062 0.40722807768144 44.9491891741949 0.110867684838739
Coding_UCSC.extend.500.bedL2_0 4.46326452005487 0.753731850198789 5.1788828189286 0.870243859943734 1.89448619964527 0.886952880127174 -4.78812709970707 0.673682705098445 5.01666846617054 0.593268491664414
Conserved_LindbladToh.bedL2_0 71.4829189613749 0.187627836079178 115.059080698113 0.245195978152645 -34.4666543286739 0.20547753490011 -159.150495768666 0.00133436503038704 59.5061434104401 0.0337452905333412
Conserved_LindbladToh.extend.500.bedL2_0 4.67516615451173 0.499070779452911 12.8924793434624 0.270794548321458 2.19194104102352 0.657858577958007 5.5532168307743 0.317250337134567 -0.572190429001168 0.545242170076191
CTCF_Hoffman.bedL2_0 67.7154247322903 0.242542719828399 -14.2559049981783 0.85503783708333 18.9730137097273 0.508515990178531 -55.7519264682998 0.258743837222114 -7.96768958211653 0.748962436334603
CTCF_Hoffman.extend.500.bedL2_0 21.2137560155967 0.333414414259221 -29.9996306697403 0.329414979558827 10.341885722143 0.373843042308341 -36.1661535519823 0.0424999511990411 2.4268068675582 0.903632108169552
DGF_ENCODE.bedL2_0 48.1528846093222 0.0350704250807917 -6.57006817754905 0.836418052600457 0.734498860900849 0.981968153520291 19.4050990428124 0.461049003643485 10.0128330875899 0.512652815702805
DGF_ENCODE.extend.500.bedL2_0 0.423712321400967 0.911213306484915 0.520320679271258 0.943331336371593 0.991380766663469 0.997305520828262 -0.123912018698263 0.782320157874759 -3.53324602455149 0.0492616591034198
DHS_peaks_Trynka.bedL2_0 17.1475814189428 0.510971811497204 -10.9264114681044 0.793446296361924 -4.771712985396 0.685643331433329 3.54192259728225 0.927027659151523 11.2740191042112 0.468522238028369
DHS_Trynka.bedL2_0 9.93761873821929 0.637074736352323 5.93548253894559 0.877232315567255 -2.07741122360759 0.779638663772476 -4.04654474505946 0.805623347995545 -10.1992124840396 0.287560136302067
DHS_Trynka.extend.500.bedL2_0 5.68453824779962 0.336381921597183 11.9453283212487 0.165893093017571 1.34210923078287 0.884612505317116 0.272777315050183 0.867698084339884 4.24453663322005 0.181744549725475
Enhancer_Andersson.bedL2_0 -248.201521137518 0.0553505709789233 314.710278999419 0.158888343102055 31.8018391034661 0.65275391339388 35.199274583238 0.828805227963408 -15.518580382964 0.823048846402401
Enhancer_Andersson.extend.500.bedL2_0 -54.7746418094876 0.162579614055084 30.279580929231 0.670272330359957 8.2250379935787 0.710042848906612 11.5838906193473 0.820616357735409 -7.81714941578295 0.744630628893374
Enhancer_Hoffman.bedL2_0 -37.1527451474214 0.201835957956834 24.1271647393752 0.684359902285779 -6.01052721031393 0.66622847947788 -56.38703338351 0.0378078579799523 11.0190844253405 0.586050819776877
Enhancer_Hoffman.extend.500.bedL2_0 -12.8790146136809 0.280002237482535 40.5242489114334 0.130516137482823 3.66775343550854 0.732170640253892 -5.63178841269046 0.657980421212948 -10.7977357268436 0.110253628731683
FetalDHS_Trynka.bedL2_0 2.75966720750158 0.950571278842199 -6.02754014767517 0.884632010607898 -1.72119264162351 0.861502612908713 -40.4239510841966 0.220879117514711 -27.0833365325511 0.0928467986649345
FetalDHS_Trynka.extend.500.bedL2_0 -6.33308448699802 0.351658259977978 4.09008387580689 0.815755978643299 3.57755584579946 0.59089634667543 -1.29938969993918 0.766388544959818 2.11085785356761 0.79834342371675
H3K27ac_Hnisz.bedL2_0 4.79460751386169 0.256298176116803 -2.59407806760873 0.472073682338017 0.779255424845136 0.876185241429702 5.84526373174173 0.0909904345192216 3.02068004208089 0.179851878428922
H3K27ac_Hnisz.extend.500.bedL2_0 -0.422438682707588 0.662077935817774 -1.57601793314277 0.622750979455991 2.55747189371351 0.321670339247489 6.3047503838119 0.0760595918738518 1.71258306394179 0.697542835748831
H3K27ac_PGC2.bedL2_0 -4.49978172636091 0.43436516970605 -12.5987375207735 0.245230984059536 -0.177866229184965 0.750071588305197 5.21499786905659 0.534594350463814 3.12330531452675 0.565966006849288
H3K27ac_PGC2.extend.500.bedL2_0 -3.23637094782005 0.382440431728882 -5.74560603346582 0.396025027462161 1.25382534074741 0.919949526264297 5.02477051473386 0.338267573538936 -5.02576565543304 0.0120100096129825
H3K4me1_peaks_Trynka.bedL2_0 5.83661620934534 0.788153087779095 -11.9410749597794 0.660369100682158 11.5129170010165 0.218991769581866 13.6905062480662 0.413293161689688 5.0430546656417 0.663905338250388
H3K4me1_Trynka.bedL2_0 6.57357981419978 0.422413743377073 1.86768460133155 0.930574447720276 0.741970537067898 0.92864764370675 1.68424085344879 0.895917544943005 2.70241182660271 0.573268491039872
H3K4me1_Trynka.extend.500.bedL2_0 2.47496727964901 0.596280939800019 0.158835664224617 0.827964197454626 0.596730081944597 0.747614345960115 0.619826963650003 0.864753926293395 2.49820840428383 0.253020512257124
H3K4me3_peaks_Trynka.bedL2_0 -12.5157214224933 0.706004108496667 40.2818942986035 0.484557885982365 -2.86844267704431 0.836936020244585 -52.3148302569234 0.165479404647775 -35.743018860095 0.0690924834045145
H3K4me3_Trynka.bedL2_0 9.77102495331745 0.422364297648387 -16.8116764738903 0.326610210185324 8.8089051206358 0.146186480610959 -25.2528815308904 0.00892387651573527 -7.89859150381274 0.149981315605005
H3K4me3_Trynka.extend.500.bedL2_0 -4.80875731712573 0.47268237340602 4.76095546545254 0.700761389118539 5.69957120892991 0.144642134184559 4.91901253536519 0.466305627977053 -0.0890831904252963 0.682773592446428
H3K9ac_peaks_Trynka.bedL2_0 -2.78778923920822 0.92645366880334 -54.7496969935939 0.475049339916692 8.36550061918598 0.739456494664598 -47.1157509205635 0.299154210679132 -28.2305492169366 0.200840409582974
H3K9ac_Trynka.bedL2_0 -13.6919319972102 0.385349317064654 -18.1347924827829 0.358494472286063 7.57878682495914 0.341316410282168 -20.5280839605393 0.115301904892118 -4.82286260422301 0.351374036632628
H3K9ac_Trynka.extend.500.bedL2_0 0.745832976397964 0.978091331220397 8.90028891840035 0.478760676872158 7.41758866752798 0.0715169355994405 2.97308333763349 0.751693230008678 2.09165273223071 0.718055408011236
Intron_UCSC.bedL2_0 4.54246354510416 0.141987243632437 -2.83993391845449 0.365060826259349 1.54063848663805 0.653341621811516 3.29124241249345 0.317838421243538 0.1868847158758 0.490468841072405
Intron_UCSC.extend.500.bedL2_0 1.59593560430538 0.762468338272899 0.411631653408036 0.858082659580248 1.07078102786109 0.936088475858375 6.43745459697341 0.00355095730592182 0.775199864434301 0.818169161202191
PromoterFlanking_Hoffman.bedL2_0 -60.5595360389869 0.476263914631856 -76.1118568318196 0.512395637830941 -7.54660256777699 0.833810586192285 39.9427160686286 0.64267780347395 -27.3150591321978 0.49109559005649
PromoterFlanking_Hoffman.extend.500.bedL2_0 1.0411575913398 0.99872833442584 20.4686150886675 0.688188756807422 30.5364308231126 0.028842674772212 7.58317016209404 0.815939554997844 -9.09122155618696 0.462113299491114
Promoter_UCSC.bedL2_0 -9.759462605799 0.730129549741102 62.554911064321 0.211597568905247 -11.0125980779753 0.382108915713415 -9.79550479247792 0.678817709723056 12.0075228420902 0.45575946877775
Promoter_UCSC.extend.500.bedL2_0 -9.1331539650202 0.500667445533981 25.6721790633736 0.335629911433385 0.642043497980802 0.960488163448611 -1.87116845174686 0.86062403777193 -8.61667643074226 0.227787040497064
Repressed_Hoffman.bedL2_0 1.30929050759372 0.950525920726149 -2.48052467561747 0.728100707573549 1.92979137504843 0.737854388555678 10.7530502354201 0.040422788681034 1.76966712404208 0.767711793963957
Repressed_Hoffman.extend.500.bedL2_0 2.15828011669973 0.374765448768234 -0.526672243385766 0.4789834803764 1.53787374643174 0.428205512547763 -0.152651329286023 0.372091293110376 1.15578295970104 0.828310928997963
SuperEnhancer_Hnisz.bedL2_0 -4.19261533582936 0.192906896381516 -2.1396249921982 0.66807650128485 0.670269841666365 0.863484779433639 3.52197028145209 0.530395318946389 2.73443148248139 0.405015165484036
SuperEnhancer_Hnisz.extend.500.bedL2_0 -6.58302787522195 0.0404308203290377 -4.99009231757362 0.439903859214152 0.96705778504139 0.985010166463593 2.78626010408494 0.637185242895569 3.80763779058529 0.165887931108097
TFBS_ENCODE.bedL2_0 1.91587551353831 0.958135841847409 -29.4555812922033 0.306128541328174 -0.870891289884297 0.853464863585408 -21.3894841201812 0.206377018863152 6.27690990706439 0.582616033540494
TFBS_ENCODE.extend.500.bedL2_0 -15.6958952405763 0.0273901550415032 2.67341086637997 0.87258024729452 -3.27028885359338 0.191407162445098 -19.3701119141451 0.00321903577096581 4.98027648382658 0.283308656133062
Transcribed_Hoffman.bedL2_0 -1.86360491799695 0.636397848206675 2.05932681382169 0.929107970291643 2.33614171200576 0.68227557226816 -13.5718554421103 0.0228978777650086 -0.814568632884541 0.552131980041428
Transcribed_Hoffman.extend.500.bedL2_0 4.18194094627226 0.216369374433269 4.79887499475831 0.374555808764929 0.0519150197621321 0.37105827218582 5.62060704132892 0.0405004351259354 -0.63887008555214 0.196994381207547
TSS_Hoffman.bedL2_0 -29.8987587079001 0.453392309898445 -67.1393560141867 0.367437125587802 0.984583532646932 0.999500492796767 -56.3456032309918 0.218923968621322 2.8658250022614 0.951646084024285
TSS_Hoffman.extend.500.bedL2_0 -34.8879027109886 0.137199784112633 -10.3493347815561 0.807180196526228 11.2091814991338 0.376809441021932 17.4561617628028 0.544564257691613 9.57521801412098 0.494931411772291
UTR_3_UCSC.bedL2_0 -2.68399136471938 0.938097088720906 151.076983575624 0.0848044132043184 12.3023218804283 0.608997895344528 18.097960456112 0.711511417154826 40.5779231730617 0.293519694138161
UTR_3_UCSC.extend.500.bedL2_0 -9.82327172161936 0.684401505203166 19.3248662559492 0.669226697605659 5.30150470857821 0.687010700633262 31.5269532817661 0.237463574220958 16.683057250869 0.257967192797473
UTR_5_UCSC.bedL2_0 -43.6984087621871 0.486452962556504 -105.99565261051 0.337833594386839 42.4453196850892 0.304997762215607 -40.3627180154285 0.518216513831985 22.0673708523389 0.593012856640351
UTR_5_UCSC.extend.500.bedL2_0 -23.4364991419645 0.17676633637248 24.2648464393593 0.689860076385294 2.55768393472863 0.906162484074427 -16.1482853637979 0.373675276815884 6.15081711976858 0.637455220578146
WeakEnhancer_Hoffman.bedL2_0 -24.4688457134139 0.645091691299658 -103.56535872784 0.267467803430329 -6.17275567678222 0.786684296642089 113.626915267226 0.0352174832884535 38.9884280642517 0.260210138343619
WeakEnhancer_Hoffman.extend.500.bedL2_0 4.44913490457185 0.847224985427018 49.4377183170644 0.064649995776246 -10.6954127105161 0.163418639139142 10.2166419535034 0.558165327256946 -5.86288125197066 0.389205506218685
