Category LV90-Enrichment LV90-Enrichment_p LV50-Enrichment LV50-Enrichment_p LV104-Enrichment LV104-Enrichment_p LV47-Enrichment LV47-Enrichment_p LV81-Enrichment LV81-Enrichment_p LV120-Enrichment LV120-Enrichment_p
baseL2_0 1 NA 1 NA 1 NA 1 NA 1 NA 1 NA
Coding_UCSC.bedL2_0 -6.64723404796855 0.00128820559297942 0.463292743301383 0.738153908371709 -4.94280183227445 0.043617601773482 -2.55056036737781 0.0601020338583837 -2.9826510229119 0.222676833750578 -3.45920560895007 0.0138478287040244
Coding_UCSC.extend.500.bedL2_0 0.523846993685811 0.334752165854256 0.406722378573406 0.138942756308462 0.346977238433886 0.146390289659887 0.582450378356662 0.290188492869399 0.737244617240182 0.509319168881854 0.451427996726539 0.174775686127096
Conserved_LindbladToh.bedL2_0 -0.879756923766178 0.272306199012669 0.748461483379318 0.876569066823345 -3.38079047756697 0.0148187403440975 0.0299290474648894 0.575429625610867 -1.23990801209879 0.303085430219693 0.697104523848098 0.865237177003222
Conserved_LindbladToh.extend.500.bedL2_0 1.42054537114962 0.00265600992890076 1.35642226537588 0.0135950173884431 1.46711181731835 0.000654316096517608 1.33540258833957 0.0224741251912634 1.29692972776995 0.0345596615383708 1.3548861093288 0.0127832816950664
CTCF_Hoffman.bedL2_0 1.3896103656723 0.842407132696754 1.01162513421487 0.99493744460601 -0.34475179830254 0.554311063245138 1.27293652313271 0.877285746477063 -0.360249967932898 0.571460621162549 -0.249287954562188 0.565219575313037
CTCF_Hoffman.extend.500.bedL2_0 2.47951647771737 0.0223734640370335 2.60513241709474 0.00984462224324204 1.57086441875612 0.441628279746862 2.61724073108233 0.00842859887562021 2.24291641038783 0.0527333017163641 1.94683838747256 0.220043869706817
DGF_ENCODE.bedL2_0 0.0527059282784948 0.235904477131566 0.714716019628235 0.708769971146443 1.91084587695982 0.27960863219822 1.86633858554256 0.228383065728391 1.48389145166071 0.560879280898945 1.44021334012913 0.597735663105902
DGF_ENCODE.extend.500.bedL2_0 1.5639847525177 9.06328644810667e-07 1.61759469631992 1.02377797333822e-07 1.73831308455435 8.36458814112046e-09 1.51522805210263 1.20626307952841e-06 1.5466098023838 0.000879183660718078 1.59713391475266 1.48884797652516e-06
DHS_peaks_Trynka.bedL2_0 3.36887210104804 0.0110982952127397 1.33039887050244 0.732771960966001 2.11663701527996 0.369270547878215 1.73458253189565 0.399578728912875 1.4369129844285 0.682731212972774 1.54286502052025 0.659641302230201
DHS_Trynka.bedL2_0 1.82614949751787 0.307000527332624 2.63749017429289 0.031716737256914 2.61841085338288 0.0726486481771999 1.92017778797483 0.18443837952279 2.08686343102335 0.19689870221321 2.14150641950826 0.16412875265662
DHS_Trynka.extend.500.bedL2_0 1.88367700913084 1.88368409671149e-11 1.7120209099009 2.996337904302e-08 1.88211893125594 1.15743116218881e-10 1.83854154622363 3.87494124616148e-10 1.77312848262248 4.50423660242184e-08 1.73324701787778 9.47889240694283e-07
Enhancer_Andersson.bedL2_0 -0.16655918668079 0.798365722740719 -4.65901670272945 0.232492194880576 3.62662858357123 0.628538118075586 -5.3371958700408 0.275951312500305 -0.0554844003701048 0.808351790813208 2.80335711754644 0.733412853898416
Enhancer_Andersson.extend.500.bedL2_0 3.2250922353411 0.0436324487363412 3.64544343907111 0.017378480155521 2.72508501093222 0.224717661923935 4.25024303624647 0.0024895771023544 3.77136001378572 0.00551852004253844 3.66851603682901 0.0328006570559482
Enhancer_Hoffman.bedL2_0 2.40147735807228 0.156202478512299 1.41733288427637 0.644159236552629 3.27747384564188 0.0265992440856148 2.11369920103733 0.251445779316806 2.61609182207 0.119140898027598 3.42785215456023 0.0289192573899133
Enhancer_Hoffman.extend.500.bedL2_0 1.46898372055204 0.320920267961289 1.72420006729399 0.106948562585575 2.00698605782836 0.0202314199543868 1.61799218170086 0.129534066005855 2.15414621536831 0.00622613031220897 1.25663831759357 0.593367430810412
FetalDHS_Trynka.bedL2_0 3.43656175500151 0.0139960115639879 2.4659860198649 0.18076127872713 2.07691679366352 0.362673592795875 2.21217063437206 0.238852220526624 2.90557066323792 0.0807027852725426 1.47124909902695 0.690871087539256
FetalDHS_Trynka.extend.500.bedL2_0 2.81455528727963 6.15651682716401e-13 2.95758211250428 1.0614246889863e-12 2.77837769487341 3.45998088057995e-10 2.52849168011808 8.22820490338671e-10 2.79998110950514 2.07746970595794e-11 2.42455023401117 3.47121207936325e-07
H3K27ac_Hnisz.bedL2_0 1.44797346318079 2.14494910696032e-07 1.40904095017379 9.13435134384881e-06 1.30033765538669 0.00225840808898342 1.46856794340975 9.16673034177959e-09 1.36534683383221 6.25083796403031e-05 1.35333795882105 0.000300055160862473
H3K27ac_Hnisz.extend.500.bedL2_0 1.41263019535733 2.15720332385146e-05 1.39846249368621 9.53575636653957e-05 1.32107186120096 0.000951942315940524 1.33912209940566 0.000210029823655556 1.42473287597156 8.18782124707842e-06 1.44967551716266 4.78579044315064e-06
H3K27ac_PGC2.bedL2_0 1.35977544111607 0.0958995506331097 1.57377532686476 0.00271357076995998 1.54742397247044 0.0591304251644314 1.55786843993829 0.0025439394808289 1.32654733859534 0.0707848479022523 1.41157530290286 0.0509610067548078
H3K27ac_PGC2.extend.500.bedL2_0 1.31885034446201 0.00980249894001844 1.35945514664344 0.006695998033799 1.55128127403324 0.000435839439476385 1.27946673934653 0.0226619426431213 1.28094018352547 0.0235905458882928 1.2142807054601 0.214347386592671
H3K4me1_peaks_Trynka.bedL2_0 1.14567273080456 0.758276734635261 0.430056032950195 0.242322613267758 1.17381093649315 0.74652842310828 0.183536202073639 0.115786372591204 1.06303779509661 0.905046262121195 1.68778220142254 0.215841848607336
H3K4me1_Trynka.bedL2_0 1.40333354682023 0.012810986677441 1.40020256672258 0.0231143949486609 1.59702737954504 0.000732416699516755 1.15238229768871 0.357672569149064 1.21865378550123 0.22515559705319 1.46409047546761 0.00722857318080072
H3K4me1_Trynka.extend.500.bedL2_0 1.61112984939625 5.78789851681201e-12 1.56174515523508 2.88008957463809e-14 1.55187307941482 1.23975468224581e-10 1.53475256317888 3.18223992339236e-13 1.60114954107442 4.93231878956891e-11 1.52623864593094 4.08924504710603e-08
H3K4me3_peaks_Trynka.bedL2_0 1.68000146587707 0.538602997617461 0.623376258779412 0.741886528129564 1.57423457461307 0.719344256727891 0.0618602556129732 0.587400231004392 0.587073468857224 0.787454920677848 1.12563707089381 0.921193713827475
H3K4me3_Trynka.bedL2_0 1.54517840043512 0.140640918466612 1.61204872774189 0.136302448854562 1.56886986033948 0.153960147499456 1.34661780205242 0.378760843119817 1.55927586689124 0.137933838967498 1.6331102832543 0.0818383885997575
H3K4me3_Trynka.extend.500.bedL2_0 1.58564829274454 0.00316595236008234 1.40724110979868 0.0232864994725408 1.56330950784915 0.0102876946213905 1.439081976766 0.0197369770328449 1.54372367186532 0.0130940826784331 1.68399288048195 0.0114442171666642
H3K9ac_peaks_Trynka.bedL2_0 1.64957724540329 0.621073197412969 -1.14873964778466 0.135140006071889 -1.05702790384178 0.18578045750688 3.20837412785381 0.126554215434702 -0.644555271988166 0.309587985510182 0.305813618686234 0.656859408475641
H3K9ac_Trynka.bedL2_0 1.48029195438833 0.305554719902568 1.77033471072207 0.0636729209157129 0.750718645087256 0.63756869221624 1.62204764745073 0.0586830165996495 0.945876474276501 0.916767429190826 1.06910121578004 0.875555512569542
H3K9ac_Trynka.extend.500.bedL2_0 1.41153048128363 0.0354829654137808 1.57327683538987 0.0068944065639132 1.82545950279124 0.000787639550693803 1.58402746529807 0.0011111285964182 1.6133996969087 0.00239125246454136 1.83262365315746 0.000911850827154571
Intron_UCSC.bedL2_0 1.13757805698842 0.0516112797824851 0.918875771820216 0.147380077639938 1.04069949431996 0.643706563072632 0.971488340743051 0.667938403192942 0.962846880856557 0.685020522982149 1.0566219045236 0.432287004830492
Intron_UCSC.extend.500.bedL2_0 0.892996932297401 0.0266015435183465 0.900689008782377 0.0262957457697727 0.828593526848113 0.000913004373886346 0.884636040531719 0.0145969389153072 0.871036198200992 0.0262377383708237 0.90438559079516 0.08306642090966
PromoterFlanking_Hoffman.bedL2_0 -6.53119805833782 0.0287295214868641 2.94244782916686 0.492365339145376 -7.14130309048977 0.0213934691192297 -0.846839295242358 0.499042450829941 3.17100477538236 0.490996458866904 5.64188263346622 0.15216424202674
PromoterFlanking_Hoffman.extend.500.bedL2_0 -0.570005373438591 0.120772219041641 0.815269449096699 0.856046987909792 0.951076673467728 0.958881020895375 1.19825743767363 0.824948163916356 1.35388252314211 0.697000347523919 0.82606449173115 0.870275744361661
Promoter_UCSC.bedL2_0 0.844846667706332 0.855578671866488 1.58990164245359 0.498201998777655 -0.626351894835859 0.430745710208453 0.330765143558086 0.637125153827153 0.721425506695201 0.916643104358608 0.802221935050566 0.85751618126797
Promoter_UCSC.extend.500.bedL2_0 1.71886127403076 0.197763768285167 1.30675192682019 0.576403417750489 1.39794102582123 0.422939368700273 1.83788444685689 0.134303071627755 0.846187937571126 0.860046147302351 1.89869679741554 0.055600197048356
Repressed_Hoffman.bedL2_0 1.32341386809874 0.0316448677360641 1.31195480552492 0.0256037135444498 1.33483629832126 0.0676908195671115 1.39143924106215 0.0133187981080351 1.35521744382149 0.0197730652734224 1.24928834518055 0.0973030190679976
Repressed_Hoffman.extend.500.bedL2_0 0.95064837687268 0.172301666450266 0.941762734235915 0.094134792330493 0.942349919961899 0.0837387697365979 0.969632775384058 0.425473770322593 0.968902024308049 0.520506997470938 0.997167754408501 0.943174567903175
SuperEnhancer_Hnisz.bedL2_0 1.50472561268189 2.80112136886486e-06 1.58374878370374 9.39372893979973e-08 1.58305563795975 7.08131961277449e-06 1.6066431173055 6.5365963762303e-07 1.48141816077604 8.42299116545243e-05 1.46077104125308 2.24331423945141e-05
SuperEnhancer_Hnisz.extend.500.bedL2_0 1.40386135388591 3.88335854648519e-05 1.54087600638985 1.35076963379062e-07 1.52220726789012 7.83801379671467e-06 1.44344612935149 0.000154517362292083 1.49837189691965 1.02824448745089e-05 1.40407040166932 0.000673409828081807
TFBS_ENCODE.bedL2_0 2.49223646070599 0.0133742447116246 1.2307160670848 0.749002574231637 1.95153516642881 0.216560086019754 1.72665059143316 0.241296049694169 1.54962312857774 0.480259644039059 1.02501830663623 0.97796135785727
TFBS_ENCODE.extend.500.bedL2_0 2.15260255080375 1.53414012421862e-09 1.92738202591477 2.44489628388742e-05 2.10489698709994 1.80766656220127e-07 1.97646333568767 5.45540653919121e-06 1.66767240242877 0.00223747531282455 1.96093346573508 9.21883927309439e-07
Transcribed_Hoffman.bedL2_0 0.191363858646652 3.36658936930972e-05 0.153913524852466 4.96843731095291e-07 0.145449595615491 2.24685655816279e-05 0.1277595908958 7.64779977387169e-06 0.204288817428274 4.29525620346742e-05 0.40132440274938 0.0031739443942043
Transcribed_Hoffman.extend.500.bedL2_0 0.934683044206854 0.231870423222078 0.881224165396248 0.0182465893735345 0.941518443375305 0.34730897440412 0.907948834716231 0.0480817365190412 0.970520099852823 0.614989730745788 0.888423292414505 0.0306933015171971
TSS_Hoffman.bedL2_0 2.17099319528801 0.434589528459204 1.74683590954636 0.611079212336365 1.85299961656368 0.576854416514999 1.11559821207236 0.935595123948968 1.08873363951712 0.976722602279055 -0.163619222776013 0.411211511672519
TSS_Hoffman.extend.500.bedL2_0 1.21728662164559 0.762850555762503 2.51387185276445 0.0505413626280885 2.62525616126851 0.0328876520066699 1.58498592806258 0.437372855673299 2.46989487690489 0.0578102110678939 2.26498915543212 0.106952773757912
UTR_3_UCSC.bedL2_0 -0.590005211266691 0.258328037369996 0.483307458630204 0.724160126533649 -0.670590712776809 0.244324288809899 0.916991140143611 0.956924450911968 -1.18545913059641 0.244553875138519 0.63448883749676 0.801784932707871
UTR_3_UCSC.extend.500.bedL2_0 0.779348914600678 0.794273637012202 0.0555556242765667 0.194876811668136 -0.246416439867274 0.0467204752598113 0.198345158904353 0.268162385345286 -1.04435432362277 0.122178553264497 0.138248978510286 0.194962223720979
UTR_5_UCSC.bedL2_0 -0.0184350656466488 0.73836720543911 -0.277253479000095 0.585966456783507 -0.776980678024099 0.534779595768925 -5.35552065107203 0.0315654006502465 -1.7862881918586 0.392129221783359 0.696647261570525 0.907199236622808
UTR_5_UCSC.extend.500.bedL2_0 0.240801021283396 0.29602674008896 0.846480374341332 0.810337645476319 0.366728211913518 0.424663608252741 0.0922900437791124 0.17002812714924 0.559172081242564 0.589529932690232 -0.279619873298613 0.0786256146523864
WeakEnhancer_Hoffman.bedL2_0 3.3917783905799 0.29930515398265 5.84960690681663 0.0189437417935069 5.35382508671106 0.0466811003436344 3.65692240048302 0.170276302587174 5.73812322498526 0.0355164906048063 4.11646008303437 0.149467240643907
WeakEnhancer_Hoffman.extend.500.bedL2_0 3.45890791188818 7.89753299338992e-10 3.2859758028634 4.78819006068233e-08 2.76831782013603 0.000476298848498695 2.7776543657453 0.000227060269934802 2.43223628685238 0.00526895240644861 3.4313154420313 3.45441328872965e-06
