factor num_snp_fdr<0.2 num_snp_noMHC pval_in_fitting slope_in_fitting rsq_in_fitting pval_in_resampling
EUR.CD_pwy121_pc3 2 2 0.032 -0.487 0.998 0.089
EUR.CD_pwy139_pc5 2 2 0.162 -0.247 0.937 0.243
EUR.CD_pwy151_pc3 2 2 0.011 0.575 1 0.03
EUR.CD_pwy152_pc5 2 0 0.032 0.508 0.998 0.028
EUR.CD_pwy154_pc4 2 2 0.073 0.278 0.987 0.094
EUR.CD_pwy156_pc5 2 2 0.408 -0.374 0.643 0.415
EUR.CD_pwy180_pc1 2 2 0.008 -0.478 1 0.011
EUR.CD_pwy185_pc4 2 1 0.018 -0.339 0.999 0.041
EUR.CD_pwy190_pc3 2 2 0.946 0.038 0.007 0.837
EUR.CD_pwy201_pc1 2 2 0.089 -0.51 0.98 0.102
EUR.CD_pwy208_pc3 2 2 0.249 1.186 0.854 0.489
EUR.CD_pwy210_pc4 2 2 0.063 0.415 0.99 0.084
EUR.CD_pwy214_pc1 2 2 0.994 0.008 0 0.986
EUR.CD_pwy240_pc3 2 2 0.048 0.466 0.994 0.056
EUR.CD_pwy257_pc1 2 1 0.066 0.87 0.989 0.171
EUR.CD_pwy259_pc5 2 2 0.106 0.358 0.973 0.114
EUR.CD_pwy267_pc2 2 2 0.026 -0.568 0.998 0.071
EUR.CD_pwy275_pc4 2 0 0.083 0.713 0.983 0.098
EUR.CD_pwy298_pc5 2 2 0.064 0.286 0.99 0.091
EUR.CD_pwy321_pc2 2 1 0.069 0.325 0.988 0.18
EUR.CD_pwy321_pc5 3 1 0.02 0.664 0.959 0.028
EUR.CD_pwy323_pc3 2 1 0.129 0.995 0.96 0.093
EUR.CD_pwy324_pc2 2 1 0.43 1.39 0.609 0.537
EUR.CD_pwy325_pc2 2 1 0.055 0.378 0.993 0.139
EUR.CD_pwy328_pc5 2 2 0.217 -1.363 0.889 0.294
EUR.CD_pwy42_pc2 3 3 0.002 -0.746 0.996 0.004
EUR.CD_pwy69_pc4 2 2 0.995 -0.005 0 0.989
EUR.IBD_pwy104_pc3 2 2 0.566 0.343 0.397 0.509
EUR.IBD_pwy122_pc2 2 2 0.643 -0.315 0.283 0.526
EUR.IBD_pwy127_pc3 2 2 0.25 -0.544 0.853 0.422
EUR.IBD_pwy156_pc5 2 2 0.014 -0.374 1 0.008
EUR.IBD_pwy162_pc4 2 2 0.11 0.4 0.971 0.29
EUR.IBD_pwy174_pc4 2 1 0.122 0.471 0.964 0.214
EUR.IBD_pwy174_pc5 2 1 0.21 -0.162 0.895 0.284
EUR.IBD_pwy185_pc4 2 1 0.173 0.353 0.928 0.241
EUR.IBD_pwy193_pc4 2 1 0.219 0.164 0.887 0.284
EUR.IBD_pwy208_pc3 3 3 0.038 0.587 0.926 0.16
EUR.IBD_pwy238_pc3 2 1 0.042 0.249 0.996 0.167
EUR.IBD_pwy238_pc5 2 1 0.032 0.52 0.998 0.054
EUR.IBD_pwy261_pc5 2 2 0.879 0.117 0.036 0.674
EUR.IBD_pwy281_pc5 2 1 0.185 -0.188 0.918 0.281
EUR.IBD_pwy320_pc2 2 1 0.229 0.15 0.877 0.284
EUR.IBD_pwy321_pc5 2 1 0.169 0.664 0.931 0.42
EUR.IBD_pwy322_pc4 2 1 0.179 -0.169 0.923 0.28
EUR.IBD_pwy325_pc5 2 1 0.008 0.527 1 0.013
EUR.IBD_pwy331_pc4 2 1 0.057 0.2 0.992 0.194
EUR.IBD_pwy331_pc5 2 1 0.177 0.185 0.925 0.062
EUR.IBD_pwy42_pc2 3 3 0.001 -0.61 0.999 0
EUR.UC_pwy142_pc5 2 1 0.171 0.477 0.93 0.343
EUR.UC_pwy152_pc5 2 2 0.14 0.519 0.953 0.081
EUR.UC_pwy206_pc1 2 2 0.914 0.114 0.018 0.797
EUR.UC_pwy219_pc5 2 1 0.159 -0.522 0.939 0.339
EUR.UC_pwy226_pc3 2 2 0.035 0.672 0.997 0.097
EUR.UC_pwy238_pc5 2 1 0.587 -0.438 0.366 0.555
EUR.UC_pwy253_pc1 2 0 0.538 0.439 0.44 0.568
EUR.UC_pwy261_pc5 2 2 0.863 0.154 0.046 0.672
EUR.UC_pwy267_pc3 3 3 0.666 -0.268 0.111 0.694
EUR.UC_pwy281_pc3 2 1 0.072 -0.89 0.987 0.222
EUR.UC_pwy29_pc4 2 2 0.951 -0.047 0.006 0.862
EUR.UC_pwy307_pc1 2 1 0.249 -0.694 0.854 0.375
EUR.UC_pwy321_pc5 2 1 0.526 -0.423 0.459 0.523
EUR.UC_pwy324_pc2 2 1 0.091 1.23 0.98 0.062
EUR.UC_pwy325_pc5 2 1 0.591 -0.469 0.358 0.555
EUR.UC_pwy55_pc5 2 2 0.487 0.189 0.52 0.506
EUR.UC_pwy68_pc3 2 2 0.823 -0.205 0.076 0.636
EUR.UC_pwy93_pc2 3 2 0.622 -0.232 0.143 0.556
T1D_pwy121_pc4 2 2 0.035 -0.307 0.997 0.022
T1D_pwy142_pc1 3 3 0.027 -0.85 0.946 0.054
T1D_pwy188_pc5 2 2 0.047 0.246 0.994 0.048
T1D_pwy191_pc1 2 2 0.121 -0.831 0.964 0.101
T1D_pwy221_pc3 2 2 0.186 -1.041 0.917 0.27
T1D_pwy235_pc1 2 2 0.059 -0.677 0.991 0.143
T1D_pwy237_pc3 2 2 0.271 0.877 0.829 0.381
T1D_pwy25_pc1 2 2 0.015 0.9 0.999 0.042
T1D_pwy295_pc3 2 2 0.024 0.22 0.999 0.012
T1D_pwy311_pc3 3 3 0.002 0.301 0.996 0.007
T1D_pwy51_pc5 3 3 0.266 -0.838 0.539 0.25
T1D_pwy70_pc3 2 2 0.635 -1.232 0.294 0.546
allergy_pwy124_pc3 2 2 0.054 0.126 0.993 0.125
allergy_pwy142_pc5 2 2 0.903 0.014 0.023 0.756
allergy_pwy151_pc1 2 2 0.934 -0.014 0.011 0.835
allergy_pwy167_pc2 2 2 0.766 0.034 0.129 0.552
allergy_pwy174_pc3 2 2 0.723 0.036 0.177 0.532
allergy_pwy182_pc2 2 2 0.738 -0.034 0.16 0.534
allergy_pwy182_pc4 2 2 0.705 -0.107 0.2 0.656
allergy_pwy183_pc1 2 2 0.733 -0.043 0.165 0.534
allergy_pwy183_pc2 2 2 0.159 -0.063 0.939 0.334
allergy_pwy197_pc3 2 2 0.022 -0.112 0.999 0.06
allergy_pwy207_pc1 2 2 0.871 -0.025 0.041 0.737
allergy_pwy209_pc1 2 2 0.836 -0.054 0.065 0.649
allergy_pwy210_pc3 2 2 0.886 0.015 0.032 0.728
allergy_pwy219_pc5 2 2 0.796 -0.032 0.099 0.594
allergy_pwy223_pc5 2 2 0.02 0.081 0.999 0.04
allergy_pwy224_pc5 2 2 0.03 0.1 0.998 0.046
allergy_pwy229_pc5 2 2 0.033 -0.108 0.997 0.097
allergy_pwy245_pc2 3 3 0.004 -0.28 0.993 0.017
allergy_pwy246_pc1 2 2 0.715 -0.106 0.187 0.605
allergy_pwy249_pc3 2 2 0.13 -0.192 0.959 0.278
allergy_pwy254_pc1 2 2 0.848 0.03 0.056 0.657
allergy_pwy255_pc2 2 2 0.669 -0.064 0.246 0.526
allergy_pwy258_pc2 2 2 0.681 -0.062 0.231 0.526
allergy_pwy281_pc2 2 2 0.888 0.015 0.031 0.731
allergy_pwy282_pc4 2 2 0.742 -0.032 0.156 0.534
allergy_pwy311_pc4 2 2 0.945 -0.01 0.007 0.843
allergy_pwy320_pc1 2 2 0.892 -0.035 0.029 0.703
allergy_pwy325_pc3 2 2 0.908 -0.024 0.021 0.798
allergy_pwy331_pc3 3 3 0.44 -0.105 0.314 0.298
allergy_pwy43_pc3 2 2 0.591 -0.134 0.358 0.505
allergy_pwy69_pc3 2 2 0.928 -0.02 0.013 0.804
allergy_pwy70_pc4 2 2 0.027 0.156 0.998 0.021
allergy_pwy89_pc4 3 3 0.782 0.03 0.048 0.802
baso_pwy112_pc5 2 2 0.027 -0.072 0.998 0.109
baso_pwy117_pc2 2 2 0.071 0.103 0.988 0.207
baso_pwy135_pc5 2 2 0.892 -0.011 0.029 0.702
baso_pwy136_pc5 2 2 0.826 -0.014 0.073 0.678
baso_pwy190_pc1 2 2 0.35 -0.115 0.726 0.302
baso_pwy191_pc1 3 3 0.472 -0.12 0.279 0.418
baso_pwy210_pc3 2 2 0.907 0.013 0.021 0.709
baso_pwy217_pc2 2 2 0.966 -0.005 0.003 0.867
baso_pwy220_pc3 3 2 0.766 -0.018 0.055 0.788
baso_pwy221_pc1 2 2 0.027 0.098 0.998 0.052
baso_pwy235_pc1 2 2 0.141 0.139 0.951 0.351
baso_pwy238_pc5 3 2 0.539 0.03 0.212 0.474
baso_pwy240_pc1 3 3 0.035 0.171 0.931 0.155
baso_pwy246_pc1 4 4 0.567 -0.102 0.121 0.564
baso_pwy271_pc1 2 2 0.971 -0.005 0.002 0.89
baso_pwy276_pc2 2 2 0.457 0.075 0.567 0.49
baso_pwy281_pc2 2 2 0.008 -0.06 1 0.032
baso_pwy298_pc1 3 3 0.479 0.085 0.272 0.324
baso_pwy317_pc3 2 2 0.009 -0.15 1 0.013
baso_pwy319_pc1 2 2 0.037 0.092 0.997 0.085
baso_pwy319_pc2 2 2 0.029 0.118 0.998 0.024
baso_pwy320_pc1 3 3 0.338 0.123 0.439 0.264
baso_pwy322_pc3 2 1 0.94 -0.009 0.009 0.81
baso_pwy325_pc5 2 1 0.939 -0.008 0.009 0.856
baso_pwy52_pc1 2 2 0.109 0.365 0.971 0.265
baso_pwy70_pc1 2 2 0.982 0.003 0.001 0.936
baso_pwy7_pc1 2 1 0.498 -0.129 0.503 0.49
baso_pwy80_pc1 2 2 0.649 0.116 0.274 0.578
baso_pwy84_pc4 2 1 0.032 0.072 0.997 0.097
eo_pwy144_pc4 2 2 0.009 0.068 1 0.011
eo_pwy147_pc5 2 2 0.004 -0.062 1 0.002
eo_pwy156_pc4 2 2 0.08 -0.084 0.984 0.195
eo_pwy159_pc3 3 3 0.462 0.046 0.289 0.39
eo_pwy183_pc4 2 2 0.265 -0.095 0.837 0.343
eo_pwy190_pc3 2 2 0.963 0.005 0.003 0.918
eo_pwy191_pc1 2 2 0.533 -0.177 0.449 0.544
eo_pwy192_pc1 2 2 0.341 -0.263 0.74 0.526
eo_pwy197_pc4 2 2 0.065 0.066 0.99 0.075
eo_pwy198_pc4 2 2 0.945 0.009 0.007 0.863
eo_pwy211_pc3 3 3 0.856 0.016 0.021 0.862
eo_pwy218_pc4 2 2 0.037 0.081 0.997 0.099
eo_pwy235_pc3 2 2 0.013 -0.05 1 0.013
eo_pwy236_pc2 3 3 0.486 0.074 0.264 0.387
eo_pwy237_pc4 2 2 0.978 0.002 0.001 0.945
eo_pwy245_pc2 2 2 0.047 -0.152 0.995 0.119
eo_pwy265_pc4 2 2 0.956 0.004 0.005 0.886
eo_pwy266_pc5 3 3 0.318 0.054 0.465 0.256
eo_pwy279_pc2 2 2 0.802 0.025 0.094 0.745
eo_pwy283_pc1 2 2 0.009 -0.134 1 0.015
eo_pwy28_pc4 3 3 0.807 -0.018 0.037 0.84
eo_pwy290_pc4 3 3 0.524 0.027 0.227 0.468
eo_pwy304_pc3 3 3 0.892 0.006 0.012 0.889
eo_pwy41_pc2 2 2 0.944 -0.005 0.008 0.861
eo_pwy4_pc1 2 2 0.167 0.121 0.932 0.248
eo_pwy50_pc3 2 2 0.99 -0.001 0 0.978
eo_pwy52_pc4 2 2 0.117 -0.097 0.966 0.255
eo_pwy69_pc1 2 2 0.117 -0.14 0.967 0.234
eo_pwy86_pc4 2 2 0.872 -0.018 0.04 0.71
gran_pwy120_pc1 2 2 0.05 0.097 0.994 0.097
gran_pwy146_pc2 2 2 0.073 -0.113 0.987 0.212
gran_pwy146_pc3 2 2 0.703 -0.031 0.203 0.61
gran_pwy14_pc4 3 3 0.008 0.094 0.984 0.067
gran_pwy163_pc1 2 2 0.033 -0.089 0.997 0.137
gran_pwy166_pc5 2 2 0.135 0.113 0.956 0.362
gran_pwy171_pc1 2 2 0.775 0.092 0.12 0.585
gran_pwy182_pc4 2 2 0.154 -0.133 0.943 0.335
gran_pwy203_pc1 2 2 0.655 0.073 0.267 0.623
gran_pwy21_pc1 2 2 0.954 -0.007 0.005 0.826
gran_pwy251_pc1 2 2 0.964 0.005 0.003 0.908
gran_pwy268_pc1 2 2 0.83 -0.033 0.07 0.585
gran_pwy278_pc3 3 3 0.88 -0.016 0.014 0.917
gran_pwy295_pc5 2 2 0.576 -0.028 0.382 0.525
gran_pwy317_pc3 3 3 0.89 -0.019 0.012 0.9
gran_pwy322_pc3 2 1 0.932 -0.024 0.011 0.767
gran_pwy326_pc5 2 1 0.704 0.065 0.2 0.548
gran_pwy332_pc2 2 1 0.232 0.183 0.873 0.475
gran_pwy71_pc2 2 2 0.965 -0.005 0.003 0.891
gran_pwy71_pc3 2 2 0.914 -0.014 0.018 0.727
gran_pwy77_pc1 2 2 0.016 0.134 0.999 0.079
gran_pwy7_pc2 2 2 0.907 0.011 0.021 0.719
gran_pwy84_pc4 2 1 0.85 0.035 0.054 0.617
gran_pwy98_pc5 3 3 0.361 0.074 0.408 0.271
hct_pwy105_pc5 2 2 0.952 0.005 0.006 0.888
hct_pwy122_pc5 2 2 0.881 -0.011 0.035 0.762
hct_pwy140_pc5 2 2 0.161 -0.076 0.937 0.367
hct_pwy162_pc5 2 2 0.916 0.009 0.017 0.795
hct_pwy179_pc4 2 2 0.24 0.081 0.865 0.444
hct_pwy185_pc5 2 2 0.884 0.021 0.033 0.683
hct_pwy186_pc3 2 2 0.029 0.127 0.998 0.096
hct_pwy210_pc2 2 2 0.03 -0.125 0.998 0.032
hct_pwy213_pc1 2 2 0.013 0.107 1 0.035
hct_pwy213_pc2 2 2 0.843 -0.039 0.06 0.636
hct_pwy217_pc4 2 2 0.234 0.069 0.871 0.407
hct_pwy226_pc5 2 2 0.776 -0.021 0.118 0.611
hct_pwy240_pc3 2 2 0.742 0.034 0.156 0.572
hct_pwy241_pc4 2 2 0.938 0.01 0.009 0.917
hct_pwy24_pc5 2 2 0.929 -0.011 0.012 0.806
hct_pwy257_pc5 2 2 0.099 0.061 0.976 0.076
hct_pwy259_pc5 2 2 0.108 0.072 0.972 0.085
hct_pwy278_pc2 2 2 0.011 -0.057 1 0.047
hct_pwy285_pc3 2 2 0.94 -0.009 0.009 0.816
hct_pwy292_pc4 2 2 0.178 -0.073 0.923 0.38
hct_pwy316_pc3 2 2 0.394 -0.109 0.664 0.466
hct_pwy33_pc2 2 2 0.966 -0.006 0.003 0.949
hct_pwy43_pc1 2 2 0.559 -0.08 0.408 0.534
hct_pwy91_pc3 2 2 0.175 0.183 0.926 0.384
hgb_pwy112_pc5 2 2 0.405 0.046 0.647 0.437
hgb_pwy140_pc4 2 2 0.901 0.008 0.024 0.724
hgb_pwy166_pc5 2 1 0.094 -0.076 0.979 0.269
hgb_pwy177_pc1 2 2 0.151 0.073 0.945 0.367
hgb_pwy185_pc5 3 3 0.643 0.035 0.128 0.644
hgb_pwy193_pc2 2 1 0.136 0.094 0.955 0.247
hgb_pwy210_pc2 3 3 0.389 -0.077 0.374 0.341
hgb_pwy213_pc4 2 2 0.302 -0.057 0.791 0.152
hgb_pwy219_pc5 2 2 0.004 0.063 1 0.001
hgb_pwy238_pc5 2 0 0.103 0.077 0.974 0.076
hgb_pwy23_pc5 2 2 0.016 0.066 0.999 0.054
hgb_pwy259_pc5 2 2 0.046 0.067 0.995 0.038
hgb_pwy260_pc1 2 2 0.966 -0.007 0.003 0.951
hgb_pwy263_pc1 2 1 0.136 -0.132 0.955 0.323
hgb_pwy278_pc4 2 2 0.131 -0.124 0.958 0.346
hgb_pwy281_pc2 2 2 0.058 -0.063 0.992 0.208
hgb_pwy282_pc4 2 2 0.029 0.044 0.998 0.11
hgb_pwy286_pc1 2 2 0.743 0.039 0.154 0.629
hgb_pwy296_pc5 2 2 0.902 0.008 0.024 0.726
hgb_pwy321_pc5 2 0 0.09 0.083 0.98 0.073
hgb_pwy325_pc5 2 0 0.087 0.085 0.981 0.072
hgb_pwy33_pc2 2 2 0.966 -0.005 0.003 0.947
lymph_pwy101_pc2 2 2 0.001 0.056 1 0.001
lymph_pwy102_pc1 2 2 0.948 -0.008 0.007 0.901
lymph_pwy111_pc5 2 2 0.608 -0.053 0.333 0.507
lymph_pwy112_pc1 3 3 0.065 0.12 0.875 0.189
lymph_pwy113_pc1 2 2 0.103 -0.107 0.974 0.21
lymph_pwy118_pc3 3 3 0.337 -0.072 0.439 0.249
lymph_pwy119_pc1 4 4 0.388 -0.028 0.253 0.389
lymph_pwy119_pc2 2 2 0.894 -0.008 0.028 0.758
lymph_pwy120_pc5 4 4 0.934 -0.002 0.003 0.903
lymph_pwy121_pc4 2 2 0.702 -0.056 0.203 0.532
lymph_pwy121_pc5 2 2 0.024 -0.061 0.999 0.048
lymph_pwy125_pc1 2 2 0.05 0.133 0.994 0.146
lymph_pwy127_pc3 3 3 0.453 0.059 0.299 0.326
lymph_pwy135_pc3 2 2 0.27 0.201 0.831 0.462
lymph_pwy136_pc3 3 3 0.644 -0.087 0.126 0.596
lymph_pwy138_pc2 2 2 0.568 0.104 0.394 0.507
lymph_pwy142_pc3 3 3 0.013 -0.082 0.975 0.097
lymph_pwy143_pc3 2 2 0.02 -0.045 0.999 0.056
lymph_pwy144_pc1 2 2 0.04 0.125 0.996 0.09
lymph_pwy145_pc1 2 2 0.635 -0.09 0.295 0.512
lymph_pwy146_pc1 2 2 0.847 -0.021 0.057 0.785
lymph_pwy146_pc3 2 2 0.583 -0.038 0.372 0.567
lymph_pwy162_pc1 2 2 0.612 0.1 0.328 0.507
lymph_pwy162_pc2 2 2 0.68 -0.055 0.232 0.516
lymph_pwy167_pc3 2 1 0.856 0.023 0.05 0.715
lymph_pwy174_pc3 2 2 0.024 -0.049 0.999 0.064
lymph_pwy17_pc3 2 2 0.861 0.038 0.047 0.796
lymph_pwy182_pc1 2 2 0.844 0.014 0.059 0.646
lymph_pwy183_pc1 2 2 0.587 -0.084 0.365 0.507
lymph_pwy190_pc1 2 2 0.025 0.088 0.998 0.078
lymph_pwy194_pc3 2 2 0.671 0.041 0.244 0.564
lymph_pwy196_pc1 3 3 0.996 0 0 0.995
lymph_pwy1_pc3 2 2 0.903 0.013 0.023 0.767
lymph_pwy202_pc1 2 2 0.893 0.026 0.028 0.731
lymph_pwy203_pc1 2 2 0.054 0.107 0.993 0.13
lymph_pwy215_pc5 4 4 0.467 -0.041 0.187 0.497
lymph_pwy219_pc1 3 3 0.002 0.111 0.996 0.012
lymph_pwy222_pc5 3 3 0.946 -0.003 0.003 0.959
lymph_pwy224_pc4 2 2 0.399 -0.037 0.657 0.364
lymph_pwy226_pc4 2 2 0.963 0.004 0.003 0.912
lymph_pwy234_pc1 2 2 0.002 -0.074 1 0.002
lymph_pwy235_pc1 3 3 0.015 0.12 0.97 0.078
lymph_pwy236_pc4 3 3 0.504 0.024 0.246 0.5
lymph_pwy237_pc2 2 2 0.229 0.139 0.876 0.43
lymph_pwy240_pc1 3 3 0.711 0.03 0.084 0.717
lymph_pwy253_pc1 3 2 0.95 -0.005 0.003 0.966
lymph_pwy256_pc1 2 2 0.028 0.066 0.998 0.057
lymph_pwy258_pc1 2 2 0.046 0.072 0.995 0.103
lymph_pwy262_pc1 2 2 0.744 0.054 0.153 0.549
lymph_pwy267_pc1 3 3 0.009 0.133 0.981 0.066
lymph_pwy269_pc1 2 2 0.007 0.105 1 0.016
lymph_pwy275_pc1 2 2 0.206 0.111 0.899 0.423
lymph_pwy275_pc4 2 1 0.695 0.073 0.213 0.526
lymph_pwy284_pc4 2 2 0.963 -0.003 0.003 0.901
lymph_pwy287_pc5 2 2 0.615 0.067 0.323 0.507
lymph_pwy289_pc5 2 2 0.58 0.054 0.375 0.507
lymph_pwy290_pc4 2 2 0.701 -0.049 0.205 0.519
lymph_pwy292_pc4 2 2 0.258 0.073 0.845 0.459
lymph_pwy293_pc3 3 3 0.311 0.113 0.475 0.271
lymph_pwy295_pc3 2 2 0.821 0.016 0.077 0.612
lymph_pwy300_pc1 2 2 0.022 0.084 0.999 0.05
lymph_pwy300_pc3 3 3 0.328 0.056 0.451 0.247
lymph_pwy303_pc1 2 2 0.03 0.09 0.998 0.065
lymph_pwy303_pc2 2 2 0.343 0.159 0.737 0.468
lymph_pwy304_pc1 2 2 0.778 0.026 0.117 0.609
lymph_pwy305_pc1 3 3 0.399 0.047 0.361 0.369
lymph_pwy308_pc5 3 3 0.786 0.017 0.046 0.823
lymph_pwy309_pc2 2 2 0.009 0.078 1 0.021
lymph_pwy310_pc1 2 2 0.012 0.091 1 0.026
lymph_pwy311_pc1 2 2 0.011 0.091 1 0.017
lymph_pwy311_pc3 3 3 0.603 0.025 0.158 0.544
lymph_pwy313_pc2 2 2 0.151 0.117 0.945 0.312
lymph_pwy318_pc2 2 2 0.798 -0.044 0.097 0.606
lymph_pwy319_pc2 2 2 0.356 -0.155 0.719 0.5
lymph_pwy322_pc3 2 1 0.684 0.077 0.227 0.519
lymph_pwy325_pc3 2 2 0.026 0.083 0.998 0.065
lymph_pwy326_pc3 2 2 0.022 -0.088 0.999 0.053
lymph_pwy330_pc4 2 2 0.986 -0.001 0.001 0.966
lymph_pwy33_pc4 2 2 0.058 -0.084 0.992 0.108
lymph_pwy42_pc5 2 2 0.94 0.013 0.009 0.836
lymph_pwy43_pc4 2 2 0.93 -0.014 0.012 0.879
lymph_pwy56_pc1 2 2 0.907 -0.015 0.021 0.774
lymph_pwy59_pc3 2 2 0.005 -0.076 1 0.008
lymph_pwy65_pc5 2 2 0.077 -0.077 0.985 0.206
lymph_pwy78_pc3 2 2 0.039 -0.073 0.996 0.081
lymph_pwy84_pc3 3 3 0.799 0.012 0.041 0.834
lymph_pwy86_pc2 2 2 0.615 -0.089 0.324 0.507
lymph_pwy88_pc1 2 2 0.051 0.099 0.994 0.065
lymph_pwy89_pc1 3 3 0.509 0.052 0.241 0.42
lymph_pwy8_pc2 2 2 0.971 -0.006 0.002 0.906
lymph_pwy94_pc1 2 2 0.732 -0.024 0.166 0.584
mch_pwy100_pc4 2 2 0.013 -0.064 1 0.031
mch_pwy102_pc5 2 2 0.898 -0.013 0.025 0.806
mch_pwy117_pc2 2 2 0.074 -0.105 0.986 0.124
mch_pwy137_pc4 2 2 0.079 -0.042 0.985 0.135
mch_pwy140_pc3 2 2 0.89 -0.015 0.029 0.795
mch_pwy153_pc4 2 2 0.352 -0.165 0.724 0.466
mch_pwy166_pc1 2 2 0.051 0.04 0.994 0.111
mch_pwy176_pc4 2 2 0.976 0.005 0.001 0.962
mch_pwy194_pc1 2 2 0.038 -0.118 0.996 0.078
mch_pwy221_pc5 2 2 0.069 0.059 0.988 0.129
mch_pwy223_pc2 2 2 0.855 0.023 0.051 0.778
mch_pwy23_pc1 2 2 0.635 -0.05 0.294 0.572
mch_pwy246_pc3 2 2 0.9 0.013 0.024 0.799
mch_pwy256_pc2 2 2 0.105 0.057 0.973 0.202
mch_pwy259_pc4 2 2 0.921 -0.009 0.015 0.872
mch_pwy264_pc2 2 2 0.075 -0.109 0.986 0.097
mch_pwy265_pc3 2 2 0.115 0.061 0.968 0.202
mch_pwy313_pc4 2 2 0.088 -0.078 0.981 0.15
mch_pwy31_pc4 2 2 0.944 0.01 0.008 0.893
mch_pwy322_pc1 3 3 0.703 0.027 0.088 0.732
mch_pwy324_pc4 3 3 0.734 0.019 0.071 0.754
mch_pwy331_pc5 2 2 0.062 0.048 0.991 0.121
mch_pwy332_pc2 4 4 0.865 0.038 0.011 0.848
mch_pwy34_pc2 3 3 0.502 0.061 0.248 0.486
mch_pwy45_pc1 2 2 0.381 -0.153 0.683 0.468
mch_pwy69_pc1 3 3 0.14 0.171 0.74 0.176
mch_pwy70_pc1 2 2 0.715 0.049 0.188 0.688
mch_pwy75_pc3 2 2 0.222 0.165 0.884 0.35
mchc_pwy104_pc4 2 2 0.971 0.003 0.002 0.94
mchc_pwy112_pc1 2 2 0.779 -0.036 0.116 0.795
mchc_pwy113_pc2 2 2 0.064 0.094 0.99 0.122
mchc_pwy117_pc4 2 2 0.904 0.011 0.022 0.802
mchc_pwy118_pc1 3 3 0.506 0.037 0.244 0.39
mchc_pwy118_pc2 3 3 0.686 0.019 0.099 0.673
mchc_pwy119_pc1 3 3 0.678 -0.019 0.104 0.661
mchc_pwy120_pc5 2 2 0.978 0.001 0.001 0.925
mchc_pwy133_pc4 2 2 0.167 -0.094 0.933 0.308
mchc_pwy134_pc2 2 2 0.055 -0.091 0.992 0.113
mchc_pwy134_pc5 2 2 0.411 -0.106 0.637 0.485
mchc_pwy138_pc5 2 2 0.085 0.038 0.982 0.213
mchc_pwy140_pc4 3 3 0.612 -0.024 0.15 0.564
mchc_pwy142_pc4 2 2 0.746 -0.024 0.15 0.602
mchc_pwy143_pc5 2 2 0.896 -0.008 0.026 0.788
mchc_pwy144_pc5 2 2 0.016 -0.048 0.999 0.036
mchc_pwy154_pc5 4 4 0.927 -0.004 0.003 0.901
mchc_pwy156_pc4 3 3 0.127 0.107 0.762 0.233
mchc_pwy172_pc2 2 2 0.316 -0.068 0.773 0.435
mchc_pwy174_pc2 2 2 0.178 0.086 0.924 0.394
mchc_pwy174_pc5 2 1 0.958 0.004 0.004 0.919
mchc_pwy178_pc3 2 2 0.89 -0.014 0.03 0.872
mchc_pwy180_pc4 2 2 0.923 0.008 0.015 0.887
mchc_pwy181_pc4 3 3 0.687 0.017 0.098 0.659
mchc_pwy183_pc3 2 2 0.363 0.203 0.709 0.458
mchc_pwy185_pc3 3 3 0.42 0.03 0.337 0.451
mchc_pwy185_pc4 2 2 0.164 0.074 0.935 0.374
mchc_pwy186_pc4 4 4 0.249 0.03 0.404 0.297
mchc_pwy187_pc3 2 2 0.268 -0.037 0.833 0.439
mchc_pwy188_pc5 2 2 0.915 0.007 0.018 0.834
mchc_pwy189_pc5 3 3 0.582 0.034 0.175 0.518
mchc_pwy192_pc4 2 2 0.767 -0.032 0.128 0.604
mchc_pwy193_pc4 2 1 0.995 0 0 0.992
mchc_pwy199_pc4 2 2 0.888 0.014 0.031 0.83
mchc_pwy1_pc3 2 2 0.192 -0.06 0.911 0.404
mchc_pwy202_pc3 2 2 0.056 0.061 0.992 0.098
mchc_pwy203_pc3 2 2 0.086 0.069 0.982 0.194
mchc_pwy204_pc5 2 2 0.178 -0.079 0.924 0.369
mchc_pwy207_pc4 2 2 0.865 0.024 0.044 0.711
mchc_pwy210_pc3 2 2 0.943 -0.005 0.008 0.89
mchc_pwy212_pc3 2 2 0.713 0.024 0.189 0.639
mchc_pwy212_pc5 2 2 0.18 0.076 0.922 0.396
mchc_pwy219_pc4 2 2 0.056 -0.115 0.992 0.152
mchc_pwy222_pc1 2 2 0.869 -0.029 0.042 0.699
mchc_pwy222_pc5 2 2 0.209 -0.056 0.896 0.319
mchc_pwy224_pc4 2 2 0.082 -0.048 0.983 0.204
mchc_pwy227_pc4 2 2 0.753 -0.042 0.143 0.549
mchc_pwy238_pc3 4 4 0.944 0.003 0.002 0.923
mchc_pwy239_pc1 2 2 0.015 -0.088 0.999 0.03
mchc_pwy251_pc5 2 2 0.854 0.024 0.052 0.748
mchc_pwy255_pc5 4 4 0.918 -0.005 0.004 0.886
mchc_pwy259_pc1 2 2 0.044 0.209 0.995 0.124
mchc_pwy264_pc2 2 2 0.579 0.062 0.378 0.538
mchc_pwy269_pc5 2 2 0.945 0.003 0.007 0.891
mchc_pwy274_pc4 2 2 0.915 0.009 0.018 0.885
mchc_pwy276_pc3 3 3 0.652 -0.033 0.121 0.637
mchc_pwy276_pc5 2 2 0.898 0.012 0.026 0.792
mchc_pwy277_pc2 2 2 0.06 0.044 0.991 0.014
mchc_pwy280_pc4 2 2 0.201 0.11 0.904 0.384
mchc_pwy281_pc5 3 2 0.696 -0.02 0.092 0.686
mchc_pwy282_pc4 2 2 0.925 0.004 0.014 0.877
mchc_pwy287_pc5 2 2 0.9 0.006 0.025 0.777
mchc_pwy292_pc5 2 2 0.813 0.015 0.084 0.601
mchc_pwy293_pc4 2 2 0.875 -0.012 0.038 0.735
mchc_pwy293_pc5 2 2 0.997 0 0 0.989
mchc_pwy294_pc5 2 2 0.203 -0.031 0.902 0.414
mchc_pwy295_pc3 2 2 0.141 -0.029 0.952 0.256
mchc_pwy310_pc4 2 2 0.773 -0.025 0.122 0.639
mchc_pwy311_pc3 2 2 0.111 -0.039 0.97 0.223
mchc_pwy311_pc5 2 2 0.134 -0.059 0.957 0.306
mchc_pwy317_pc3 2 2 0.895 -0.019 0.027 0.876
mchc_pwy319_pc5 2 2 0.944 0.005 0.008 0.906
mchc_pwy31_pc3 2 2 0.199 0.074 0.905 0.409
mchc_pwy320_pc2 2 1 0.96 -0.003 0.004 0.925
mchc_pwy320_pc4 2 2 0.826 -0.033 0.073 0.637
mchc_pwy321_pc2 4 4 0.941 -0.004 0.002 0.917
mchc_pwy324_pc1 2 2 0.678 -0.042 0.234 0.567
mchc_pwy325_pc2 4 4 0.905 -0.006 0.006 0.863
mchc_pwy326_pc2 2 2 0.9 0.01 0.024 0.796
mchc_pwy327_pc3 2 2 0.953 0.007 0.006 0.901
mchc_pwy331_pc4 4 4 0.598 -0.024 0.103 0.585
mchc_pwy33_pc3 3 3 0.094 0.127 0.821 0.233
mchc_pwy51_pc4 2 2 0.722 -0.054 0.179 0.602
mchc_pwy69_pc5 2 2 0.886 0.011 0.032 0.882
mcv_pwy101_pc2 3 3 0.509 -0.026 0.241 0.4
mcv_pwy103_pc1 4 4 0.667 -0.027 0.07 0.628
mcv_pwy107_pc4 2 2 0.381 -0.094 0.683 0.47
mcv_pwy116_pc4 2 2 0.155 -0.072 0.942 0.304
mcv_pwy117_pc2 3 3 0.413 -0.059 0.344 0.327
mcv_pwy117_pc4 2 2 0.198 0.104 0.906 0.295
mcv_pwy136_pc4 3 3 0.34 0.043 0.435 0.296
mcv_pwy137_pc3 2 2 0.71 -0.044 0.194 0.623
mcv_pwy137_pc4 2 2 0.051 -0.04 0.994 0.09
mcv_pwy137_pc5 2 2 0.621 -0.035 0.314 0.51
mcv_pwy151_pc4 2 2 0.612 -0.04 0.327 0.51
mcv_pwy153_pc4 2 2 0.192 -0.174 0.912 0.337
mcv_pwy154_pc5 2 2 0.192 0.075 0.912 0.372
mcv_pwy166_pc1 2 2 0.015 0.04 0.999 0.029
mcv_pwy173_pc2 2 2 0.79 0.02 0.105 0.642
mcv_pwy176_pc4 2 2 0.972 0.005 0.002 0.965
mcv_pwy178_pc3 2 2 0.362 0.105 0.71 0.42
mcv_pwy181_pc4 3 3 0.079 -0.071 0.849 0.176
mcv_pwy183_pc5 2 2 0.617 0.054 0.32 0.553
mcv_pwy18_pc5 4 4 0.24 -0.052 0.416 0.238
mcv_pwy215_pc3 2 2 0.18 0.096 0.922 0.339
mcv_pwy217_pc4 2 2 0.066 -0.075 0.989 0.093
mcv_pwy219_pc5 2 2 0.638 -0.033 0.29 0.642
mcv_pwy222_pc5 3 3 0.045 0.069 0.912 0.111
mcv_pwy223_pc2 2 2 0.855 0.024 0.051 0.765
mcv_pwy228_pc5 2 2 0.975 -0.002 0.002 0.946
mcv_pwy234_pc5 3 3 0.331 0.034 0.447 0.361
mcv_pwy237_pc1 3 3 0.001 -0.109 0.998 0.002
mcv_pwy246_pc3 2 2 0.036 0.078 0.997 0.043
mcv_pwy24_pc4 2 2 0.914 -0.009 0.018 0.799
mcv_pwy256_pc2 2 2 0.094 0.06 0.978 0.215
mcv_pwy265_pc3 2 2 0.773 -0.017 0.122 0.64
mcv_pwy268_pc4 2 2 0.174 0.074 0.927 0.356
mcv_pwy275_pc1 2 2 1 0 0 1
mcv_pwy291_pc4 3 3 0.048 0.035 0.906 0.156
mcv_pwy2_pc4 2 2 0.802 -0.044 0.094 0.635
mcv_pwy304_pc4 2 2 0.697 -0.033 0.209 0.661
mcv_pwy308_pc4 2 2 0.011 -0.093 1 0.027
mcv_pwy309_pc4 3 3 0.252 -0.177 0.56 0.236
mcv_pwy310_pc5 2 2 0.003 -0.066 1 0.007
mcv_pwy313_pc4 3 3 0.81 0.012 0.036 0.793
mcv_pwy31_pc4 2 2 0.474 0.148 0.541 0.485
mcv_pwy322_pc1 3 3 0.662 0.032 0.114 0.651
mcv_pwy324_pc1 2 2 0.302 0.159 0.792 0.41
mcv_pwy324_pc4 3 3 0.394 0.044 0.368 0.347
mcv_pwy326_pc5 2 2 0.874 0.024 0.039 0.747
mcv_pwy33_pc2 2 2 0.755 0.023 0.141 0.666
mcv_pwy45_pc1 2 2 0.213 -0.166 0.892 0.358
mcv_pwy75_pc3 2 2 0.225 0.171 0.88 0.411
mcv_pwy91_pc3 2 2 0.126 -0.104 0.961 0.234
mcv_pwy96_pc3 3 3 0.672 -0.027 0.107 0.636
mono_pwy104_pc1 2 2 0.256 0.107 0.847 0.44
mono_pwy105_pc4 2 2 0.714 0.138 0.189 0.564
mono_pwy106_pc3 2 2 0.881 0.014 0.034 0.745
mono_pwy109_pc4 2 2 0.007 -0.082 1 0.014
mono_pwy111_pc5 2 2 0.232 0.047 0.873 0.355
mono_pwy115_pc5 2 2 0.606 0.027 0.337 0.6
mono_pwy119_pc1 3 3 0.646 -0.021 0.125 0.633
mono_pwy119_pc2 2 2 0.801 -0.019 0.094 0.681
mono_pwy121_pc4 2 2 0.952 -0.004 0.006 0.911
mono_pwy127_pc3 2 2 0.926 0.006 0.013 0.866
mono_pwy128_pc2 2 2 0.723 0.032 0.178 0.58
mono_pwy138_pc2 4 4 0.88 -0.008 0.009 0.878
mono_pwy140_pc4 2 2 0.562 -0.026 0.403 0.58
mono_pwy148_pc3 2 2 0.191 0.128 0.913 0.375
mono_pwy14_pc3 3 3 0.056 0.137 0.891 0.142
mono_pwy160_pc5 2 2 0.594 -0.035 0.354 0.599
mono_pwy162_pc1 2 2 0.189 -0.094 0.914 0.298
mono_pwy162_pc2 2 2 0.2 0.055 0.904 0.315
mono_pwy162_pc3 3 3 0.632 -0.023 0.135 0.622
mono_pwy165_pc4 2 2 0.998 0 0 0.996
mono_pwy174_pc3 4 4 0.722 0.013 0.048 0.743
mono_pwy176_pc4 2 2 0.007 -0.057 1 0.009
mono_pwy180_pc3 2 2 0.248 0.117 0.856 0.367
mono_pwy183_pc2 2 2 0.147 -0.031 0.948 0.195
mono_pwy184_pc5 2 2 0.888 -0.012 0.03 0.834
mono_pwy188_pc5 3 3 0.284 0.034 0.513 0.264
mono_pwy202_pc1 3 3 0.001 -0.119 0.997 0.009
mono_pwy20_pc2 2 2 0.748 -0.06 0.148 0.628
mono_pwy216_pc2 3 3 0.593 -0.055 0.165 0.561
mono_pwy252_pc3 2 2 0.042 0.095 0.996 0.087
mono_pwy253_pc1 2 2 0.673 -0.058 0.241 0.585
mono_pwy253_pc2 2 2 0.679 -0.04 0.234 0.589
mono_pwy269_pc1 2 2 0.893 0.029 0.028 0.801
mono_pwy275_pc1 3 3 0.801 -0.034 0.04 0.825
mono_pwy278_pc3 2 2 0.976 0.005 0.001 0.945
mono_pwy281_pc1 4 4 0.735 -0.012 0.044 0.749
mono_pwy282_pc4 4 4 0.747 -0.009 0.04 0.756
mono_pwy287_pc5 2 2 0.913 0.007 0.019 0.85
mono_pwy289_pc5 2 2 0.596 0.016 0.351 0.599
mono_pwy295_pc3 4 4 0.873 0.005 0.01 0.88
mono_pwy311_pc3 2 2 0.922 -0.01 0.015 0.825
mono_pwy312_pc1 2 2 0.127 0.125 0.96 0.256
mono_pwy320_pc1 3 3 0.443 0.179 0.31 0.381
mono_pwy320_pc3 3 3 0.951 -0.004 0.002 0.936
mono_pwy321_pc2 2 2 0.568 0.029 0.394 0.585
mono_pwy324_pc5 2 2 0.219 0.076 0.886 0.344
mono_pwy325_pc5 2 2 0.117 0.09 0.967 0.17
mono_pwy33_pc4 3 3 0.791 -0.027 0.044 0.809
mono_pwy43_pc1 2 2 0.493 -0.278 0.512 0.47
mono_pwy43_pc4 3 3 0.493 0.051 0.257 0.462
mono_pwy45_pc5 2 2 0.043 -0.076 0.996 0.093
mono_pwy46_pc4 3 3 0.263 -0.117 0.543 0.237
mono_pwy72_pc4 2 2 0.094 0.106 0.978 0.117
mono_pwy86_pc2 2 2 0.032 0.11 0.998 0.062
mono_pwy87_pc4 2 2 0.963 0.013 0.003 0.918
mono_pwy97_pc2 2 2 0.051 0.122 0.994 0.052
mpv_pwy101_pc4 2 2 0.893 -0.012 0.028 0.778
mpv_pwy123_pc3 2 2 0.106 -0.063 0.972 0.205
mpv_pwy124_pc1 2 2 0.47 -0.063 0.546 0.473
mpv_pwy128_pc1 4 4 0.751 -0.033 0.039 0.757
mpv_pwy130_pc3 2 2 0.814 0.043 0.083 0.695
mpv_pwy132_pc3 2 2 0.073 -0.115 0.987 0.148
mpv_pwy13_pc2 2 2 0.699 -0.092 0.207 0.58
mpv_pwy140_pc5 4 4 0.87 -0.006 0.011 0.87
mpv_pwy141_pc1 2 2 0.613 0.077 0.327 0.587
mpv_pwy149_pc3 2 2 0.034 0.079 0.997 0.027
mpv_pwy157_pc4 2 2 0.389 0.091 0.671 0.403
mpv_pwy165_pc1 2 2 0.067 0.12 0.989 0.148
mpv_pwy167_pc3 2 2 0.867 0.014 0.043 0.732
mpv_pwy167_pc5 2 2 0.105 0.058 0.973 0.199
mpv_pwy172_pc2 2 2 0.374 0.081 0.692 0.362
mpv_pwy172_pc3 2 2 0.062 -0.058 0.991 0.126
mpv_pwy181_pc4 2 2 0.881 -0.01 0.035 0.747
mpv_pwy182_pc1 2 2 0.068 0.046 0.989 0.134
mpv_pwy186_pc3 3 3 0.419 -0.043 0.338 0.36
mpv_pwy187_pc3 2 2 0.041 0.046 0.996 0.086
mpv_pwy188_pc1 3 3 0.424 0.102 0.331 0.351
mpv_pwy188_pc5 2 2 0.929 -0.005 0.012 0.871
mpv_pwy193_pc3 2 2 0.029 0.066 0.998 0.024
mpv_pwy200_pc5 2 2 0.78 0.027 0.115 0.631
mpv_pwy215_pc5 2 2 0.121 -0.088 0.964 0.25
mpv_pwy223_pc1 2 2 0.941 0.014 0.008 0.881
mpv_pwy224_pc1 2 2 0.999 0 0 0.999
mpv_pwy231_pc3 2 2 0.027 -0.11 0.998 0.057
mpv_pwy238_pc3 2 2 0.903 -0.009 0.023 0.795
mpv_pwy248_pc3 3 3 0.022 0.1 0.956 0.021
mpv_pwy24_pc5 2 2 0.914 -0.01 0.018 0.842
mpv_pwy257_pc5 2 2 0.019 0.076 0.999 0.016
mpv_pwy262_pc1 2 2 0.856 -0.027 0.051 0.742
mpv_pwy276_pc5 2 2 0.064 0.063 0.99 0.128
mpv_pwy278_pc1 2 2 0.027 -0.068 0.998 0.026
mpv_pwy282_pc4 2 2 0.041 -0.047 0.996 0.086
mpv_pwy282_pc5 2 2 0.886 -0.011 0.032 0.76
mpv_pwy283_pc1 2 2 0.571 -0.074 0.389 0.54
mpv_pwy287_pc4 2 2 0.457 -0.05 0.568 0.457
mpv_pwy293_pc5 2 2 0.031 -0.045 0.998 0.062
mpv_pwy295_pc3 2 2 0.08 0.045 0.984 0.149
mpv_pwy304_pc1 2 2 0.186 0.094 0.917 0.128
mpv_pwy307_pc2 2 2 0.128 -0.09 0.96 0.262
mpv_pwy317_pc3 2 2 0.101 -0.083 0.975 0.17
mpv_pwy31_pc3 2 2 0.031 -0.078 0.998 0.021
mpv_pwy321_pc2 3 3 0.506 0.03 0.244 0.44
mpv_pwy325_pc2 3 3 0.483 0.034 0.267 0.406
mpv_pwy32_pc2 2 2 0.032 0.147 0.997 0.039
mpv_pwy33_pc4 2 2 0.915 -0.024 0.018 0.852
mpv_pwy40_pc4 2 2 0.084 -0.102 0.983 0.049
mpv_pwy42_pc3 2 2 0.799 -0.04 0.096 0.693
mpv_pwy47_pc4 2 2 0.061 0.073 0.991 0.035
mpv_pwy54_pc3 3 3 0.431 -0.076 0.324 0.36
mpv_pwy54_pc5 2 2 0.275 -0.126 0.825 0.392
mpv_pwy5_pc3 2 2 0.099 0.077 0.976 0.195
mpv_pwy63_pc3 2 2 0.821 0.043 0.077 0.69
mpv_pwy66_pc2 2 2 0.52 -0.25 0.468 0.51
mpv_pwy8_pc3 2 2 0.076 -0.105 0.986 0.113
mpv_pwy92_pc5 2 2 0.458 0.112 0.566 0.464
myeloid_wbc_pwy120_pc1 2 2 0.021 0.102 0.999 0.033
myeloid_wbc_pwy130_pc4 2 2 0.971 -0.004 0.002 0.905
myeloid_wbc_pwy14_pc4 3 3 0.012 0.098 0.976 0.073
myeloid_wbc_pwy163_pc1 2 2 0.021 -0.09 0.999 0.068
myeloid_wbc_pwy168_pc1 2 2 0.022 0.109 0.999 0.064
myeloid_wbc_pwy171_pc1 2 2 0.804 0.08 0.092 0.595
myeloid_wbc_pwy215_pc3 2 2 0.298 -0.091 0.796 0.479
myeloid_wbc_pwy21_pc1 2 2 0.949 -0.008 0.006 0.851
myeloid_wbc_pwy268_pc1 2 2 0.861 -0.028 0.047 0.65
myeloid_wbc_pwy278_pc3 2 2 0.84 0.036 0.062 0.616
myeloid_wbc_pwy317_pc3 3 3 0.848 -0.027 0.023 0.896
myeloid_wbc_pwy319_pc1 2 2 0.064 0.143 0.99 0.194
myeloid_wbc_pwy322_pc3 2 1 0.947 -0.019 0.007 0.83
myeloid_wbc_pwy326_pc5 2 1 0.699 0.066 0.208 0.515
myeloid_wbc_pwy43_pc4 2 2 0.09 -0.095 0.98 0.18
myeloid_wbc_pwy66_pc2 2 2 0.235 -0.186 0.87 0.463
myeloid_wbc_pwy71_pc2 2 2 0.993 0.001 0 0.966
myeloid_wbc_pwy71_pc3 2 2 0.911 -0.015 0.02 0.743
myeloid_wbc_pwy77_pc1 3 3 0.027 0.129 0.948 0.138
myeloid_wbc_pwy98_pc5 3 3 0.352 0.076 0.42 0.246
neut_pwy120_pc1 2 2 0.059 0.099 0.991 0.085
neut_pwy146_pc2 2 2 0.06 -0.11 0.991 0.16
neut_pwy146_pc3 2 2 0.68 -0.034 0.232 0.632
neut_pwy14_pc4 3 3 0.005 0.093 0.99 0.044
neut_pwy162_pc5 2 2 0.629 -0.023 0.303 0.525
neut_pwy171_pc1 2 2 0.77 0.094 0.125 0.538
neut_pwy176_pc4 2 2 0.908 -0.01 0.021 0.74
neut_pwy182_pc4 2 2 0.15 -0.131 0.946 0.369
neut_pwy184_pc3 5 5 0.031 -0.068 0.728 0.047
neut_pwy203_pc1 2 2 0.647 0.076 0.277 0.568
neut_pwy211_pc2 2 2 0.158 -0.1 0.94 0.389
neut_pwy215_pc3 2 2 0.246 -0.092 0.857 0.434
neut_pwy21_pc1 2 2 0.926 -0.012 0.013 0.788
neut_pwy235_pc1 2 2 0.173 0.15 0.928 0.404
neut_pwy251_pc1 2 2 0.973 0.004 0.002 0.902
neut_pwy268_pc1 2 2 0.816 -0.036 0.082 0.636
neut_pwy269_pc1 2 2 0.123 -0.099 0.963 0.311
neut_pwy278_pc3 3 3 0.77 -0.028 0.053 0.798
neut_pwy295_pc5 2 2 0.548 -0.03 0.425 0.56
neut_pwy308_pc3 2 2 0.921 0.009 0.015 0.785
neut_pwy311_pc1 2 2 0.594 -0.171 0.355 0.533
neut_pwy317_pc3 3 3 0.876 -0.022 0.015 0.898
neut_pwy318_pc2 2 2 0.971 0.004 0.002 0.911
neut_pwy322_pc2 2 2 0.545 0.071 0.429 0.55
neut_pwy322_pc3 2 1 0.908 -0.032 0.021 0.745
neut_pwy326_pc5 2 1 0.731 0.056 0.168 0.522
neut_pwy332_pc2 2 1 0.227 0.175 0.878 0.422
neut_pwy40_pc4 2 2 0.014 -0.087 1 0.01
neut_pwy71_pc3 2 2 0.906 -0.016 0.022 0.741
neut_pwy75_pc1 2 2 0.632 -0.052 0.299 0.508
neut_pwy77_pc1 2 2 0.009 0.129 1 0.032
neut_pwy78_pc2 2 2 0.149 -0.081 0.946 0.375
neut_pwy7_pc2 2 2 0.895 0.013 0.027 0.742
neut_pwy84_pc4 3 2 0.624 0.045 0.141 0.602
neut_pwy98_pc5 3 3 0.343 0.077 0.431 0.283
neut_pwy99_pc2 2 2 0.911 0.017 0.02 0.758
pct_pwy102_pc2 3 3 0.265 -0.078 0.54 0.256
pct_pwy120_pc2 2 2 0.651 0.04 0.272 0.628
pct_pwy176_pc3 2 2 0.946 0.008 0.007 0.858
pct_pwy204_pc2 3 3 0.263 -0.116 0.544 0.258
pct_pwy209_pc4 2 2 0.052 -0.083 0.993 0.136
pct_pwy235_pc2 2 2 0.607 -0.107 0.334 0.532
pct_pwy251_pc3 2 2 0.894 -0.011 0.027 0.779
pct_pwy269_pc1 2 2 0.911 0.014 0.019 0.799
pct_pwy275_pc1 2 2 0.154 0.148 0.943 0.321
pct_pwy284_pc1 2 2 0.939 -0.009 0.009 0.871
pct_pwy301_pc2 2 2 0.968 0.005 0.002 0.918
pct_pwy320_pc4 2 1 0.61 0.033 0.331 0.577
pct_pwy322_pc1 2 1 0.066 -0.093 0.989 0.112
pct_pwy330_pc3 3 3 0.842 -0.016 0.025 0.889
pct_pwy331_pc5 2 1 0.552 0.023 0.418 0.556
pct_pwy66_pc2 2 2 0.113 -0.141 0.969 0.177
pct_pwy72_pc3 2 2 0.821 -0.042 0.077 0.637
pdw_pwy165_pc1 2 2 0.936 0.011 0.01 0.871
pdw_pwy172_pc1 2 2 0.912 -0.008 0.019 0.83
pdw_pwy173_pc5 2 2 0.132 -0.061 0.958 0.138
pdw_pwy189_pc2 2 2 0.976 0.003 0.001 0.954
pdw_pwy203_pc4 2 2 0.099 0.088 0.976 0.232
pdw_pwy215_pc4 2 2 0.143 0.115 0.951 0.302
pdw_pwy221_pc2 2 2 0.064 -0.105 0.99 0.136
pdw_pwy251_pc2 2 2 0.831 0.017 0.068 0.742
pdw_pwy298_pc1 2 2 0.054 0.116 0.993 0.126
pdw_pwy304_pc1 2 2 0.131 0.114 0.959 0.248
pdw_pwy311_pc4 2 2 0.523 -0.064 0.464 0.47
pdw_pwy313_pc4 2 2 0.146 0.138 0.948 0.151
pdw_pwy325_pc2 2 2 0.977 -0.002 0.001 0.952
pdw_pwy44_pc5 2 2 0.974 -0.003 0.002 0.927
pdw_pwy49_pc5 2 2 0.262 0.117 0.84 0.413
pdw_pwy66_pc2 2 2 0.444 -0.205 0.588 0.45
pdw_pwy6_pc5 2 2 0.009 -0.103 1 0.023
pdw_pwy70_pc1 2 2 0.023 0.105 0.999 0.043
pdw_pwy89_pc4 2 2 0.689 -0.104 0.221 0.569
pdw_pwy92_pc5 2 2 0.467 0.162 0.552 0.522
plt_pwy103_pc1 2 2 0.963 -0.005 0.003 0.906
plt_pwy139_pc2 3 3 0.864 0.016 0.018 0.892
plt_pwy165_pc2 2 2 0.975 0.004 0.002 0.942
plt_pwy167_pc5 2 2 0.877 -0.012 0.037 0.741
plt_pwy182_pc4 2 2 0.69 0.07 0.219 0.536
plt_pwy192_pc5 2 2 0.735 -0.035 0.163 0.555
plt_pwy201_pc4 2 2 0.064 -0.088 0.99 0.115
plt_pwy235_pc2 2 2 0.686 -0.061 0.225 0.557
plt_pwy260_pc2 2 2 0.946 -0.013 0.007 0.87
plt_pwy262_pc1 2 2 0.028 0.153 0.998 0.078
plt_pwy271_pc2 2 2 0.952 0.006 0.006 0.887
plt_pwy277_pc5 2 2 0.696 0.032 0.211 0.656
plt_pwy301_pc2 2 2 0.993 0.001 0 0.986
plt_pwy304_pc1 2 2 0.014 -0.163 1 0.025
plt_pwy311_pc2 2 2 0.089 0.094 0.981 0.102
plt_pwy311_pc4 2 2 0.189 -0.127 0.914 0.346
plt_pwy330_pc3 3 3 0.714 -0.024 0.082 0.732
plt_pwy3_pc4 2 2 0.255 0.135 0.848 0.382
plt_pwy72_pc3 2 2 0.952 -0.01 0.006 0.875
plt_pwy7_pc5 2 2 0.102 -0.085 0.975 0.215
rbc_pwy106_pc3 2 2 0.013 0.1 1 0.031
rbc_pwy117_pc2 2 2 0.058 0.072 0.992 0.128
rbc_pwy122_pc2 2 2 0.951 -0.013 0.006 0.891
rbc_pwy123_pc5 3 3 0.696 0.016 0.092 0.714
rbc_pwy137_pc4 2 2 0.078 0.03 0.985 0.168
rbc_pwy181_pc2 2 2 0.987 -0.002 0 0.964
rbc_pwy185_pc5 2 2 0.969 0.004 0.002 0.922
rbc_pwy188_pc3 2 2 0.625 0.048 0.308 0.549
rbc_pwy18_pc5 3 3 0.583 0.032 0.174 0.507
rbc_pwy213_pc2 3 2 0.789 -0.03 0.045 0.815
rbc_pwy219_pc5 2 2 0.968 0.003 0.003 0.912
rbc_pwy223_pc1 2 2 0.65 -0.069 0.273 0.566
rbc_pwy235_pc5 2 2 0.156 0.094 0.941 0.288
rbc_pwy246_pc5 2 2 0.176 -0.091 0.926 0.288
rbc_pwy259_pc4 2 2 0.763 0.029 0.132 0.621
rbc_pwy278_pc2 2 2 0.021 -0.063 0.999 0.041
rbc_pwy281_pc2 2 2 0.006 -0.056 1 0.013
rbc_pwy282_pc1 2 2 0.776 0.05 0.118 0.605
rbc_pwy296_pc5 2 2 0.022 0.04 0.999 0.058
rbc_pwy304_pc4 2 2 0.006 -0.07 1 0.017
rbc_pwy305_pc2 4 4 0 0.108 0.993 0.005
rbc_pwy308_pc4 2 2 0.02 0.068 0.999 0.045
rbc_pwy310_pc5 2 2 0.029 0.049 0.998 0.077
rbc_pwy33_pc2 3 3 0.569 0.039 0.185 0.554
rbc_pwy36_pc4 2 2 0.025 0.101 0.998 0.015
rdw_pwy101_pc2 2 2 0.095 0.057 0.978 0.2
rdw_pwy113_pc5 2 2 0.972 -0.003 0.002 0.936
rdw_pwy128_pc1 2 2 0.042 -0.114 0.996 0.112
rdw_pwy149_pc5 2 2 0.714 -0.034 0.188 0.602
rdw_pwy153_pc4 2 2 0.988 0.002 0 0.976
rdw_pwy156_pc3 2 2 0.58 -0.06 0.375 0.536
rdw_pwy158_pc2 3 3 0.6 -0.073 0.16 0.577
rdw_pwy15_pc4 2 2 0.092 0.083 0.979 0.18
rdw_pwy164_pc5 2 2 0.115 0.085 0.968 0.242
rdw_pwy166_pc4 2 2 0.76 -0.035 0.135 0.761
rdw_pwy167_pc1 2 1 0.165 0.112 0.935 0.282
rdw_pwy175_pc1 2 2 0.253 -0.066 0.85 0.404
rdw_pwy182_pc5 2 1 0.969 -0.003 0.002 0.964
rdw_pwy186_pc1 2 1 0.251 0.076 0.852 0.315
rdw_pwy18_pc5 3 3 0.531 -0.036 0.22 0.433
rdw_pwy203_pc5 2 2 0.198 -0.101 0.906 0.346
rdw_pwy206_pc5 2 2 0.044 0.096 0.995 0.096
rdw_pwy215_pc3 2 2 0.9 -0.016 0.024 0.786
rdw_pwy219_pc4 2 2 0.133 0.099 0.957 0.273
rdw_pwy223_pc1 2 2 0.724 0.056 0.177 0.569
rdw_pwy228_pc5 2 2 0.09 0.097 0.98 0.143
rdw_pwy235_pc5 2 2 0.06 -0.078 0.991 0.147
rdw_pwy238_pc3 2 2 0.831 0.014 0.069 0.68
rdw_pwy25_pc2 2 2 0.03 0.098 0.998 0.042
rdw_pwy285_pc2 2 2 0.079 0.078 0.985 0.18
rdw_pwy290_pc1 2 2 0.963 0.006 0.003 0.9
rdw_pwy306_pc3 2 2 0.04 -0.098 0.996 0.071
rdw_pwy309_pc4 3 3 0.641 0.026 0.129 0.636
rdw_pwy312_pc1 2 2 0.542 0.104 0.435 0.528
rdw_pwy313_pc4 2 2 0.194 0.069 0.91 0.33
rdw_pwy320_pc1 2 1 0.238 0.083 0.866 0.315
rdw_pwy321_pc5 2 0 0.298 -0.052 0.796 0.31
rdw_pwy322_pc1 2 1 0.239 0.073 0.866 0.315
rdw_pwy322_pc4 3 2 0.61 0.017 0.152 0.61
rdw_pwy322_pc5 2 1 0.198 0.075 0.906 0.349
rdw_pwy325_pc5 2 0 0.295 -0.052 0.8 0.31
rdw_pwy331_pc3 2 2 0.876 -0.018 0.037 0.787
rdw_pwy331_pc4 2 2 0.871 0.011 0.04 0.724
rdw_pwy43_pc5 2 2 0.176 -0.084 0.925 0.119
rdw_pwy45_pc1 2 2 0.991 -0.002 0 0.97
rdw_pwy49_pc3 2 1 0.14 -0.098 0.953 0.281
rdw_pwy64_pc1 2 2 0.839 -0.027 0.063 0.682
rdw_pwy79_pc2 2 2 0.118 0.077 0.966 0.224
rdw_pwy82_pc5 2 2 0.047 0.101 0.995 0.108
ret_pwy108_pc4 3 3 0.137 -0.182 0.745 0.191
ret_pwy113_pc4 2 2 0.735 -0.034 0.163 0.624
ret_pwy117_pc2 2 2 0.038 0.074 0.996 0.094
ret_pwy121_pc5 3 3 0.45 0.043 0.302 0.342
ret_pwy125_pc4 2 2 0.635 -0.038 0.295 0.589
ret_pwy126_pc3 2 2 0.886 -0.02 0.032 0.742
ret_pwy127_pc4 2 2 0.001 -0.101 1 0
ret_pwy133_pc1 3 3 0.449 0.154 0.303 0.375
ret_pwy134_pc2 2 2 0.021 -0.141 0.999 0.063
ret_pwy136_pc4 2 2 0.067 -0.063 0.989 0.124
ret_pwy138_pc5 3 3 0.43 0.03 0.325 0.314
ret_pwy140_pc4 2 2 0.153 -0.039 0.944 0.156
ret_pwy149_pc5 2 2 0.026 0.086 0.998 0.039
ret_pwy150_pc5 2 2 0.93 -0.006 0.012 0.853
ret_pwy156_pc5 2 2 0.995 0 0 0.987
ret_pwy158_pc3 2 2 0.594 0.08 0.355 0.541
ret_pwy159_pc5 2 2 0.781 -0.03 0.114 0.659
ret_pwy164_pc4 3 3 0.021 -0.11 0.959 0.079
ret_pwy165_pc1 2 2 0.111 -0.129 0.97 0.18
ret_pwy198_pc4 2 2 0.461 -0.084 0.561 0.477
ret_pwy215_pc3 2 2 0.872 -0.017 0.04 0.78
ret_pwy215_pc5 2 2 0.301 -0.126 0.793 0.258
ret_pwy219_pc3 2 2 0.061 -0.079 0.991 0.114
ret_pwy220_pc3 3 3 0.738 -0.016 0.069 0.72
ret_pwy224_pc4 3 3 0.423 -0.044 0.333 0.338
ret_pwy227_pc2 2 2 0.89 -0.015 0.03 0.795
ret_pwy237_pc2 2 2 0.685 0.074 0.225 0.584
ret_pwy268_pc4 2 2 0.708 -0.034 0.196 0.613
ret_pwy270_pc4 2 2 0.026 -0.059 0.998 0.057
ret_pwy279_pc4 2 2 0.676 0.027 0.237 0.58
ret_pwy282_pc4 2 2 0.785 -0.01 0.109 0.683
ret_pwy285_pc1 2 2 0.071 -0.096 0.988 0.154
ret_pwy285_pc3 2 2 0.723 0.039 0.178 0.615
ret_pwy287_pc3 2 2 0.996 0 0 0.995
ret_pwy292_pc4 2 2 0.99 0.001 0 0.984
ret_pwy293_pc4 2 2 0.647 -0.026 0.277 0.58
ret_pwy294_pc1 2 2 0.099 -0.115 0.976 0.205
ret_pwy306_pc3 2 2 0.043 0.1 0.995 0.111
ret_pwy307_pc2 2 2 0.953 0.007 0.005 0.897
ret_pwy324_pc1 2 2 0.654 -0.066 0.267 0.542
ret_pwy326_pc1 2 2 0.427 0.311 0.614 0.459
ret_pwy36_pc4 2 2 0.67 -0.061 0.246 0.573
ret_pwy47_pc3 2 2 0.147 0.198 0.948 0.13
ret_pwy49_pc1 2 2 0.129 0.192 0.959 0.247
ret_pwy67_pc1 2 2 0.055 -0.122 0.992 0.065
ret_pwy81_pc1 2 2 0.077 0.092 0.985 0.071
ret_pwy82_pc2 3 3 0.341 -0.078 0.434 0.327
ret_pwy95_pc5 2 2 0.083 -0.056 0.983 0.12
ukb.allasthma_pwy103_pc4 2 2 0.758 0.094 0.137 0.613
ukb.allasthma_pwy111_pc1 3 3 0.283 0.268 0.514 0.284
ukb.allasthma_pwy117_pc2 2 2 0.072 -0.123 0.987 0.201
ukb.allasthma_pwy126_pc3 2 2 0.104 0.159 0.974 0.246
ukb.allasthma_pwy131_pc3 2 2 0.869 -0.027 0.042 0.74
ukb.allasthma_pwy141_pc1 2 2 0.936 0.017 0.01 0.844
ukb.allasthma_pwy141_pc2 2 2 0.999 0 0 0.997
ukb.allasthma_pwy142_pc5 2 2 0.974 0.004 0.002 0.919
ukb.allasthma_pwy180_pc5 2 2 0.105 -0.095 0.973 0.229
ukb.allasthma_pwy190_pc2 2 2 0.05 0.147 0.994 0.129
ukb.allasthma_pwy207_pc1 2 2 0.871 0.054 0.041 0.763
ukb.allasthma_pwy209_pc1 4 4 0.973 -0.004 0 0.969
ukb.allasthma_pwy216_pc3 2 2 0.872 0.018 0.04 0.843
ukb.allasthma_pwy220_pc1 2 2 0.014 0.178 0.999 0.037
ukb.allasthma_pwy226_pc5 2 2 0.006 -0.119 1 0.018
ukb.allasthma_pwy236_pc2 2 2 0.194 0.244 0.91 0.34
ukb.allasthma_pwy243_pc2 2 1 0.112 0.272 0.97 0.137
ukb.allasthma_pwy246_pc1 2 2 0.627 -0.164 0.306 0.58
ukb.allasthma_pwy246_pc5 2 2 0.847 -0.028 0.057 0.704
ukb.allasthma_pwy266_pc5 2 2 0.069 -0.12 0.988 0.163
ukb.allasthma_pwy269_pc1 2 2 0.032 -0.184 0.997 0.075
ukb.allasthma_pwy280_pc2 2 2 0.031 -0.243 0.998 0.052
ukb.allasthma_pwy281_pc5 2 1 0.919 -0.024 0.016 0.781
ukb.allasthma_pwy294_pc1 2 2 0.061 -0.18 0.991 0.181
ukb.allasthma_pwy33_pc5 2 2 0.114 -0.134 0.968 0.194
ukb.allasthma_pwy43_pc3 3 3 0.721 -0.064 0.078 0.726
ukb.allasthma_pwy49_pc5 2 2 0.221 -0.163 0.884 0.383
ukb.allasthma_pwy86_pc4 3 3 0.687 0.045 0.098 0.71
ukb.allasthma_pwy94_pc1 2 2 0.056 -0.174 0.992 0.17
wbc_pwy105_pc4 2 2 0.004 -0.084 1 0.011
wbc_pwy120_pc1 2 2 0.04 0.098 0.996 0.072
wbc_pwy167_pc3 2 1 0.331 0.115 0.753 0.479
wbc_pwy171_pc1 2 2 0.843 0.062 0.06 0.661
wbc_pwy186_pc2 2 2 0.433 -0.05 0.605 0.445
wbc_pwy191_pc1 2 2 0.189 0.112 0.915 0.39
wbc_pwy203_pc1 2 2 0.69 0.066 0.218 0.67
wbc_pwy209_pc5 2 2 0.593 -0.056 0.356 0.513
wbc_pwy221_pc3 2 2 0.054 -0.113 0.993 0.171
wbc_pwy224_pc3 2 2 0.051 -0.102 0.994 0.181
wbc_pwy235_pc1 2 2 0.096 0.128 0.978 0.265
wbc_pwy235_pc2 3 3 0.73 -0.029 0.073 0.751
wbc_pwy250_pc4 2 2 0.035 -0.152 0.997 0.055
wbc_pwy267_pc1 2 2 0.011 0.115 1 0.038
wbc_pwy268_pc1 2 2 0.898 -0.021 0.026 0.716
wbc_pwy275_pc1 2 2 0.621 -0.112 0.315 0.492
wbc_pwy276_pc1 2 2 0.551 -0.112 0.421 0.516
wbc_pwy278_pc3 3 3 0.918 -0.011 0.007 0.951
wbc_pwy283_pc1 2 2 0.083 0.108 0.983 0.253
wbc_pwy284_pc1 3 3 0.004 0.109 0.992 0.03
wbc_pwy313_pc5 2 2 0.095 -0.082 0.978 0.254
wbc_pwy317_pc3 3 3 0.829 -0.029 0.029 0.872
wbc_pwy319_pc1 3 3 0.017 0.13 0.966 0.096
wbc_pwy322_pc3 2 1 0.951 0.018 0.006 0.829
wbc_pwy326_pc5 2 1 0.647 0.089 0.277 0.524
wbc_pwy49_pc5 2 2 0.984 -0.002 0.001 0.952
wbc_pwy66_pc2 2 2 0.209 -0.167 0.896 0.451
wbc_pwy71_pc2 2 2 0.898 0.014 0.026 0.731
wbc_pwy71_pc3 2 2 0.91 -0.014 0.02 0.717
wbc_pwy77_pc1 2 2 0.085 0.11 0.982 0.254
wbc_pwy85_pc5 2 2 0.044 0.057 0.995 0.069
wbc_pwy98_pc5 4 4 0.894 -0.009 0.007 0.867
