factor num_snp_fdr<0.2 num_snp_noMHC pval_in_fitting slope_in_fitting rsq_in_fitting pval_in_resampling
HDL_pwy102_pc1 2 2 0.122 0.042 0.964 0.221
HDL_pwy103_pc4 5 5 0 -0.105 0.986 0.002
HDL_pwy104_pc3 2 1 0.07 -0.035 0.988 0.126
HDL_pwy11_pc3 6 6 0.25 0.044 0.253 0.211
HDL_pwy12_pc1 2 2 0.108 0.031 0.971 0.213
HDL_pwy133_pc2 2 2 0.775 -0.034 0.12 0.631
HDL_pwy179_pc4 2 2 0.429 -0.052 0.611 0.409
HDL_pwy181_pc2 2 2 0.042 0.049 0.996 0.095
HDL_pwy198_pc1 2 2 0.662 -0.117 0.256 0.532
HDL_pwy221_pc1 2 2 0.865 -0.03 0.044 0.753
HDL_pwy222_pc3 2 2 0.035 0.058 0.997 0.061
HDL_pwy232_pc1 2 2 0.021 -0.071 0.999 0.039
HDL_pwy233_pc2 2 2 0.753 -0.039 0.143 0.624
HDL_pwy236_pc1 2 2 0.938 0.019 0.009 0.914
HDL_pwy24_pc4 2 2 0.914 -0.008 0.018 0.843
HDL_pwy272_pc2 3 3 0.353 0.047 0.418 0.294
HDL_pwy292_pc4 2 2 0.819 0.02 0.078 0.684
HDL_pwy313_pc2 3 3 0.012 -0.079 0.976 0.035
HDL_pwy327_pc5 2 2 0.251 0.123 0.853 0.399
HDL_pwy32_pc5 2 2 0.831 0.049 0.069 0.74
HDL_pwy46_pc5 2 2 0.828 0.025 0.071 0.755
HDL_pwy51_pc3 2 2 0.119 0.084 0.966 0.221
HDL_pwy65_pc3 2 1 0.158 0.077 0.939 0.27
HDL_pwy68_pc4 3 3 0.011 0.069 0.978 0.035
HDL_pwy79_pc3 3 3 0.008 0.101 0.984 0.027
HDL_pwy80_pc3 5 5 0.261 -0.046 0.3 0.27
HDL_pwy84_pc5 2 2 0.621 0.041 0.315 0.575
HDL_pwy93_pc4 2 2 0.86 -0.028 0.047 0.777
HDL_pwy96_pc2 2 2 0.054 0.089 0.993 0.113
HDL_pwy98_pc1 3 3 0.553 -0.06 0.199 0.56
HDL_pwy99_pc5 2 2 0.026 0.059 0.998 0.051
LDL_pwy10_pc4 2 1 0.593 -0.058 0.356 0.592
LDL_pwy147_pc4 3 3 0.553 -0.067 0.2 0.551
LDL_pwy167_pc3 2 2 0.788 0.031 0.107 0.679
LDL_pwy185_pc4 2 2 0.48 -0.085 0.531 0.471
LDL_pwy186_pc4 5 5 0.085 -0.085 0.565 0.071
LDL_pwy187_pc4 2 2 0.139 0.072 0.953 0.243
LDL_pwy210_pc4 3 3 0.409 0.066 0.349 0.36
LDL_pwy214_pc5 2 2 0.087 -0.116 0.981 0.158
LDL_pwy238_pc2 2 2 0.782 -0.035 0.113 0.674
LDL_pwy239_pc1 2 2 0.119 -0.193 0.965 0.184
LDL_pwy279_pc4 2 2 0.858 0.018 0.049 0.793
LDL_pwy27_pc4 2 2 0.998 0 0 0.995
LDL_pwy309_pc1 2 2 0.266 -0.378 0.836 0.214
LDL_pwy320_pc4 2 2 0.985 0.002 0.001 0.975
LDL_pwy326_pc2 2 2 0.07 0.092 0.988 0.118
LDL_pwy34_pc5 4 4 0.477 0.046 0.179 0.511
LDL_pwy35_pc3 2 2 0.697 -0.199 0.21 0.608
LDL_pwy4_pc5 2 2 0.124 0.107 0.962 0.222
LDL_pwy53_pc1 2 2 0.696 -0.08 0.212 0.552
LDL_pwy54_pc5 3 3 0.502 -0.087 0.248 0.435
LDL_pwy61_pc2 3 1 0.345 -0.048 0.429 0.324
LDL_pwy78_pc3 2 1 0.081 0.052 0.984 0.138
LDL_pwy88_pc1 4 4 0.336 -0.153 0.303 0.332
LDL_pwy8_pc5 2 2 0.009 0.131 1 0.022
LDL_pwy9_pc3 2 2 0.874 -0.026 0.039 0.784
TC_pwy101_pc2 2 2 0.459 0.212 0.564 0.489
TC_pwy114_pc5 2 2 0.097 0.09 0.977 0.187
TC_pwy149_pc2 2 2 0.084 0.106 0.983 0.119
TC_pwy157_pc3 2 2 0.307 0.142 0.785 0.435
TC_pwy167_pc3 2 2 0.801 0.028 0.095 0.652
TC_pwy185_pc4 2 2 0.459 -0.101 0.564 0.462
TC_pwy186_pc4 2 2 0.55 -0.087 0.421 0.51
TC_pwy214_pc5 2 2 0.054 -0.132 0.993 0.119
TC_pwy239_pc1 2 2 0.134 -0.177 0.956 0.228
TC_pwy295_pc4 2 2 0.854 -0.03 0.052 0.736
TC_pwy309_pc1 2 2 0.301 -0.25 0.792 0.22
TC_pwy323_pc2 2 2 0.065 -0.032 0.99 0.113
TC_pwy39_pc3 2 2 0.765 -0.02 0.131 0.632
TC_pwy4_pc5 3 3 0.003 0.094 0.994 0.02
TC_pwy53_pc1 2 2 0.736 -0.065 0.163 0.596
TC_pwy54_pc5 2 2 0.975 0.006 0.002 0.948
TC_pwy76_pc3 2 2 0.692 0.039 0.216 0.578
TC_pwy78_pc3 2 1 0.116 0.059 0.967 0.225
TC_pwy80_pc2 2 2 0.192 0.159 0.911 0.316
TC_pwy83_pc4 2 2 0.71 0.061 0.194 0.573
TC_pwy9_pc3 2 2 0.926 -0.015 0.013 0.847
TG_pwy10_pc2 2 2 0.691 -0.025 0.218 0.536
TG_pwy10_pc3 2 2 0.109 -0.035 0.971 0.184
TG_pwy110_pc4 2 2 0.01 -0.085 1 0.01
TG_pwy141_pc2 2 2 0.694 -0.044 0.213 0.539
TG_pwy14_pc4 2 2 0.093 -0.075 0.979 0.179
TG_pwy169_pc1 2 2 0.853 -0.014 0.052 0.76
TG_pwy179_pc4 2 2 0.33 0.064 0.755 0.224
TG_pwy186_pc4 2 2 0.195 -0.1 0.909 0.268
TG_pwy209_pc2 2 2 0.153 -0.215 0.943 0.277
TG_pwy221_pc1 2 2 0.899 -0.014 0.025 0.809
TG_pwy239_pc5 2 2 0.719 0.041 0.183 0.61
TG_pwy24_pc4 2 2 0.051 0.065 0.993 0.111
TG_pwy280_pc3 2 2 0.317 -0.276 0.772 0.359
TG_pwy307_pc3 2 2 0.744 -0.061 0.153 0.646
TG_pwy320_pc5 2 1 0.987 -0.001 0 0.968
TG_pwy325_pc3 2 0 0.48 0.041 0.532 0.562
TG_pwy54_pc5 2 2 0.923 -0.017 0.015 0.834
TG_pwy6_pc4 2 2 0.851 0.019 0.054 0.757
TG_pwy6_pc5 2 2 0.104 -0.066 0.974 0.19
TG_pwy87_pc3 2 2 0.251 -0.18 0.852 0.38
TG_pwy9_pc3 2 2 0.333 0.107 0.751 0.43
