factor num_snp_fdr<0.2 num_snp_noMHC pval_in_fitting slope_in_fitting rsq_in_fitting pval_in_resampling
HDL_pwy1003_pc1 3 3 0.014 -0.046 0.972 0.046
HDL_pwy1004_pc1 3 3 0.011 -0.045 0.977 0.034
HDL_pwy1006_pc1 3 3 0.012 -0.04 0.976 0.037
HDL_pwy1007_pc1 3 3 0.013 -0.042 0.975 0.04
HDL_pwy1007_pc4 3 3 0.014 0.077 0.973 0.047
HDL_pwy1012_pc3 2 2 0.858 -0.022 0.049 0.771
HDL_pwy1015_pc1 2 1 0.562 0.217 0.402 0.514
HDL_pwy1018_pc1 3 3 0.013 -0.042 0.974 0.041
HDL_pwy1020_pc1 3 2 0.338 0.02 0.438 0.28
HDL_pwy1020_pc3 3 3 0.007 -0.051 0.986 0.029
HDL_pwy1027_pc5 2 2 0.816 -0.022 0.081 0.696
HDL_pwy1033_pc1 3 3 0.013 -0.044 0.974 0.043
HDL_pwy1035_pc1 3 3 0.013 -0.043 0.973 0.041
HDL_pwy103_pc1 3 3 0.017 -0.04 0.966 0.057
HDL_pwy104_pc1 2 2 0.123 0.058 0.963 0.223
HDL_pwy1080_pc1 4 4 0.001 0.056 0.984 0.003
HDL_pwy1080_pc4 3 3 0.011 0.077 0.979 0.038
HDL_pwy1087_pc1 2 2 0.782 0.112 0.113 0.642
HDL_pwy1093_pc4 2 2 0.433 0.068 0.605 0.415
HDL_pwy1094_pc1 4 4 0.133 0.035 0.583 0.117
HDL_pwy1106_pc5 3 3 0.236 -0.058 0.584 0.228
HDL_pwy1109_pc1 2 2 0.344 0.2 0.735 0.466
HDL_pwy1126_pc1 2 2 0.052 -0.1 0.993 0.059
HDL_pwy1134_pc1 3 3 0.01 -0.043 0.98 0.032
HDL_pwy1143_pc4 3 3 0.021 0.081 0.959 0.067
HDL_pwy1151_pc5 3 3 0.573 0.046 0.182 0.542
HDL_pwy1158_pc5 3 2 0.864 -0.014 0.018 0.88
HDL_pwy1159_pc4 2 2 0.032 0.065 0.997 0.031
HDL_pwy1164_pc1 5 5 0 0.052 0.976 0.002
HDL_pwy1165_pc1 3 3 0.012 -0.048 0.976 0.036
HDL_pwy1166_pc1 3 3 0.013 -0.047 0.975 0.04
HDL_pwy1166_pc4 3 3 0.014 -0.047 0.972 0.047
HDL_pwy1187_pc1 2 2 0.229 -0.108 0.876 0.391
HDL_pwy1201_pc1 2 2 0.785 -0.052 0.11 0.644
HDL_pwy1203_pc1 2 2 0.733 0.062 0.166 0.592
HDL_pwy1210_pc3 2 2 0.252 -0.245 0.851 0.402
HDL_pwy1213_pc1 2 2 0.118 -0.043 0.966 0.215
HDL_pwy1214_pc1 2 2 0.107 0.052 0.972 0.187
HDL_pwy1216_pc1 3 3 0.014 -0.042 0.973 0.042
HDL_pwy1217_pc1 3 3 0.014 -0.043 0.973 0.042
HDL_pwy1222_pc1 2 2 0.391 0.224 0.668 0.45
HDL_pwy1222_pc3 2 2 0.892 0.012 0.029 0.838
HDL_pwy1229_pc2 2 2 0.742 0.087 0.156 0.605
HDL_pwy1234_pc1 3 3 0.012 -0.039 0.975 0.037
HDL_pwy1239_pc1 3 3 0.634 0.026 0.134 0.638
HDL_pwy1244_pc1 3 3 0.013 -0.041 0.974 0.041
HDL_pwy126_pc1 3 3 0.014 -0.041 0.973 0.045
HDL_pwy129_pc1 3 3 0.015 -0.042 0.971 0.047
HDL_pwy12_pc3 2 2 0.252 -0.245 0.851 0.402
HDL_pwy130_pc1 3 3 0.013 -0.042 0.974 0.04
HDL_pwy132_pc1 2 2 0.098 0.027 0.977 0.191
HDL_pwy143_pc1 3 3 0.011 -0.046 0.979 0.034
HDL_pwy146_pc5 2 2 0.133 0.088 0.957 0.24
HDL_pwy14_pc1 3 3 0.013 -0.044 0.974 0.043
HDL_pwy153_pc3 2 2 0.942 -0.008 0.008 0.901
HDL_pwy163_pc1 5 5 0 -0.047 0.978 0.002
HDL_pwy16_pc1 3 3 0.014 -0.042 0.972 0.047
HDL_pwy173_pc1 3 3 0.016 -0.042 0.969 0.05
HDL_pwy174_pc1 3 3 0.015 -0.041 0.971 0.048
HDL_pwy177_pc1 3 3 0.012 -0.047 0.977 0.033
HDL_pwy17_pc1 3 3 0.014 -0.043 0.973 0.045
HDL_pwy183_pc1 3 3 0.656 -0.033 0.119 0.639
HDL_pwy187_pc4 4 4 0.619 0.065 0.093 0.619
HDL_pwy188_pc4 2 2 0.285 0.173 0.812 0.447
HDL_pwy189_pc3 3 3 0.655 -0.031 0.119 0.647
HDL_pwy18_pc1 3 3 0.014 -0.043 0.972 0.047
HDL_pwy198_pc4 2 2 0.107 0.089 0.972 0.193
HDL_pwy198_pc5 2 2 0.375 -0.228 0.692 0.496
HDL_pwy19_pc1 3 3 0.014 -0.043 0.973 0.043
HDL_pwy207_pc2 3 2 0.544 0.028 0.208 0.475
HDL_pwy212_pc1 3 3 0.014 -0.043 0.973 0.043
HDL_pwy225_pc1 2 2 0.094 -0.036 0.978 0.169
HDL_pwy227_pc1 3 3 0.012 -0.043 0.977 0.035
HDL_pwy237_pc1 3 3 0.008 -0.023 0.984 0.024
HDL_pwy23_pc5 2 2 0.143 0.11 0.951 0.248
HDL_pwy243_pc3 2 2 0.738 0.033 0.16 0.594
HDL_pwy252_pc1 3 3 0.02 -0.053 0.96 0.065
HDL_pwy25_pc1 3 3 0.014 -0.044 0.973 0.043
HDL_pwy260_pc4 2 2 0.348 0.305 0.73 0.468
HDL_pwy263_pc4 2 2 0.136 -0.095 0.955 0.241
HDL_pwy27_pc3 2 2 0.252 -0.245 0.851 0.402
HDL_pwy291_pc1 3 3 0.014 -0.044 0.973 0.043
HDL_pwy291_pc4 2 2 0.147 0.138 0.947 0.254
HDL_pwy294_pc1 3 3 0.012 0.043 0.976 0.039
HDL_pwy296_pc1 3 3 0.012 0.043 0.977 0.038
HDL_pwy296_pc5 2 2 0.809 -0.043 0.087 0.677
HDL_pwy299_pc1 5 5 0 0.051 0.987 0.001
HDL_pwy300_pc1 2 2 0.094 -0.038 0.979 0.166
HDL_pwy307_pc4 2 2 0.123 0.088 0.963 0.202
HDL_pwy313_pc1 3 3 0.007 -0.087 0.986 0.027
HDL_pwy320_pc1 3 3 0.328 -0.024 0.452 0.269
HDL_pwy329_pc1 3 3 0.012 -0.043 0.975 0.036
HDL_pwy337_pc1 3 3 0.013 -0.042 0.974 0.04
HDL_pwy339_pc5 2 2 0.12 -0.103 0.965 0.217
HDL_pwy343_pc2 2 2 0.913 -0.022 0.018 0.845
HDL_pwy344_pc2 2 2 0.913 -0.022 0.018 0.845
HDL_pwy347_pc2 2 1 0.193 -0.114 0.911 0.323
HDL_pwy352_pc4 4 4 0.116 -0.112 0.615 0.137
HDL_pwy356_pc4 2 2 0.795 -0.038 0.1 0.665
HDL_pwy359_pc1 3 3 0.013 -0.043 0.973 0.042
HDL_pwy360_pc1 3 3 0.014 -0.042 0.973 0.042
HDL_pwy361_pc1 3 3 0.013 -0.04 0.974 0.04
HDL_pwy362_pc1 3 3 0.013 -0.04 0.975 0.039
HDL_pwy362_pc3 4 4 0.006 -0.156 0.942 0.028
HDL_pwy363_pc1 3 3 0.01 0.043 0.98 0.033
HDL_pwy367_pc1 2 2 0.736 0.044 0.163 0.591
HDL_pwy372_pc2 4 4 0.001 -0.084 0.985 0.004
HDL_pwy374_pc2 3 3 0.238 -0.062 0.581 0.255
HDL_pwy377_pc2 8 8 0.004 0.08 0.719 0.003
HDL_pwy37_pc1 2 2 0.87 0.016 0.041 0.771
HDL_pwy382_pc1 3 3 0.013 -0.044 0.974 0.04
HDL_pwy383_pc1 3 3 0.014 -0.042 0.972 0.046
HDL_pwy383_pc3 4 4 0 -0.067 0.989 0.002
HDL_pwy389_pc1 3 3 0.014 -0.041 0.973 0.044
HDL_pwy389_pc3 2 2 0.043 -0.082 0.995 0.093
HDL_pwy390_pc1 3 3 0.014 -0.041 0.972 0.046
HDL_pwy390_pc5 2 2 0.015 0.09 0.999 0.032
HDL_pwy398_pc4 2 2 0.994 -0.001 0 0.991
HDL_pwy3_pc1 3 3 0.013 -0.043 0.975 0.036
HDL_pwy43_pc1 3 3 0.014 -0.043 0.973 0.044
HDL_pwy455_pc1 6 6 0 -0.048 0.983 0
HDL_pwy455_pc5 3 3 0.021 0.068 0.958 0.069
HDL_pwy457_pc1 5 5 0 -0.045 0.98 0.003
HDL_pwy47_pc3 2 2 0.047 -0.157 0.995 0.103
HDL_pwy481_pc3 2 2 0.819 0.039 0.079 0.821
HDL_pwy482_pc4 5 5 0 0.107 0.999 0
HDL_pwy506_pc2 3 3 0.008 0.084 0.984 0.026
HDL_pwy530_pc4 2 2 0.111 -0.076 0.97 0.189
HDL_pwy533_pc1 3 3 0.008 0.077 0.985 0.02
HDL_pwy536_pc1 2 2 0.078 0.067 0.985 0.117
HDL_pwy538_pc1 3 3 0.011 -0.047 0.978 0.031
HDL_pwy53_pc2 2 2 0.022 0.079 0.999 0.035
HDL_pwy54_pc1 3 3 0.012 -0.045 0.977 0.034
HDL_pwy550_pc5 2 2 0.343 -0.134 0.737 0.468
HDL_pwy56_pc1 2 2 0.168 -0.111 0.932 0.281
HDL_pwy577_pc1 3 3 0.012 0.045 0.975 0.036
HDL_pwy578_pc4 6 6 0.001 0.083 0.925 0.002
HDL_pwy579_pc2 2 2 0.418 0.135 0.627 0.484
HDL_pwy579_pc3 3 3 0.017 -0.027 0.967 0.056
HDL_pwy57_pc3 3 3 0.002 0.095 0.995 0.007
HDL_pwy581_pc3 4 3 0.813 0.005 0.022 0.783
HDL_pwy584_pc1 2 2 0.014 -0.107 1 0.011
HDL_pwy597_pc5 2 2 0.939 0.006 0.009 0.895
HDL_pwy5_pc1 2 2 0.101 -0.045 0.975 0.191
HDL_pwy619_pc5 2 2 0.945 0.009 0.008 0.877
HDL_pwy629_pc2 2 2 0.734 -0.08 0.165 0.589
HDL_pwy639_pc1 3 3 0.012 -0.043 0.976 0.035
HDL_pwy648_pc1 2 1 0.864 -0.022 0.045 0.748
HDL_pwy649_pc2 2 2 0.537 0.08 0.441 0.541
HDL_pwy651_pc4 2 2 0.02 -0.057 0.999 0.037
HDL_pwy656_pc1 3 3 0.521 0.047 0.229 0.447
HDL_pwy657_pc1 3 3 0.011 -0.049 0.977 0.034
HDL_pwy657_pc2 3 3 0.574 -0.041 0.182 0.593
HDL_pwy65_pc1 3 2 0.354 -0.018 0.418 0.282
HDL_pwy65_pc3 2 2 0.085 -0.061 0.982 0.163
HDL_pwy661_pc5 2 2 0.086 0.104 0.982 0.167
HDL_pwy664_pc4 2 2 0.911 -0.02 0.02 0.818
HDL_pwy673_pc1 3 3 0.012 -0.041 0.977 0.035
HDL_pwy679_pc1 2 2 0.09 0.028 0.98 0.176
HDL_pwy685_pc1 2 1 0.957 -0.005 0.005 0.906
HDL_pwy700_pc2 3 3 0.005 -0.055 0.99 0.013
HDL_pwy703_pc5 2 2 0.83 -0.024 0.069 0.706
HDL_pwy714_pc1 2 2 0.736 0.044 0.163 0.591
HDL_pwy722_pc5 2 2 0.753 0.09 0.144 0.616
HDL_pwy728_pc1 2 2 0.103 -0.037 0.974 0.181
HDL_pwy737_pc1 3 3 0.012 -0.042 0.977 0.035
HDL_pwy737_pc3 2 2 0.167 -0.116 0.933 0.284
HDL_pwy740_pc1 3 3 0.015 -0.042 0.97 0.048
HDL_pwy740_pc5 2 2 0.101 0.047 0.975 0.177
HDL_pwy758_pc5 6 6 0 0.085 0.979 0.001
HDL_pwy767_pc2 2 2 0.09 -0.075 0.98 0.173
HDL_pwy783_pc5 5 5 0.719 0.018 0.036 0.717
HDL_pwy792_pc3 2 2 0.018 0.088 0.999 0.033
HDL_pwy800_pc4 3 3 0.01 0.088 0.98 0.035
HDL_pwy800_pc5 2 2 0.081 0.081 0.984 0.138
HDL_pwy814_pc3 2 2 0.104 -0.089 0.974 0.203
HDL_pwy835_pc3 2 2 0.686 0.067 0.224 0.547
HDL_pwy851_pc1 2 2 0.031 -0.067 0.998 0.062
HDL_pwy863_pc1 2 2 0.986 0.002 0 0.98
HDL_pwy880_pc1 2 2 0.083 -0.065 0.983 0.126
HDL_pwy915_pc5 2 2 0.106 -0.074 0.972 0.171
HDL_pwy916_pc5 2 2 0.106 -0.074 0.972 0.171
HDL_pwy923_pc2 3 3 0.238 -0.062 0.581 0.255
HDL_pwy925_pc2 3 3 0.238 -0.062 0.581 0.255
HDL_pwy928_pc2 3 3 0.238 -0.062 0.581 0.255
HDL_pwy929_pc2 3 3 0.238 -0.062 0.581 0.255
HDL_pwy930_pc2 3 3 0.238 -0.062 0.581 0.255
HDL_pwy933_pc1 2 2 0.441 -0.12 0.593 0.47
HDL_pwy937_pc1 2 2 0.422 -0.137 0.621 0.46
HDL_pwy939_pc1 2 2 0.047 0.081 0.994 0.055
HDL_pwy947_pc1 3 3 0.012 -0.042 0.975 0.037
HDL_pwy954_pc1 3 3 0.014 -0.04 0.973 0.047
HDL_pwy963_pc3 2 2 0.037 0.105 0.997 0.056
HDL_pwy964_pc1 2 2 0.16 0.135 0.938 0.29
HDL_pwy964_pc3 2 2 0.118 -0.098 0.966 0.215
HDL_pwy96_pc3 2 2 0.714 0.068 0.189 0.567
HDL_pwy980_pc1 2 2 0.108 -0.132 0.972 0.161
HDL_pwy985_pc1 3 3 0.013 -0.042 0.973 0.043
HDL_pwy986_pc1 3 3 0.014 -0.043 0.972 0.045
HDL_pwy992_pc1 3 3 0.013 -0.042 0.975 0.04
HDL_pwy9_pc4 2 2 0.368 -0.171 0.701 0.481
LDL_pwy1017_pc3 2 2 0.061 0.045 0.991 0.125
LDL_pwy101_pc2 2 1 0.51 0.176 0.485 0.523
LDL_pwy1025_pc1 3 3 0.406 0.103 0.353 0.344
LDL_pwy104_pc5 2 2 0.001 -0.093 1 0.002
LDL_pwy1071_pc3 2 2 0.75 -0.042 0.146 0.6
LDL_pwy1098_pc4 2 2 0.279 -0.135 0.82 0.359
LDL_pwy109_pc5 2 2 0.923 0.011 0.015 0.878
LDL_pwy1109_pc4 2 2 0.527 -0.278 0.457 0.529
LDL_pwy1113_pc4 2 2 0.209 -0.186 0.896 0.318
LDL_pwy1139_pc4 2 2 0.725 0.072 0.175 0.628
LDL_pwy1186_pc2 2 1 0.017 0.081 0.999 0.035
LDL_pwy1216_pc4 2 2 0.634 -0.071 0.295 0.519
LDL_pwy1246_pc5 2 2 0.785 -0.052 0.11 0.677
LDL_pwy1256_pc1 2 1 0.15 0.149 0.946 0.175
LDL_pwy125_pc4 2 2 0.08 -0.107 0.984 0.162
LDL_pwy147_pc4 2 2 0.155 0.077 0.942 0.28
LDL_pwy169_pc2 2 2 0.728 -0.097 0.172 0.567
LDL_pwy183_pc4 2 2 0.802 0.055 0.093 0.654
LDL_pwy185_pc4 3 3 0.733 0.032 0.072 0.736
LDL_pwy189_pc5 2 2 0.83 -0.042 0.07 0.696
LDL_pwy202_pc2 2 2 0.224 -0.12 0.882 0.358
LDL_pwy211_pc5 2 2 0.234 0.132 0.871 0.343
LDL_pwy228_pc3 2 2 0.577 0.061 0.38 0.559
LDL_pwy231_pc5 3 3 0.863 0.011 0.019 0.892
LDL_pwy270_pc5 2 2 0.657 -0.067 0.264 0.528
LDL_pwy299_pc4 3 3 0.443 -0.047 0.31 0.465
LDL_pwy2_pc3 2 2 0.82 0.044 0.078 0.711
LDL_pwy321_pc2 2 2 0.983 0.002 0.001 0.968
LDL_pwy339_pc5 3 3 0.03 0.247 0.94 0.04
LDL_pwy343_pc3 2 2 0.773 -0.051 0.122 0.663
LDL_pwy344_pc3 2 2 0.773 -0.051 0.122 0.663
LDL_pwy355_pc3 2 2 0.815 0.054 0.082 0.72
LDL_pwy356_pc5 2 2 0.149 0.185 0.946 0.243
LDL_pwy358_pc2 2 2 0.991 0.002 0 0.989
LDL_pwy358_pc3 2 1 0.597 0.045 0.35 0.597
LDL_pwy40_pc2 2 2 0.002 -0.091 1 0.003
LDL_pwy415_pc5 2 1 0.514 0.18 0.479 0.524
LDL_pwy424_pc5 2 2 0.121 0.113 0.964 0.122
LDL_pwy425_pc5 2 2 0.136 -0.117 0.955 0.144
LDL_pwy436_pc4 2 2 0.219 0.275 0.886 0.317
LDL_pwy448_pc2 2 2 0.76 0.057 0.136 0.654
LDL_pwy454_pc5 2 2 0.03 0.076 0.998 0.032
LDL_pwy458_pc4 3 1 0.586 -0.074 0.172 0.538
LDL_pwy460_pc2 3 3 0.001 -0.08 0.998 0.004
LDL_pwy46_pc4 3 3 0.195 -0.142 0.648 0.209
LDL_pwy473_pc2 2 2 0.075 -0.078 0.986 0.139
LDL_pwy474_pc4 2 2 0.035 0.097 0.997 0.064
LDL_pwy480_pc4 2 2 0.803 0.035 0.093 0.654
LDL_pwy503_pc4 2 1 0.657 -0.056 0.263 0.548
LDL_pwy554_pc4 3 3 0.086 0.121 0.835 0.131
LDL_pwy555_pc4 3 3 0.086 0.121 0.835 0.131
LDL_pwy562_pc4 2 2 0.76 -0.054 0.135 0.6
LDL_pwy56_pc1 2 2 0.166 -0.344 0.934 0.144
LDL_pwy588_pc4 4 4 0.553 0.041 0.129 0.575
LDL_pwy598_pc4 2 2 0.885 0.014 0.032 0.772
LDL_pwy648_pc1 3 3 0.639 0.05 0.13 0.656
LDL_pwy64_pc1 2 2 0.827 -0.038 0.072 0.732
LDL_pwy651_pc5 2 2 0.685 0.092 0.225 0.55
LDL_pwy652_pc4 3 3 0.244 -0.12 0.571 0.247
LDL_pwy654_pc2 2 2 0.796 -0.046 0.099 0.649
LDL_pwy661_pc1 2 2 0.154 -0.197 0.943 0.205
LDL_pwy690_pc4 2 2 0.08 -0.107 0.984 0.162
LDL_pwy721_pc1 2 2 0.049 0.084 0.994 0.074
LDL_pwy725_pc1 3 3 0.065 -0.362 0.874 0.059
LDL_pwy726_pc2 2 2 0.487 0.138 0.52 0.475
LDL_pwy740_pc2 2 2 0.127 -0.143 0.96 0.133
LDL_pwy748_pc2 2 2 0.883 0.014 0.033 0.821
LDL_pwy824_pc1 2 2 0.204 -0.354 0.901 0.2
LDL_pwy856_pc3 3 3 0.156 0.141 0.712 0.172
LDL_pwy863_pc5 2 2 0.007 0.071 1 0.009
LDL_pwy871_pc3 2 2 0.129 0.127 0.959 0.133
LDL_pwy88_pc2 2 2 0.12 0.46 0.965 0.067
LDL_pwy896_pc1 2 2 0.809 -0.04 0.087 0.664
LDL_pwy906_pc5 2 2 0.218 0.148 0.888 0.353
LDL_pwy912_pc5 2 1 0.739 -0.062 0.159 0.577
LDL_pwy915_pc5 2 2 0.854 0.056 0.052 0.764
LDL_pwy916_pc5 2 2 0.854 0.056 0.052 0.764
LDL_pwy942_pc1 3 2 0.402 0.094 0.357 0.369
LDL_pwy977_pc5 3 3 0.863 0.011 0.019 0.892
LDL_pwy989_pc5 3 3 0.054 -0.38 0.896 0.053
LDL_pwy990_pc4 2 2 0.358 0.315 0.715 0.419
TC_pwy1005_pc5 2 2 0.23 -0.126 0.876 0.368
TC_pwy1017_pc3 2 2 0.082 0.046 0.983 0.165
TC_pwy101_pc5 2 1 0.599 -0.03 0.346 0.575
TC_pwy1020_pc2 2 2 0.942 -0.01 0.008 0.915
TC_pwy1025_pc1 3 3 0.428 0.095 0.328 0.323
TC_pwy1051_pc4 2 2 0.028 0.064 0.998 0.043
TC_pwy1062_pc3 2 2 0.006 0.074 1 0.008
TC_pwy1067_pc1 2 2 0.774 -0.036 0.121 0.706
TC_pwy1101_pc2 2 2 0.097 -0.077 0.977 0.104
TC_pwy1109_pc4 2 2 0.593 -0.199 0.356 0.529
TC_pwy1117_pc5 2 2 0.773 -0.085 0.121 0.633
TC_pwy1121_pc4 2 2 0.051 0.075 0.994 0.105
TC_pwy1124_pc5 2 2 0.981 -0.002 0.001 0.96
TC_pwy1126_pc1 2 2 0.733 0.055 0.166 0.607
TC_pwy1128_pc3 3 3 0.37 -0.245 0.397 0.323
TC_pwy1154_pc4 3 3 0.533 -0.046 0.218 0.447
TC_pwy1155_pc3 3 3 0.414 -0.051 0.344 0.337
TC_pwy1193_pc2 2 2 0.964 0.007 0.003 0.95
TC_pwy11_pc1 2 2 0.139 0.154 0.953 0.272
TC_pwy1202_pc5 2 2 0.445 0.41 0.585 0.487
TC_pwy1203_pc5 2 2 0.469 -0.4 0.548 0.498
TC_pwy1219_pc4 2 2 0.331 -0.641 0.753 0.437
TC_pwy1222_pc2 2 2 0.794 -0.037 0.101 0.693
TC_pwy1229_pc2 2 2 0.288 0.098 0.808 0.426
TC_pwy1246_pc5 2 2 0.777 -0.05 0.118 0.628
TC_pwy1256_pc1 2 2 0.954 0.013 0.005 0.903
TC_pwy125_pc4 2 2 0.033 -0.104 0.997 0.076
TC_pwy138_pc5 2 1 0.814 -0.016 0.083 0.686
TC_pwy147_pc4 3 3 0.89 0.011 0.012 0.932
TC_pwy183_pc1 2 2 0.931 -0.01 0.012 0.858
TC_pwy183_pc4 2 2 0.834 0.044 0.066 0.697
TC_pwy189_pc5 2 2 0.138 0.071 0.954 0.221
TC_pwy198_pc5 3 3 0.534 0.107 0.217 0.516
TC_pwy202_pc2 3 3 0.408 -0.068 0.351 0.304
TC_pwy21_pc4 2 1 0.248 -0.184 0.855 0.377
TC_pwy22_pc2 2 2 0.694 0.057 0.214 0.563
TC_pwy23_pc5 3 3 0.004 0.119 0.992 0.014
TC_pwy256_pc2 2 1 0.808 -0.019 0.088 0.679
TC_pwy260_pc5 2 2 0.958 -0.009 0.004 0.938
TC_pwy2_pc3 2 2 0.651 0.12 0.271 0.546
TC_pwy301_pc4 2 2 0.797 -0.026 0.098 0.724
TC_pwy314_pc1 2 2 0.789 -0.036 0.106 0.713
TC_pwy321_pc2 4 3 0.917 0.005 0.004 0.916
TC_pwy331_pc3 2 2 0.906 0.014 0.022 0.834
TC_pwy333_pc3 2 2 0.9 0.015 0.024 0.825
TC_pwy334_pc1 2 2 0.042 -0.059 0.996 0.072
TC_pwy335_pc3 2 2 0.914 0.012 0.018 0.842
TC_pwy339_pc2 2 2 0.043 0.098 0.995 0.074
TC_pwy339_pc5 3 3 0.009 0.171 0.983 0.022
TC_pwy340_pc2 2 2 0 0.106 1 0.001
TC_pwy343_pc3 3 3 0.974 -0.003 0.001 0.984
TC_pwy344_pc3 3 3 0.974 -0.003 0.001 0.984
TC_pwy355_pc3 3 3 0.695 0.052 0.093 0.719
TC_pwy356_pc4 3 3 0.782 -0.038 0.048 0.838
TC_pwy356_pc5 2 2 0.145 0.172 0.949 0.274
TC_pwy368_pc2 2 1 0.808 -0.019 0.088 0.679
TC_pwy40_pc2 3 2 0.008 -0.088 0.985 0.031
TC_pwy436_pc1 2 2 0.778 0.031 0.116 0.7
TC_pwy446_pc5 2 2 0.284 -0.185 0.814 0.415
TC_pwy448_pc2 2 2 0.752 0.054 0.144 0.604
TC_pwy46_pc4 2 2 0.498 -0.088 0.503 0.534
TC_pwy47_pc3 2 2 0.113 -0.128 0.969 0.21
TC_pwy480_pc4 2 2 0.672 0.077 0.243 0.544
TC_pwy492_pc2 2 2 0.03 -0.062 0.998 0.051
TC_pwy501_pc1 3 3 0.814 0.021 0.034 0.866
TC_pwy517_pc4 2 2 0.339 -0.265 0.743 0.444
TC_pwy53_pc2 2 2 0.068 0.063 0.989 0.144
TC_pwy554_pc4 3 3 0.095 0.109 0.819 0.141
TC_pwy555_pc4 3 3 0.095 0.109 0.819 0.141
TC_pwy562_pc4 2 2 0.809 -0.04 0.087 0.671
TC_pwy56_pc1 2 2 0.139 -0.235 0.953 0.098
TC_pwy573_pc2 2 2 0.641 -0.077 0.286 0.532
TC_pwy598_pc4 2 2 0.864 0.012 0.045 0.761
TC_pwy60_pc3 2 2 0.037 -0.084 0.997 0.072
TC_pwy627_pc4 2 2 0.153 0.406 0.943 0.247
TC_pwy629_pc1 2 2 0.664 -0.216 0.253 0.551
TC_pwy635_pc4 2 2 0.976 0.002 0.001 0.957
TC_pwy651_pc5 2 2 0.308 0.121 0.784 0.395
TC_pwy654_pc2 2 2 0.828 -0.037 0.071 0.69
TC_pwy658_pc3 2 2 0.981 0.003 0.001 0.96
TC_pwy681_pc5 2 2 0.17 -0.114 0.93 0.308
TC_pwy685_pc1 2 2 0.171 -0.085 0.929 0.317
TC_pwy690_pc4 2 2 0.033 -0.104 0.997 0.076
TC_pwy692_pc1 2 2 0.154 -0.353 0.942 0.296
TC_pwy710_pc2 2 2 0.966 0.006 0.003 0.953
TC_pwy725_pc1 2 2 0.114 -0.274 0.968 0.047
TC_pwy726_pc2 2 2 0.447 0.167 0.582 0.454
TC_pwy743_pc4 2 2 0.636 0.213 0.293 0.532
TC_pwy753_pc1 2 2 0.056 -0.147 0.992 0.096
TC_pwy769_pc2 3 2 0.818 0.014 0.033 0.826
TC_pwy774_pc3 2 2 0.833 -0.039 0.067 0.722
TC_pwy775_pc2 3 2 0.801 0.014 0.04 0.865
TC_pwy794_pc4 2 2 0.018 -0.058 0.999 0.032
TC_pwy824_pc1 2 2 0.177 -0.242 0.925 0.17
TC_pwy834_pc3 2 2 0.523 0.35 0.464 0.514
TC_pwy845_pc5 2 2 0.004 0.09 1 0.012
TC_pwy856_pc3 3 3 0.216 0.094 0.615 0.234
TC_pwy859_pc5 2 2 0.02 0.102 0.999 0.042
TC_pwy919_pc2 3 2 0.003 -0.084 0.994 0.012
TC_pwy945_pc4 2 2 0.121 -0.078 0.964 0.233
TC_pwy949_pc4 2 2 0.945 -0.008 0.007 0.891
TC_pwy952_pc2 2 1 0.816 0.024 0.081 0.687
TC_pwy963_pc3 2 1 0.015 0.136 0.999 0.035
TC_pwy972_pc2 2 1 0.808 -0.019 0.088 0.679
TC_pwy989_pc5 2 2 0.006 -0.087 1 0.017
TC_pwy98_pc5 2 2 0.974 0.002 0.002 0.948
TC_pwy995_pc5 2 2 0.092 -0.084 0.979 0.123
TG_pwy101_pc5 2 0 0.205 -0.049 0.9 0.231
TG_pwy1041_pc3 2 2 0.053 0.082 0.993 0.102
TG_pwy1057_pc4 2 2 0.738 0.072 0.16 0.722
TG_pwy1066_pc3 2 2 0.689 0.061 0.22 0.581
TG_pwy106_pc2 2 1 0.427 0.037 0.613 0.5
TG_pwy114_pc3 3 3 0.049 0.229 0.905 0.11
TG_pwy1156_pc2 2 2 0.772 0.042 0.123 0.723
TG_pwy1215_pc4 2 2 0.566 -0.079 0.397 0.591
TG_pwy1262_pc5 2 1 0.572 -0.066 0.387 0.619
TG_pwy145_pc2 2 1 0.417 -0.08 0.628 0.485
TG_pwy156_pc1 2 1 0.004 0.06 1 0.003
TG_pwy189_pc3 2 2 0.791 0.058 0.104 0.695
TG_pwy207_pc2 4 4 0.992 0 0 0.993
TG_pwy262_pc3 2 2 0.034 0.076 0.997 0.051
TG_pwy271_pc2 2 2 0.096 0.133 0.977 0.103
TG_pwy272_pc2 2 2 0.105 0.135 0.973 0.111
TG_pwy339_pc5 2 2 0.189 0.368 0.914 0.268
TG_pwy399_pc5 2 1 0.723 0.035 0.178 0.661
TG_pwy448_pc3 2 2 0.715 0.053 0.188 0.618
TG_pwy452_pc2 2 1 0.396 0.022 0.661 0.458
TG_pwy468_pc1 2 2 0.587 -0.084 0.365 0.643
TG_pwy47_pc5 3 0 0.012 -0.146 0.977 0.036
TG_pwy481_pc1 2 2 0.456 0.23 0.569 0.51
TG_pwy481_pc3 2 2 0.889 0.041 0.03 0.855
TG_pwy528_pc3 2 2 0.995 0.001 0 0.99
TG_pwy540_pc2 2 2 0.763 0.06 0.133 0.723
TG_pwy587_pc5 2 2 0.802 0.066 0.094 0.706
TG_pwy597_pc5 3 3 0.454 -0.029 0.298 0.308
TG_pwy619_pc5 2 2 0.772 -0.054 0.123 0.671
TG_pwy648_pc1 2 2 0.953 0.005 0.005 0.902
TG_pwy648_pc3 2 2 0.871 -0.01 0.041 0.767
TG_pwy657_pc2 2 2 0.493 0.084 0.511 0.561
TG_pwy662_pc3 2 2 0.356 0.113 0.719 0.471
TG_pwy664_pc4 3 3 0.822 0.037 0.032 0.865
TG_pwy692_pc1 2 2 0.239 0.256 0.866 0.339
TG_pwy723_pc1 2 1 0.426 0.046 0.615 0.499
TG_pwy726_pc2 2 2 0.507 0.135 0.489 0.549
TG_pwy735_pc5 2 2 0.037 -0.076 0.997 0.043
TG_pwy75_pc3 2 2 0.126 0.083 0.961 0.26
TG_pwy767_pc2 2 2 0.07 0.074 0.988 0.141
TG_pwy768_pc4 2 2 0.083 -0.035 0.983 0.151
TG_pwy813_pc3 2 2 0.166 0.089 0.933 0.307
TG_pwy847_pc2 2 1 0.209 0.238 0.896 0.285
TG_pwy855_pc4 2 2 0.052 0.063 0.993 0.109
TG_pwy862_pc5 2 2 0.868 0.018 0.043 0.787
TG_pwy907_pc2 2 2 0.481 0.222 0.529 0.521
TG_pwy91_pc2 2 2 0.105 0.135 0.973 0.111
TG_pwy924_pc2 2 2 0.757 -0.046 0.139 0.722
TG_pwy935_pc2 2 2 0.72 -0.051 0.181 0.722
TG_pwy936_pc2 2 2 0.707 -0.053 0.198 0.722
TG_pwy937_pc2 2 2 0.739 0.054 0.159 0.722
TG_pwy945_pc4 2 2 0.068 0.051 0.989 0.124
TG_pwy98_pc3 2 2 0.11 0.083 0.97 0.226
TG_pwy995_pc5 2 2 0.766 -0.067 0.129 0.664
