factor num_snp_fdr<0.2 num_snp_noMHC pval_in_fitting slope_in_fitting pval_in_resampling IVW_estimate IVW_pval IVW_resampling_pval
pwy110_pc3 2 0 0.002 -0.081 0.006 -0.0813506101935952 1.12139285033474e-24 0.012
pwy131_pc4 2 2 0.006 -0.062 0.002 -0.0615381154987521 6.64285946236432e-19 0.078
pwy15_pc3 2 2 0.068 -0.154 0.155 -0.152907308113028 5.87616762682854e-22 0.33
pwy175_pc2 2 0 0.767 0.048 0.639 0.0149366403403435 0.336459021475319 0.82
pwy193_pc4 2 0 0.265 0.189 0.445 0.174401973298881 1.04044574593753e-39 0.177
pwy193_pc5 11 0 0.003 -0.084 0.004 -0.0530936174814658 0.00844691721325376 0.074
pwy196_pc4 2 0 0.034 -0.051 0.087 -0.0509269982701013 1.3023198608419e-24 0.014
pwy238_pc3 2 0 0.236 0.179 0.428 0.166337779948849 2.94561735516591e-41 0.166
pwy238_pc5 10 0 0.004 0.075 0.002 0.0454662124433364 0.0158220931408882 0.114
pwy26_pc4 3 0 0.111 -0.077 0.153 -0.0446069620862074 1.44713216314581e-09 0.382
pwy310_pc3 2 2 0.048 0.086 0.098 0.0849609587117936 5.89546714276481e-18 0.413
pwy320_pc3 11 0 0.002 0.075 0.003 0.0477610541521655 0.00790482772108312 0.065
pwy321_pc5 9 0 0.008 0.076 0.015 0.0466719847345705 0.0278837043601672 0.131
pwy324_pc4 3 3 0.936 0.009 0.926 0.0743950272737523 7.14991187444256e-14 0.404
pwy325_pc3 2 0 0.239 0.177 0.43 0.164187358146676 4.13598517755673e-41 0.166
pwy325_pc4 9 0 0.006 0.075 0.013 0.0456549858947212 0.0254233919938983 0.13
pwy325_pc5 2 0 0.331 -0.126 0.453 -0.114330643789238 5.50204899542378e-36 0.208
pwy326_pc4 11 0 0.002 -0.073 0.004 -0.0471465126654325 0.00941175182643396 0.071
pwy327_pc3 2 2 0.045 -0.101 0.023 -0.10434281768036 4.36824499753733e-22 0.077
pwy33_pc5 2 2 0.009 0.164 0.022 0.164943484206628 3.68075995587834e-20 0.397
pwy331_pc5 3 0 0.054 0.132 0.077 0.145229630759095 5.36460539897215e-49 0.079
pwy35_pc1 2 0 0.096 -0.151 0.217 -0.158702984557976 8.06961768862173e-23 0.351
pwy39_pc4 2 0 0.997 0.001 0.991 0.00871230739810326 0.607914453699355 0.947
pwy45_pc3 2 0 0.426 -0.074 0.416 -0.0305614752646033 0.00169775168480956 0.619
pwy76_pc3 2 2 0.985 0.006 0.97 -0.0118040362644482 0.643801083750421 0.885
pwy77_pc4 2 0 0.038 -0.157 0.013 -0.164916845795397 2.78319328194646e-18 0.168
pwy80_pc4 2 2 0.1 -0.353 0.26 -0.351919636476 3.53575752891067e-65 0.071
pwy82_pc5 2 2 0.607 -0.283 0.496 -0.173484006525345 5.20186638341226e-10 0.558
pwy95_pc4 2 0 0.062 0.061 0.149 0.0594926532579463 3.84225637286422e-21 0.011
pwy97_pc4 2 0 0.041 0.088 0.108 0.0892220323251389 1.38746677215608e-24 0.014
pwy99_pc4 3 0 0 -0.118 0 -0.11784264167739 2.77353980887162e-31 0.021
pwy185_pc5 2 0 0.011 -2.157 0.076 -2.14847359479784 0 0
pwy186_pc5 2 0 0.003 -2.03 0.026 -2.03256835662849 0 0
pwy193_pc4 2 0 0.144 -1.881 0.104 -2.05669552632077 0 0
pwy193_pc5 23 0 0.04 0.493 0.067 0.696548874185083 0.00275274976317301 0.02
pwy21_pc3 2 2 0.18 -1.334 0.673 -1.40047406020649 0 0
pwy238_pc3 2 0 0.091 -2.587 0.122 -2.60762838113982 0 0
pwy238_pc4 3 0 0.481 1.583 0.125 1.50572276631961 0 0
pwy238_pc5 27 0 0.015 -0.513 0.035 -0.690480837734061 0.000344731250357026 0.013
pwy279_pc5 3 3 0.013 -2.717 0.09 -2.74366675166028 0 0
pwy320_pc3 27 0 0.038 -0.426 0.051 -0.605527451193136 0.00268114914461371 0.012
pwy321_pc3 4 0 0.995 0.014 1 0.0375722849845968 0.984214742181405 0.99
pwy321_pc5 27 0 0.006 -0.632 0.017 -0.783131684264844 0.000286895925143029 0.008
pwy325_pc3 6 0 0.36 1.174 0.256 0.613484695671102 0.650065655774753 0.54
pwy325_pc4 25 0 0.009 -0.574 0.028 -0.705493883886494 0.000652296109284577 0.015
pwy325_pc5 10 0 0.266 0.789 0.328 0.969800641885956 0.196955631304319 0.289
pwy326_pc3 3 0 0.577 -1.061 0.206 -0.553243263186597 0 0
pwy326_pc4 29 0 0.021 0.478 0.035 0.64994872222433 0.000996575618517809 0.008
pwy331_pc5 2 0 0.889 0.479 0.724 0.670136781057973 0 0
pwy50_pc4 3 0 0.568 -1.057 0.848 -0.609915093406359 8.56820777269725e-113 0.735
pwy64_pc3 2 2 0.885 -0.812 0.57 0.988802160533098 6.79301040122447e-187 0.625
pwy99_pc3 2 2 0.051 -2.894 0.359 -2.9213638256487 0 0
pwy107_pc4 2 2 0.949 -0.009 0.858 0.00132016633848101 0.909803553768975 0.986
pwy131_pc3 2 2 0.858 -0.007 0.673 0.00430733428406622 0.218604281933714 0.909
pwy134_pc3 2 2 0.32 -0.154 0.474 -0.153590629660806 9.98756947593535e-125 0.017
pwy146_pc4 2 2 0.747 0.051 0.564 0.0962301361086889 9.67136602476592e-64 0.046
pwy15_pc5 2 2 0.101 0.091 0.252 0.0926722575913894 2.88709152313575e-20 0.4
pwy165_pc5 2 2 0.399 -0.073 0.493 -0.102776305942391 2.84729518603321e-123 0.013
pwy167_pc5 2 2 0.928 0.005 0.845 0.00237177650654055 0.661606311011093 0.944
pwy170_pc4 2 2 0.396 -0.097 0.467 -0.141644180319703 1.85099534376128e-125 0.013
pwy224_pc4 2 2 0.114 -0.056 0.277 -0.0575136856466173 3.03325996962853e-23 0.374
pwy277_pc5 2 2 0.04 -0.088 0.091 -0.0869582994736327 5.52420514525188e-21 0.307
pwy320_pc2 3 3 0.637 0.052 0.606 0.0996373473099222 1.51717662749429e-61 0.054
pwy325_pc3 2 2 0.703 0.038 0.569 0.00567842334550541 0.518387709545551 0.929
pwy326_pc3 2 2 0.738 -0.027 0.571 -0.00661324850331455 0.350234457009161 0.847
pwy329_pc5 2 2 0.647 -0.031 0.563 0.00135006867281747 0.853014899533214 0.993
pwy58_pc2 2 2 0.287 -0.141 0.453 -0.141387356020228 1.65299223261975e-131 0.015
pwy71_pc3 2 2 0.05 -0.128 0.083 -0.12216354047596 9.75274366428812e-23 0.213
pwy74_pc2 2 2 0.901 0.011 0.756 0.00489929489547912 0.496835136197786 0.878
pwy110_pc4 3 3 0.327 -0.042 0.32 -0.0163852067537304 0.00691465546800104 0.783
pwy114_pc4 2 2 0.021 0.051 0.027 0.0503591813795415 4.86666100535218e-36 0.233
pwy136_pc3 2 2 0.897 0.006 0.793 0.00511926112653417 0.170588699345146 0.861
pwy139_pc3 2 2 0.097 -0.037 0.19 -0.0367789087885111 4.4858546987417e-27 0.439
pwy153_pc5 2 2 0.054 -0.057 0.098 -0.0550699459630399 9.68656235155382e-21 0.457
pwy154_pc4 2 2 0.914 -0.008 0.827 -0.00686231698579756 0.165104052294416 0.858
pwy169_pc4 2 2 0 -0.061 0.001 -0.0611933882778756 4.37120350049163e-36 0.229
pwy178_pc3 2 2 0.172 0.074 0.328 0.0728685937875601 7.28783407089585e-41 0.335
pwy178_pc4 2 2 0.93 -0.009 0.859 -0.00729724962310408 0.336013759083241 0.896
pwy185_pc5 2 0 0.736 0.023 0.637 0.0157189477241723 0.0115013445766527 0.776
pwy186_pc4 2 2 0.03 0.072 0.041 0.070367854692865 5.4543075944276e-36 0.235
pwy188_pc4 3 3 0.064 -0.093 0.163 -0.0907311131470948 3.34414182158836e-69 0.168
pwy193_pc4 2 0 0.861 0.02 0.74 0.000576602321366305 0.937606264092281 0.994
pwy193_pc5 10 0 0.914 -0.003 0.903 -0.0381003534002829 0.0419671030959578 0.064
pwy202_pc5 2 2 0.443 0.063 0.414 0.0196903042870193 0.00390923235815537 0.733
pwy203_pc3 2 2 0.105 0.074 0.172 0.0680235263145324 5.31384137487933e-28 0.318
pwy206_pc3 2 2 0.11 -0.071 0.205 -0.0706246456660839 6.66799482781349e-27 0.442
pwy211_pc3 2 2 0.159 -0.065 0.284 -0.0716791035252323 9.13978069678124e-67 0.07
pwy216_pc4 2 2 0.986 0.001 0.974 -4.40964541119088e-05 0.99390556736619 0.998
pwy231_pc5 2 2 0.063 -0.084 0.055 -0.0949954370387021 1.30779758880835e-23 0.289
pwy235_pc4 3 3 0.556 0.025 0.461 0.0237580136172344 1.41431332014047e-07 0.674
pwy238_pc5 10 0 0.672 0.01 0.676 0.0436334802254992 0.0158003775346755 0.036
pwy242_pc3 3 3 0.84 -0.012 0.868 -0.0145455973254469 0.0144106742990919 0.907
pwy261_pc4 2 2 0.606 0.07 0.555 0.0170947990758476 0.0880332991465434 0.883
pwy262_pc3 2 2 0.031 0.063 0.036 0.0645205108701276 1.59553577736875e-33 0.067
pwy273_pc2 3 0 0.252 -0.037 0.24 0.0183662293926256 6.04714436227023e-05 0.694
pwy284_pc3 3 3 0.573 0.02 0.487 0.0187441071948664 4.23563584104408e-07 0.696
pwy288_pc4 2 2 0.095 -0.039 0.184 -0.0385264278919632 4.1549592295533e-27 0.439
pwy289_pc4 2 2 0.882 0.008 0.77 0.00618530588581537 0.105945032012169 0.846
pwy294_pc4 2 2 0.096 -0.028 0.186 -0.0275705983611263 4.32613871458506e-27 0.439
pwy298_pc4 2 2 0.085 0.051 0.134 0.0479207698264846 2.50278435425356e-28 0.311
pwy301_pc3 3 3 0.41 0.051 0.313 0.0453399342922184 4.33457644328148e-24 0.446
pwy313_pc4 4 4 0.279 -0.045 0.238 -0.0445445349913368 0.201732540384039 0.259
pwy315_pc4 2 2 0.046 0.036 0.099 0.0363500114988108 1.2176927141097e-16 0.576
pwy320_pc3 7 0 0.094 0.035 0.076 0.0403890982288305 0.0286011955906872 0.055
pwy321_pc5 6 0 0.043 0.046 0.039 0.0528580883975505 0.000963741173324111 0.018
pwy325_pc4 8 0 0.067 0.042 0.086 0.0474380934844344 0.0187684810529409 0.059
pwy325_pc5 2 0 0.12 -0.123 0.21 -0.129680718684181 3.87043891382028e-68 0.133
pwy326_pc4 8 0 0.068 -0.04 0.085 -0.0445926563249431 0.018267681234288 0.059
pwy331_pc5 2 0 0.877 0.019 0.763 0.00689568821733853 0.409207679412996 0.905
pwy47_pc3 2 2 0.001 0.07 0 0.0701569879771033 5.69783242362953e-33 0.188
pwy58_pc2 3 3 0.885 -0.009 0.889 -0.010395374518368 0.0704259591574592 0.911
pwy60_pc3 2 2 0.114 0.073 0.183 0.0737858024204216 2.80154653334597e-21 0.528
pwy108_pc4 2 2 0.747 0.24 0.631 -0.0941052505927197 0.183822708533285 0.96
pwy164_pc2 3 0 0.31 -0.349 0.318 -0.200437310696669 2.79020050055904e-07 0.565
pwy172_pc5 2 2 0.854 0.117 0.732 0.0875551883850679 0.0602636683239432 0.775
pwy18_pc4 2 2 0.016 0.439 0.013 0.449934333969363 8.79850807359252e-44 0.064
pwy141_pc2 2 2 0.045 0.171 0.068 0.174100053344345 3.11629339494085e-17 0.485
pwy15_pc4 2 2 0.071 -0.403 0.158 -0.401018500364468 1.27340731981684e-15 0.583
pwy175_pc3 2 2 0.832 0.114 0.752 0.0686406124399159 0.188526889552792 0.824
pwy193_pc5 4 0 0.139 0.32 0.133 0.213528422622914 1.35352404595384e-06 0.13
pwy238_pc5 6 0 0.037 -0.325 0.065 -0.196662966459957 0.00764200525800367 0.084
pwy246_pc5 2 2 0.014 -0.346 0.007 -0.337413548859092 3.47187070481049e-22 0.19
pwy26_pc2 2 2 0.977 -0.009 0.946 -0.051331735848971 0.0442399907390967 0.773
pwy279_pc5 2 2 0.874 -0.083 0.745 -0.107373258090302 0.00137670888804026 0.698
pwy320_pc3 6 0 0.047 -0.303 0.085 -0.192020313743528 0.00551512353746563 0.072
pwy321_pc5 5 0 0.036 -0.37 0.054 -0.24108268242152 9.71455855806669e-05 0.03
pwy322_pc4 2 0 0.023 -0.66 0.055 -0.652857709698947 8.23692848345901e-54 0.122
pwy325_pc4 5 0 0.039 -0.351 0.055 -0.230827448364147 0.000127753504811202 0.027
pwy325_pc5 6 0 0.02 0.823 0.028 0.286828962867214 0.171701713669129 0.284
pwy326_pc4 6 0 0.038 0.315 0.067 0.193409972708128 0.00635824116634361 0.078
pwy326_pc5 2 2 0.769 -0.147 0.645 -0.0824647482559381 0.0946850984990722 0.786
pwy328_pc5 4 0 0.799 0.053 0.817 0.0432367392893958 0.817393766797295 0.846
pwy329_pc5 3 0 0.001 0.366 0 0.361781331209595 2.97368478535942e-24 0.194
pwy330_pc4 3 0 0.61 -0.149 0.643 0.165722013441356 1.45831930223813e-06 0.528
pwy66_pc5 2 2 0.012 0.424 0.028 0.424236442356517 1.89459525770638e-18 0.462
pwy87_pc3 2 2 0.537 -0.312 0.548 -0.0984073925929682 0.0279849877924254 0.729
pwy90_pc3 3 3 0.594 -0.132 0.616 -0.123136951379802 0.000139472995344984 0.766
pwy120_pc5 3 0 0.281 0.304 0.282 0.05943747298079 0.105384117355091 0.824
pwy140_pc4 2 0 0.298 -0.475 0.438 -0.430424635331583 3.36950216190934e-46 0.29
pwy146_pc4 2 0 0.003 0.361 0.007 0.36499132091869 5.9057575847144e-19 0.356
pwy15_pc5 2 2 0.071 0.764 0.089 0.713922379237778 1.0532244297661e-20 0.319
pwy156_pc2 2 2 0.072 0.382 0.144 0.383801293938602 7.38698111821765e-25 0.423
pwy193_pc4 2 0 0.172 -0.77 0.276 -0.729383030757876 2.70516956100794e-54 0.239
pwy193_pc5 12 0 0 0.353 0 0.288257428770149 4.52648752010402e-22 0
pwy22_pc4 2 0 0.45 0.518 0.493 0.0173351678861479 0.798608834736372 0.991
pwy238_pc3 3 0 0.026 -0.563 0.043 -0.733213458608856 3.92764617327236e-65 0.015
pwy238_pc4 2 0 0.947 0.049 0.941 -0.0261460718676633 0.585614518510294 0.885
pwy238_pc5 13 0 0 -0.344 0 -0.256063682723714 1.38176495726821e-11 0
pwy24_pc4 3 3 0.498 0.244 0.384 0.14021085863536 0.00336769749399303 0.822
pwy26_pc2 2 2 0.1 0.324 0.188 0.332692645333484 6.87796343489927e-25 0.46
pwy28_pc4 3 3 0.361 0.315 0.358 -0.0717933038866372 0.16459535356791 0.91
pwy282_pc5 2 0 0.257 -0.618 0.38 -0.567910055453095 3.8192045437801e-49 0.269
pwy290_pc5 2 2 0.032 -0.342 0.075 -0.34487395215186 1.06963545096306e-18 0.517
pwy292_pc4 2 0 0.008 0.246 0.01 0.239842441232171 6.02006004345479e-19 0.363
pwy320_pc3 14 0 0 -0.333 0 -0.25180132539675 2.10649340004428e-12 0
pwy321_pc3 4 0 0.621 0.166 0.66 0.338184139036061 0.313502373184981 0.45
pwy321_pc5 12 0 0 -0.372 0 -0.288946533154118 3.37034636998973e-20 0
pwy322_pc4 3 0 0.075 -0.526 0.141 -0.531177757013476 1.68356611635938e-56 0.045
pwy325_pc3 4 0 0.726 -0.099 0.752 -0.236578109337604 0.425306840148584 0.512
pwy325_pc4 12 0 0 -0.359 0 -0.27962007929422 1.30086568825292e-22 0
pwy325_pc5 6 0 0.006 0.731 0.012 0.579146675548116 0.0017834255589529 0.029
pwy326_pc3 3 0 0.699 -0.096 0.813 0.077769119703175 0.00438811675372683 0.687
pwy326_pc4 13 0 0 0.333 0 0.249750656677822 3.19700852386096e-12 0
pwy331_pc5 2 0 0.02 -0.892 0.037 -0.904202477256807 2.59585360860833e-58 0.07
pwy43_pc2 2 0 0.49 -0.217 0.555 -0.0826223344900323 0.0241480390689993 0.752
pwy45_pc2 2 2 0.593 0.13 0.564 0.0247628225349546 0.310743928450798 0.859
pwy5_pc3 2 0 0.598 0.186 0.668 0.0542392429657099 0.12911901105559 0.789
pwy55_pc5 3 0 0.042 1.332 0.061 0.729304357247375 3.42172173227428e-21 0.425
pwy101_pc4 2 2 0.018 -0.035 0.021 -0.0354271338460857 3.44653573515748e-18 0.376
pwy103_pc2 2 0 0.737 0.035 0.62 0.0275431449391852 2.50181129614571e-06 0.678
pwy136_pc4 2 2 0.941 0.004 0.88 0.000378946452526898 0.939988484343664 0.989
pwy138_pc3 2 0 0.124 -0.053 0.202 -0.0517350795397908 7.15391505397099e-46 0.232
pwy16_pc2 2 2 0.046 0.033 0.046 0.0286374409483238 9.39152883531092e-16 0.241
pwy176_pc3 2 2 0.52 -0.048 0.496 -0.00967649588277775 0.0966956643262674 0.713
pwy178_pc3 2 2 0.093 0.061 0.187 0.0608884267527734 2.30307153193304e-25 0.418
pwy180_pc4 2 2 0.258 -0.068 0.183 -0.011279803295717 0.0599925937448172 0.955
pwy19_pc2 2 2 0.247 -0.17 0.338 -0.198218750172841 1.01955294247949e-33 0.263
pwy193_pc5 9 0 0.001 -0.048 0.002 -0.0502977816644459 2.69033197820623e-06 0.003
pwy197_pc5 2 2 0.113 0.062 0.086 0.0702456413925317 5.74145200117034e-21 0.217
pwy20_pc4 2 0 0.223 -0.061 0.23 -0.0798684796067667 4.09594417401607e-40 0.126
pwy202_pc5 2 2 0.754 0.021 0.647 0.00491913534004327 0.462017332302268 0.847
pwy203_pc4 2 2 0.103 -0.054 0.13 -0.0618508402599892 1.29099215393022e-23 0.236
pwy222_pc3 2 2 0.951 0.004 0.906 0.000553214984575934 0.920031101630653 0.983
pwy231_pc3 2 2 0.04 -0.067 0.098 -0.0670955565350495 2.38639082124193e-18 0.522
pwy234_pc4 2 2 0.143 -0.104 0.264 -0.102662916732279 5.40122398203675e-64 0.177
pwy238_pc5 9 0 0.001 0.044 0.002 0.0464653180476149 8.854655112239e-07 0.003
pwy253_pc5 2 0 0.148 -0.069 0.108 -0.0827934430690764 4.14140317987477e-24 0.192
pwy258_pc4 2 2 0.058 -0.034 0.121 -0.0338240072670173 2.12437051455642e-18 0.121
pwy259_pc5 2 2 0.072 0.073 0.155 0.0722251017329048 1.60034502499145e-21 0.488
pwy261_pc4 2 0 0.119 -0.131 0.188 -0.128760125786898 4.88673731731338e-46 0.231
pwy273_pc5 2 2 0.991 -0.001 0.984 0.00126392527477964 0.866941171361199 0.979
pwy283_pc3 2 2 0.025 0.038 0.028 0.0389071895875317 3.62517173380728e-18 0.372
pwy284_pc4 2 2 0.018 0.037 0.021 0.038179244682172 3.44702822351247e-18 0.376
pwy285_pc3 2 2 0.07 -0.045 0.143 -0.045436022602359 1.36905188789374e-25 0.413
pwy301_pc3 2 2 0.123 0.09 0.235 0.0902951473426108 1.68060867678674e-63 0.178
pwy301_pc4 2 2 0.026 -0.063 0.063 -0.0632694369309689 3.58439328512497e-18 0.554
pwy306_pc5 2 0 0.107 0.12 0.162 0.117499819413572 2.39733733566276e-46 0.23
pwy311_pc3 3 3 0.698 0.019 0.733 0.0249318192335589 5.79150081168829e-07 0.697
pwy320_pc3 10 0 0.001 0.043 0 0.0451278611101762 2.8071272260765e-06 0.001
pwy321_pc5 10 0 0.004 0.045 0.003 0.0481336985658619 7.19487412929793e-05 0.003
pwy322_pc4 3 0 0.094 0.082 0.09 0.117111998469576 7.09286517201751e-77 0.093
pwy325_pc4 9 0 0.001 0.047 0.002 0.0488998199841748 2.13179026791635e-06 0.003
pwy325_pc5 5 0 0.652 -0.021 0.652 -0.0743676566887586 0.0584074618723475 0.12
pwy326_pc4 10 0 0 -0.043 0 -0.0457020585988006 4.16341650811489e-07 0.001
pwy328_pc2 2 2 0.007 -0.047 0.003 -0.0483041224149199 1.5631318938833e-29 0.111
pwy331_pc4 3 3 0.082 -0.07 0.041 -0.0293524618659765 9.82365702165871e-07 0.594
pwy34_pc5 2 2 0.055 0.145 0.12 0.144803361510692 1.79396156183399e-22 0.353
pwy40_pc2 2 2 0.582 -0.035 0.547 -0.000888266938586959 0.900142709678472 0.99
pwy44_pc3 2 2 0.043 -0.049 0.048 -0.0518525769212352 2.06016651041855e-20 0.315
pwy47_pc3 2 2 0.064 0.048 0.058 0.0530063477622206 3.42529590471626e-20 0.307
pwy64_pc3 2 2 0.959 -0.007 0.9 -0.00649173660483286 0.615840729659306 0.932
pwy70_pc1 2 2 0.119 -0.069 0.163 -0.0555813953696529 3.70347170503227e-15 0.131
pwy85_pc4 2 2 0.828 0.018 0.695 0.0030130320900319 0.676685987168094 0.943
pwy88_pc4 2 2 0.146 -0.108 0.283 -0.107492392666071 1.57078895953719e-62 0.18
pwy93_pc2 2 0 0.829 0.019 0.686 0.021588100695396 6.92878989913934e-09 0.624
pwy97_pc3 3 3 0.509 -0.033 0.427 -0.0319937913531262 1.05925123629972e-16 0.498
pwy97_pc4 3 3 0.014 -0.07 0.054 -0.0702316730552175 1.59671292670177e-40 0.333
pwy99_pc4 3 3 0.021 0.084 0.082 0.0868411405347553 1.23164592611549e-38 0.332
pwy99_pc5 2 2 0.066 0.101 0.139 0.101600823517989 1.02637081614197e-23 0.46
pwy101_pc1 2 2 0.88 0.007 0.801 0.00223793221277657 0.426582533097711 0.944
pwy105_pc1 2 2 0.843 -0.015 0.722 -0.00701078396926305 0.122977352457883 0.871
pwy106_pc1 2 2 0.866 0.013 0.774 0.00489634841964989 0.276677713117749 0.918
pwy111_pc1 2 2 0.861 -0.006 0.764 -0.00224905865784297 0.235322894811337 0.905
pwy113_pc1 2 2 0.867 -0.006 0.778 -0.00220402170835372 0.290895928632985 0.923
pwy114_pc1 2 2 0.886 -0.006 0.82 -0.00158899744304972 0.488758404308039 0.949
pwy116_pc1 2 2 0.885 -0.007 0.819 -0.00185215401297172 0.486245449472691 0.949
pwy121_pc1 2 2 0.861 -0.008 0.764 -0.00319510556008281 0.237968994073654 0.907
pwy124_pc1 2 2 0.87 -0.008 0.78 -0.00297088217075223 0.314973250044736 0.928
pwy125_pc1 2 2 0.879 -0.007 0.796 -0.00224671890663935 0.409828871393622 0.944
pwy125_pc5 2 2 0.155 0.104 0.207 0.0823574891926899 2.85333745514042e-35 0.225
pwy126_pc1 2 2 0.879 -0.008 0.795 -0.00241815281034432 0.404975888944861 0.944
pwy130_pc1 2 2 0.872 -0.01 0.785 -0.00331560862563824 0.33668753782154 0.931
pwy131_pc1 2 2 0.876 -0.007 0.789 -0.00243260588503808 0.375094227446093 0.936
pwy134_pc1 2 2 0.862 -0.015 0.765 -0.00587914658505262 0.244726837647237 0.912
pwy136_pc1 2 2 0.869 -0.007 0.779 -0.0025142069765114 0.311723845627425 0.928
pwy137_pc1 2 2 0.871 -0.007 0.785 -0.0024739076456085 0.328141979461691 0.93
pwy139_pc1 2 2 0.887 -0.005 0.821 -0.00128514213291952 0.508011810652026 0.951
pwy142_pc1 2 2 0.88 -0.007 0.797 -0.00203734599198029 0.418576089573286 0.943
pwy143_pc1 2 2 0.872 -0.005 0.785 -0.00177802906985345 0.333217011836511 0.93
pwy144_pc1 2 2 0.878 -0.008 0.795 -0.00241984039961195 0.404258177550723 0.944
pwy145_pc1 2 2 0.862 -0.008 0.765 -0.00301283997327846 0.247133275608931 0.912
pwy151_pc1 2 2 0.873 -0.006 0.785 -0.00216990551314747 0.35043542831663 0.931
pwy152_pc1 3 3 0.22 -0.041 0.196 -0.0163500898787091 1.01942106183718e-05 0.663
pwy153_pc1 2 2 0.899 -0.006 0.843 -0.00115673843911111 0.673155623881171 0.972
pwy154_pc1 2 2 0.876 -0.009 0.789 -0.00293977482906336 0.381950150767193 0.938
pwy155_pc1 2 2 0.891 -0.006 0.827 -0.00149389969764659 0.555418747034228 0.955
pwy157_pc1 2 2 0.865 -0.013 0.773 -0.00490757407878587 0.26839843513218 0.916
pwy159_pc1 2 2 0.872 -0.006 0.785 -0.00223695847533912 0.332781982799077 0.93
pwy160_pc1 2 2 0.865 -0.01 0.774 -0.00389269017794761 0.270340587796274 0.917
pwy160_pc4 2 2 0.726 -0.049 0.631 -0.00135501264468476 0.871371975863298 0.982
pwy163_pc1 2 2 0.87 -0.008 0.78 -0.00280104784698289 0.313931772875644 0.928
pwy165_pc1 2 2 0.883 -0.006 0.812 -0.00168973656317132 0.456957561255839 0.946
pwy167_pc1 2 2 0.833 -0.009 0.7 -0.00440270589178876 0.0810425376847441 0.85
pwy169_pc1 2 2 0.889 -0.007 0.825 -0.00169763985469775 0.53386129906156 0.954
pwy17_pc1 2 2 0.101 -0.068 0.177 -0.0683023544156514 8.05451713884109e-28 0.409
pwy170_pc1 2 2 0.882 -0.01 0.806 -0.00296932763709296 0.447417115881327 0.945
pwy171_pc1 2 2 0.872 -0.009 0.785 -0.00296500989282499 0.336837579124324 0.931
pwy180_pc1 2 2 0.891 -0.006 0.827 -0.00158121989711257 0.559431589407476 0.955
pwy182_pc2 2 2 0.616 0.05 0.512 0.0276842121365907 2.11141598883766e-09 0.663
pwy183_pc1 2 2 0.862 -0.008 0.765 -0.00295364609622271 0.244301739232044 0.911
pwy185_pc1 2 2 0.832 -0.009 0.7 -0.00452996652323007 0.0781021009807344 0.845
pwy185_pc4 2 2 0.006 0.053 0.007 0.0528192426594534 1.12328001029689e-16 0.55
pwy186_pc1 2 2 0.831 -0.009 0.7 -0.00435779807007477 0.077062316818264 0.843
pwy187_pc1 2 2 0.835 -0.009 0.705 -0.00418898520589075 0.090706893995938 0.855
pwy189_pc1 2 2 0 0.027 0 0.0269998975046574 2.21035213050853e-21 0.509
pwy193_pc1 3 3 0.19 -0.024 0.125 -0.0162896831390641 2.09707838321131e-09 0.479
pwy194_pc1 2 2 0.866 0.015 0.774 0.00568134004541399 0.277240034060489 0.919
pwy195_pc1 2 2 0.908 -0.007 0.864 -0.000887235191155128 0.795560676929381 0.986
pwy198_pc1 2 2 0.88 -0.01 0.801 -0.00315705062053514 0.42673260635076 0.944
pwy199_pc1 2 2 0.879 -0.007 0.795 -0.00214980250068229 0.408450615981977 0.944
pwy2_pc1 2 2 0.887 0.012 0.823 0.00321123522754607 0.511681830360677 0.951
pwy201_pc1 2 2 0.9 -0.007 0.843 -0.00141788795134045 0.676802624930599 0.972
pwy202_pc1 2 2 0.893 -0.007 0.831 -0.00167587136776817 0.580323446693399 0.958
pwy203_pc1 2 2 0.879 -0.009 0.797 -0.00290871220413373 0.413246488463508 0.944
pwy204_pc1 2 2 0.911 -0.008 0.866 -0.000750832546794351 0.847009141619477 0.991
pwy205_pc1 2 2 0.898 -0.006 0.84 -0.00125783339179471 0.64633140822843 0.969
pwy206_pc1 3 3 0.942 0.003 0.959 0.0121694446810972 0.000551850150624599 0.805
pwy209_pc1 2 2 0.885 -0.017 0.817 -0.00465879354402687 0.479936389735254 0.949
pwy210_pc1 2 2 0.878 -0.008 0.793 -0.00255636461027857 0.397960172839352 0.943
pwy213_pc1 2 2 0.881 0.01 0.801 0.00312752781254128 0.438344361310642 0.945
pwy214_pc1 2 2 0.889 -0.008 0.825 -0.00200661642868564 0.526861683426184 0.954
pwy218_pc1 2 2 0.892 0.008 0.831 0.0018296972116062 0.576672513723943 0.958
pwy22_pc3 2 2 0.939 0.014 0.91 -0.0162369557231191 0.0781246622931758 0.894
pwy223_pc1 2 2 0.88 -0.007 0.797 -0.00208016999016518 0.416247180529371 0.943
pwy227_pc1 2 2 0.908 0.007 0.864 0.000909719334505271 0.792068681692599 0.986
pwy231_pc1 2 2 0.857 -0.013 0.757 -0.00516466050456276 0.207995625992688 0.898
pwy232_pc2 2 2 0.08 0.058 0.122 0.054306468798425 5.75215718664204e-18 0.587
pwy236_pc1 2 2 0.885 -0.007 0.817 -0.00184730953893177 0.481486428700954 0.949
pwy24_pc1 2 2 0.872 0.012 0.785 0.00428393567930071 0.335015578669471 0.93
pwy240_pc1 2 2 0.876 -0.014 0.789 -0.00472992764334899 0.377539335160478 0.938
pwy241_pc1 2 2 0.903 -0.01 0.848 -0.00159322403631159 0.720995912094621 0.977
pwy243_pc1 2 2 0.11 0.067 0.195 0.0674093748373036 1.0721763703158e-27 0.413
pwy244_pc1 2 2 0.881 -0.015 0.801 -0.00466443950265392 0.427214473255819 0.944
pwy244_pc2 2 2 0.966 -0.004 0.95 -0.0227357134616677 0.000560708771432307 0.778
pwy245_pc1 2 2 0.891 0.009 0.827 0.00228254940996177 0.560536534845265 0.955
pwy25_pc2 2 2 0.09 -0.192 0.142 -0.184189209934366 8.74132058981196e-33 0.328
pwy25_pc3 2 2 0.045 0.14 0.073 0.143261153152082 5.85698585545748e-28 0.348
pwy257_pc1 2 2 0.858 0.013 0.757 0.00514965803924621 0.215149607153706 0.899
pwy259_pc1 2 2 0.874 -0.009 0.785 -0.00312447057089515 0.352201041695475 0.931
pwy267_pc1 2 2 0.878 -0.011 0.793 -0.00345065665608343 0.39981248984944 0.943
pwy268_pc1 2 2 0.875 -0.009 0.789 -0.00297702528578624 0.364211837791145 0.935
pwy270_pc1 2 2 0.882 -0.005 0.801 -0.00150206370491809 0.440046028155143 0.945
pwy271_pc1 2 2 0.889 -0.005 0.825 -0.00126039452836456 0.532404145817379 0.954
pwy274_pc1 2 2 0.883 -0.007 0.812 -0.00189936651135837 0.457104875161313 0.946
pwy276_pc1 2 2 0.877 -0.007 0.79 -0.00239251440929354 0.386288275743342 0.94
pwy279_pc1 2 2 0.848 -0.009 0.736 -0.00384497679734772 0.149221389387759 0.878
pwy28_pc1 2 2 0.871 0.019 0.783 0.00670274050525757 0.323075325750661 0.93
pwy285_pc1 2 2 0.862 -0.008 0.765 -0.0031945685800014 0.243926925462667 0.911
pwy288_pc1 2 2 0.866 -0.005 0.775 -0.00193203215922348 0.284068220651678 0.92
pwy289_pc1 2 2 0.863 -0.006 0.769 -0.00228819494279997 0.253446587120295 0.913
pwy290_pc1 2 2 0.876 -0.006 0.789 -0.00196007281682008 0.375728670905164 0.937
pwy292_pc1 2 2 0.853 -0.007 0.752 -0.00278330046264416 0.182713558628782 0.891
pwy293_pc1 2 2 0.863 -0.006 0.769 -0.00228128619329987 0.25308181001862 0.913
pwy294_pc1 2 2 0.877 -0.004 0.789 -0.00124460934310081 0.383326264795901 0.938
pwy295_pc1 2 2 0.862 0.008 0.765 0.00306319455619595 0.243364545768284 0.91
pwy299_pc1 2 2 0.857 0.008 0.757 0.00326711399453902 0.210249785267617 0.899
pwy301_pc1 2 2 0.88 -0.009 0.8 -0.00280402325519876 0.421173199451633 0.944
pwy304_pc1 2 2 0.872 -0.009 0.785 -0.00322512325929619 0.336548888715197 0.931
pwy307_pc1 2 2 0.862 -0.012 0.765 -0.00481461050076792 0.243819943818382 0.91
pwy312_pc1 2 2 0.848 -0.011 0.738 -0.00466794646203265 0.150348620705975 0.878
pwy314_pc1 2 2 0.88 -0.007 0.797 -0.0022953821035993 0.418626952687808 0.943
pwy315_pc1 2 2 0.886 -0.006 0.82 -0.00162108230961699 0.498997463275553 0.95
pwy316_pc1 2 2 0.871 -0.008 0.783 -0.00269431734016996 0.322588493295861 0.93
pwy317_pc1 2 2 0.876 -0.011 0.789 -0.00348977449920187 0.376627723376029 0.938
pwy318_pc1 2 2 0.838 -0.012 0.71 -0.00551389519351019 0.100950166746503 0.859
pwy319_pc1 2 2 0.843 -0.009 0.722 -0.00408707783825606 0.12337064865538 0.871
pwy321_pc1 2 2 0.219 -0.032 0.137 -0.0436154209990608 3.70695691312272e-31 0.069
pwy322_pc1 2 2 0.838 -0.011 0.712 -0.00528454120145464 0.102606728451219 0.859
pwy323_pc2 3 3 0.986 0.001 0.988 0.0145886528492852 3.73339777196858e-07 0.721
pwy325_pc5 2 2 0.144 -0.117 0.224 -0.113795513430846 1.42412757190182e-31 0.297
pwy326_pc5 2 2 0.016 0.115 0.02 0.114434176640976 6.25667128549461e-27 0.459
pwy327_pc1 2 2 0.798 -0.016 0.65 -0.0092054810732535 0.0143542151680309 0.761
pwy328_pc1 2 2 0.894 0.009 0.833 0.0020558425342745 0.601757450995513 0.962
pwy329_pc1 2 2 0.858 0.013 0.757 0.00519241981441584 0.214777077879401 0.899
pwy330_pc1 2 2 0.903 0.008 0.849 0.00135523929140593 0.730907524014745 0.978
pwy331_pc1 2 2 0.862 -0.011 0.766 -0.00411078483813364 0.248926169376323 0.913
pwy36_pc1 2 2 0.079 0.067 0.152 0.0671505248452563 4.49328844944757e-28 0.411
pwy4_pc4 4 4 0.024 0.215 0.054 0.189394866339379 0.000201211122962787 0.068
pwy43_pc1 2 2 0.905 0.006 0.842 0.00204503578276653 0.656720959433153 0.943
pwy44_pc1 2 2 0.833 0.019 0.702 0.00934994912896279 0.0840220464412787 0.853
pwy45_pc1 3 3 0.545 -0.018 0.487 -0.013056374081156 0.000115484977317421 0.717
pwy46_pc1 2 2 0.84 -0.021 0.714 -0.00976661057017316 0.109164760966109 0.863
pwy47_pc1 2 2 0.87 -0.012 0.783 -0.00428899186567387 0.319319320989178 0.93
pwy53_pc1 2 2 0.842 -0.016 0.718 -0.007331792094491 0.119056333993463 0.87
pwy6_pc1 2 2 0.86 -0.016 0.763 -0.00627567540863697 0.230934614342477 0.902
pwy61_pc1 2 2 0.872 -0.014 0.785 -0.00482299606817566 0.332222081658421 0.93
pwy61_pc3 2 2 0.725 0.044 0.63 0.00143334719583823 0.847153087490748 0.983
pwy64_pc3 2 2 0.982 0.003 0.972 -5.85315985384984e-05 0.996333384745786 0.999
pwy67_pc1 2 2 0.864 -0.015 0.772 -0.00574117066850409 0.259835218553786 0.914
pwy74_pc1 2 2 0.904 -0.013 0.852 -0.00205891433616617 0.737581955047237 0.978
pwy8_pc1 2 2 0.857 -0.019 0.757 -0.00753157068233195 0.211322039669935 0.899
pwy83_pc1 2 2 0.834 0.013 0.702 0.00641320880561406 0.0841610260554687 0.853
pwy87_pc1 2 2 0.867 -0.015 0.777 -0.00569230879238915 0.287346622965177 0.921
pwy9_pc1 2 2 0.847 0.017 0.734 0.00772043539119861 0.145240026964458 0.878
pwy91_pc1 2 2 0.866 -0.01 0.774 -0.00389234229423121 0.279606182628026 0.919
pwy92_pc1 2 2 0.852 -0.019 0.75 -0.00803642484723388 0.17552715886906 0.889
pwy93_pc1 2 2 0.841 -0.011 0.717 -0.0052041969670196 0.115262655358825 0.865
pwy96_pc5 3 3 0.023 -0.094 0.05 -0.0895552143477899 2.97260913452615e-44 0.173
pwy97_pc1 2 2 0.874 -0.009 0.786 -0.00317864084154382 0.357166908403848 0.934
pwy97_pc4 2 2 0.665 -0.045 0.597 -0.0102896784892916 0.122234183263696 0.88
pwy98_pc1 2 2 0.852 0.019 0.75 0.0079582269855659 0.177033640297949 0.889
pwy99_pc1 2 2 0.864 -0.012 0.772 -0.00469553659126499 0.260367791775962 0.914
pwy99_pc4 2 2 0.669 0.055 0.597 0.0121728490626526 0.143946291350994 0.891
pwy127_pc3 4 4 0.48 0.008 0.478 0.0115984754607692 0.222293526810461 0.287
pwy142_pc4 2 2 0.085 -0.031 0.162 -0.0332953163711223 7.24312716894082e-95 0.066
pwy145_pc4 2 2 0.081 0.032 0.156 0.0334173107912571 5.37293602905276e-95 0.067
pwy167_pc2 3 3 0.072 0.019 0.154 0.0197694366805801 7.92194448028381e-69 0.087
pwy171_pc5 2 2 0.844 0.006 0.714 -0.00147327818192787 0.51028329168963 0.943
pwy184_pc5 2 2 0.002 0.023 0.002 0.0232298227040031 2.03298056628247e-17 0.476
pwy193_pc2 2 2 0.083 0.023 0.158 0.024020075661826 3.25699865154702e-27 0.368
pwy193_pc5 7 0 0.015 0.025 0.025 0.0258177044420976 0.00153998413343648 0.032
pwy199_pc4 2 2 0.142 0.034 0.289 0.0329040178717477 5.25904571506837e-89 0.105
pwy214_pc3 2 2 0.722 0.032 0.565 0.0172442085646629 5.12497356755798e-16 0.496
pwy22_pc4 2 2 0.865 -0.011 0.739 -0.00454210586607343 0.128433470129668 0.852
pwy224_pc3 2 2 0.589 -0.043 0.515 -0.0194887092491092 6.42664014632108e-23 0.469
pwy236_pc3 2 2 0.721 0.024 0.564 0.0132449765632019 2.83473716354664e-16 0.492
pwy238_pc5 11 0 0.033 -0.018 0.032 -0.0238361158539094 0.000130937233837881 0.008
pwy268_pc3 2 2 0.641 -0.022 0.515 -0.0173595910582938 1.05052451930316e-14 0.579
pwy277_pc3 3 3 0.003 -0.027 0.014 -0.0270483835865558 2.62391174987901e-31 0.3
pwy30_pc5 2 2 0.189 0.048 0.279 0.0557146978098373 1.53503954622086e-30 0.274
pwy305_pc4 2 2 0.076 0.039 0.148 0.0416128015658591 3.30731015973079e-95 0.065
pwy320_pc3 10 0 0.136 -0.014 0.141 -0.0195377118923637 0.0196416095185716 0.079
pwy321_pc5 8 0 0.007 -0.026 0.01 -0.0272862872269294 0.00051242722254407 0.016
pwy325_pc4 8 0 0.008 -0.025 0.01 -0.0262200211616422 0.000563101827388061 0.017
pwy325_pc5 3 0 0.132 0.054 0.215 0.0537682351999686 7.38119038637104e-149 0.033
pwy326_pc4 11 0 0.09 0.015 0.104 0.0206732303984147 0.00742212285765828 0.041
pwy4_pc2 2 2 0.132 -0.031 0.256 -0.0306333105492487 4.85726835946867e-24 0.481
pwy76_pc2 2 2 0.016 0.053 0.027 0.0528567294575305 1.95479748395246e-32 0.323
pwy77_pc2 2 2 0.082 -0.042 0.029 -0.0529911721081826 1.63437676172758e-86 0.03
pwy90_pc3 2 2 0.006 0.022 0.013 0.0223697234848127 3.42193441164721e-15 0.426
pwy11_pc1 2 2 0.003 0.085 0.007 0.0848378121947465 6.61850172497852e-22 0.284
pwy185_pc4 2 2 0.758 0.06 0.683 -0.0662650927228902 1.40443150006382e-20 0.519
pwy189_pc5 2 2 0.931 -0.012 0.87 -0.000183895197319643 0.986310052650781 0.997
pwy193_pc5 2 0 0.244 0.05 0.385 0.0449670808802067 6.00978200453976e-23 0.538
pwy238_pc5 3 0 0.373 -0.033 0.351 -0.0275609352175819 3.53790719752331e-12 0.632
pwy250_pc3 2 2 0.057 -0.096 0.09 -0.0991912400570733 1.48419745477664e-25 0.474
pwy320_pc3 3 0 0.286 -0.036 0.307 -0.030935359336252 4.86448357592175e-16 0.59
pwy321_pc5 3 0 0.367 -0.037 0.358 -0.0310838666233535 8.28176581587384e-13 0.642
pwy322_pc4 2 2 0.355 -0.167 0.482 -0.177224790078265 1.03584952082086e-103 0.206
pwy323_pc2 2 2 0.059 -0.04 0.082 -0.040166834358339 2.32688199289376e-32 0.289
pwy325_pc4 3 0 0.38 -0.034 0.363 -0.0285853775166369 2.88112088390049e-12 0.643
pwy326_pc4 3 0 0.349 0.033 0.338 0.0279419677637752 3.3677647481071e-13 0.619
pwy43_pc4 2 2 0.935 -0.011 0.846 -0.0312989238098449 0.0016105640465412 0.642
pwy57_pc5 2 2 0.153 -0.088 0.199 -0.0963120467285188 2.64311576597123e-21 0.505
pwy62_pc4 2 2 0.205 -0.184 0.364 -0.172304903058426 3.19697701380464e-54 0.378
pwy62_pc5 2 2 0.146 0.147 0.281 0.140789085549451 2.42914540688513e-62 0.326
pwy69_pc5 2 2 0.154 0.185 0.292 0.181178732495505 4.51514749836015e-37 0.235
pwy79_pc4 2 2 0.92 0.014 0.829 0.0172499813766683 0.137074645315093 0.855
pwy172_pc4 2 2 0.105 -0.08 0.213 -0.0791378571491041 1.97992838306661e-27 0.468
pwy193_pc5 6 0 0.649 -0.019 0.671 -0.0368470615901801 0.294922858092219 0.403
pwy21_pc1 2 2 0.02 0.041 0.042 0.04152348464232 4.41142216947646e-21 0.44
pwy238_pc5 10 0 0.17 0.04 0.174 0.0395496960281361 0.119330639493896 0.205
pwy250_pc3 2 2 0.129 0.093 0.224 0.0912959953888703 2.72182579745576e-33 0.298
pwy253_pc1 2 2 0.033 -0.037 0.061 -0.0380336983611988 4.77352937802521e-21 0.437
pwy297_pc3 2 2 0.113 0.077 0.18 0.0738158471828801 1.05005470169533e-30 0.286
pwy320_pc3 8 0 0.292 0.034 0.269 0.0319350615231954 0.255333580498301 0.358
pwy321_pc5 7 0 0.274 0.03 0.288 0.0328156155929301 0.249085684467254 0.316
pwy324_pc5 2 2 0.076 0.057 0.114 0.06005120792723 1.13020904915691e-19 0.303
pwy325_pc4 7 0 0.557 0.021 0.544 0.0323485982195797 0.293881008697698 0.362
pwy325_pc5 5 0 0.748 0.021 0.769 -0.0285669302258807 0.702917356839663 0.725
pwy326_pc4 8 0 0.27 -0.035 0.251 -0.0327230762873559 0.224954225556516 0.33
pwy326_pc5 2 2 0.086 0.118 0.187 0.11832946316836 5.88253106630851e-34 0.24
pwy34_pc3 3 3 0.542 0.066 0.497 0.0348977593558127 0.000266129357369546 0.688
pwy66_pc5 2 2 0.898 0.018 0.849 -0.0211879126368707 0.0298848250233431 0.759
pwy98_pc5 2 2 0.078 0.083 0.098 0.0885640299683142 1.34921339004289e-17 0.058
pwy99_pc4 2 2 0.085 0.249 0.183 0.2492504925145 3.86956281693053e-206 0.014
pwy102_pc2 2 2 0.951 -0.003 0.906 -0.00703993719449976 0.091949768972448 0.782
pwy104_pc2 2 2 0.928 0.006 0.843 0.010684504940809 0.0407571025122251 0.752
pwy12_pc1 2 2 0.104 0.047 0.145 0.0498651043648316 2.67996308421507e-18 0.447
pwy132_pc2 2 2 0.903 0.016 0.805 0.0250459438916549 0.0151870618627578 0.724
pwy133_pc1 2 2 0.974 0.002 0.953 -0.00570815958567049 0.161916459087248 0.803
pwy14_pc5 2 2 0.05 0.144 0.096 0.142601700873075 6.04160374960553e-21 0.457
pwy146_pc1 2 2 0.891 0.005 0.771 0.00709601976468227 0.00898614622863921 0.712
pwy167_pc5 2 0 0.085 -0.061 0.09 -0.0682884218994251 3.19190738966758e-23 0.244
pwy178_pc1 2 2 0.92 0.004 0.83 0.00695291210371418 0.0301130499307801 0.741
pwy193_pc5 8 0 0 -0.047 0.001 -0.0477483319382866 1.78256334456974e-07 0.003
pwy196_pc2 2 2 0.919 -0.003 0.829 -0.00474837777991797 0.0293070930170125 0.741
pwy197_pc5 2 2 0.146 0.057 0.115 0.0675865109202681 1.9102667405355e-19 0.256
pwy202_pc5 2 2 0.775 0.018 0.647 0.00280014108668217 0.676094761266649 0.919
pwy222_pc3 2 2 0.912 0.007 0.806 0.00370306758935417 0.502649368621182 0.895
pwy238_pc5 10 0 0 0.045 0 0.0463551971465797 1.42125011169858e-06 0
pwy242_pc3 2 2 0.814 0.034 0.688 0.0316913622494446 1.86911838815908e-05 0.684
pwy258_pc2 3 3 0.726 -0.005 0.754 -0.00254131087317829 0.108067324100687 0.926
pwy258_pc4 2 2 0.046 -0.033 0.112 -0.0327624904634653 2.86249063561219e-17 0.152
pwy259_pc5 2 2 0.071 0.075 0.137 0.0738596520324375 2.47276124637521e-22 0.443
pwy273_pc5 2 2 0.991 0.001 0.981 0.00332159072926641 0.660502803492635 0.951
pwy28_pc4 2 2 0.682 -0.047 0.669 0.018535060254152 0.0907629780984601 0.836
pwy283_pc3 2 2 0.028 0.037 0.034 0.038622573340548 7.78832086789738e-18 0.359
pwy284_pc4 2 2 0.021 0.037 0.026 0.0379030099167144 7.36437389245502e-18 0.363
pwy301_pc3 2 2 0.109 0.086 0.199 0.0860715138384102 1.39644446295369e-57 0.201
pwy310_pc1 2 2 0.906 0.004 0.808 0.00640372605877525 0.0173393184313797 0.73
pwy311_pc3 2 2 0.96 0.004 0.928 0.0136873116284131 0.0194475078187887 0.784
pwy320_pc3 8 0 0.001 0.042 0.002 0.042385023837251 5.60387306767273e-07 0.004
pwy320_pc5 2 2 0.535 0.075 0.522 -0.0134963160631022 0.303063297028854 0.959
pwy321_pc5 10 0 0.001 0.044 0.003 0.0457738724731651 7.29879567600981e-06 0.002
pwy322_pc4 3 0 0.097 0.082 0.104 0.117700229113305 3.04873113448923e-77 0.098
pwy325_pc4 9 0 0 0.046 0.001 0.0467449485217709 1.05763542358671e-08 0.001
pwy325_pc5 6 0 0.514 -0.03 0.497 -0.0866044225877117 0.0260722072391593 0.067
pwy326_pc4 8 0 0 -0.042 0.001 -0.0425920052744561 1.13519984540534e-07 0.003
pwy328_pc2 2 2 0.016 -0.046 0.004 -0.0475528539903342 1.57443657296328e-28 0.13
pwy330_pc2 2 2 0.015 -0.045 0.003 -0.0463373486241969 1.5167403200464e-28 0.13
pwy331_pc4 3 3 0.084 -0.067 0.039 -0.0292601225517172 1.13267718711564e-06 0.608
pwy34_pc3 2 2 0.978 -0.004 0.952 -0.017582073768722 0.140248691844991 0.823
pwy34_pc5 2 2 0.055 0.156 0.132 0.155565154202007 1.42513798027832e-25 0.351
pwy44_pc3 2 2 0.128 -0.047 0.113 -0.0560671289800427 1.71459892820906e-23 0.285
pwy47_pc3 2 2 0.148 0.046 0.118 0.0568714937481759 6.65807654601038e-23 0.278
pwy52_pc2 2 2 0.904 0.011 0.805 0.0171857066625964 0.0153110328889458 0.725
pwy7_pc1 2 0 0.804 -0.055 0.666 -0.0560457387072401 3.93892872703125e-09 0.64
pwy85_pc4 2 2 0.838 0.016 0.734 0.00194842418268949 0.78791556784328 0.967
pwy88_pc4 2 2 0.132 -0.103 0.242 -0.102549289454495 8.51443001884272e-57 0.205
pwy90_pc5 2 2 0.284 -0.169 0.228 -0.00615467082576948 0.611572627684932 0.997
pwy93_pc2 2 0 0.821 0.02 0.691 0.0225473787504974 1.5862581076225e-09 0.644
pwy97_pc3 3 3 0.59 -0.028 0.556 -0.0264504961502981 7.78148189679587e-12 0.568
pwy97_pc4 3 3 0.022 -0.076 0.08 -0.0766215662201329 1.1380222964431e-47 0.259
pwy99_pc5 2 2 0.047 0.098 0.118 0.0981171180661628 4.01910570593833e-22 0.512
pwy103_pc1 2 0 0.861 -0.02 0.74 -0.0264970140577048 4.43607221948759e-07 0.667
pwy176_pc3 2 2 0.542 -0.045 0.523 -0.00642200822945197 0.269103820641973 0.83
pwy176_pc5 2 2 0.124 0.087 0.199 0.0784650784323854 5.70721854600412e-23 0.046
pwy193_pc5 7 0 0.004 -0.044 0.002 -0.0457109511846881 0.000140262614457381 0.004
pwy20_pc4 2 0 0.237 -0.054 0.249 -0.0723669545434129 2.20416212004395e-33 0.159
pwy203_pc4 2 2 0.09 -0.054 0.088 -0.0610380885764164 3.75644256899457e-23 0.271
pwy222_pc3 2 2 0.959 0.003 0.923 -2.68864525550116e-05 0.996096684075147 0.999
pwy234_pc4 2 2 0.214 -0.09 0.341 -0.0887597629304472 1.61094052081006e-48 0.26
pwy238_pc5 10 0 0.001 0.051 0 0.045549252018668 1.11976770776182e-06 0
pwy244_pc5 2 2 0.122 -0.095 0.237 -0.095262941226624 8.15341113127863e-18 0.511
pwy253_pc5 2 0 0.151 -0.061 0.113 -0.0730971116928747 3.20887451092088e-19 0.272
pwy259_pc5 2 2 0.068 0.072 0.157 0.0714763745806804 3.31939560274587e-21 0.446
pwy273_pc5 2 2 0.966 -0.003 0.912 -0.00126859644762776 0.866132460164395 0.961
pwy283_pc3 2 2 0.012 0.04 0.012 0.0401865118472228 2.30394087684522e-19 0.345
pwy284_pc4 2 2 0.005 0.039 0.005 0.0394187037030645 2.25547240185972e-19 0.347
pwy301_pc3 2 2 0.127 0.085 0.244 0.0848673928783814 3.79252993355225e-60 0.197
pwy305_pc5 3 3 0.879 0.017 0.897 0.0105496240429811 0.0939426547049527 0.917
pwy306_pc5 2 0 0.093 0.112 0.133 0.110465155693948 5.00378131055656e-40 0.271
pwy311_pc3 2 2 0.948 -0.004 0.9 0.00243684384691629 0.67583092777863 0.931
pwy320_pc3 9 0 0.003 0.049 0.001 0.0422208594862081 3.74278380949619e-05 0.002
pwy321_pc5 9 0 0.003 0.051 0.002 0.0454720545336982 0.000337813226247051 0.007
pwy322_pc4 3 0 0.078 0.08 0.08 0.110433321605379 6.65326484504366e-69 0.115
pwy325_pc4 8 0 0.002 0.053 0 0.0465399217312996 1.42717378438236e-05 0
pwy325_pc5 4 0 0.885 -0.007 0.875 -0.0573562539137854 0.205360831397766 0.271
pwy326_pc4 9 0 0.002 -0.049 0 -0.0431849062751787 6.29446397335228e-06 0.001
pwy331_pc4 3 3 0.087 -0.069 0.036 -0.0274441033056853 4.50366849118822e-06 0.598
pwy40_pc2 2 2 0.607 -0.034 0.596 0.00197991893475464 0.779159239173341 0.977
pwy44_pc3 2 2 0.075 -0.043 0.064 -0.0483636808570533 9.72770540517886e-17 0.369
pwy47_pc3 2 2 0.092 0.043 0.073 0.0489593853396121 1.75747779245424e-16 0.359
pwy64_pc3 2 2 0.967 -0.006 0.92 -0.0051547678282986 0.689584473566265 0.946
pwy85_pc4 2 2 0.775 0.024 0.676 0.00670889194997699 0.37897253060032 0.872
pwy88_pc4 2 2 0.148 -0.101 0.28 -0.101424345374102 2.44298882391619e-59 0.199
pwy90_pc5 3 3 0.101 -0.166 0.079 -0.0402656501942291 1.67920136698449e-05 0.669
pwy93_pc2 2 0 0.887 0.011 0.785 0.0156591679272883 1.39678097289072e-05 0.68
pwy97_pc3 3 3 0.05 -0.063 0.12 -0.0635390352703883 3.2247419987931e-65 0.189
pwy97_pc4 3 3 0.004 -0.057 0.019 -0.0566499962522079 4.39541723315116e-27 0.432
pwy99_pc5 2 2 0.077 0.103 0.156 0.103618374032256 1.05708699127694e-23 0.467
pwy115_pc5 2 2 0.217 0.069 0.333 0.0679706306683413 1.89922581459091e-36 0.369
pwy141_pc4 2 2 0.109 -0.05 0.159 -0.051859939558574 2.39026290269525e-24 0.486
pwy182_pc4 2 2 0.033 -0.067 0.055 -0.0667190018998927 3.63016466476755e-19 0.236
pwy193_pc5 3 3 0.267 0.062 0.269 0.000416448483227325 0.939960151977172 0.996
pwy208_pc2 2 2 0.923 0.007 0.854 0.00121436465661207 0.851604397321033 0.966
pwy226_pc4 2 2 0.324 -0.161 0.451 -0.152993337757585 4.10764150349327e-83 0.147
pwy238_pc5 4 4 0.129 -0.065 0.101 -0.0231129439939459 0.575660593902416 0.647
pwy250_pc5 2 2 0 0.107 0.002 0.106808683553758 1.34775714013181e-26 0.327
pwy264_pc3 2 2 0.075 0.11 0.132 0.113124534531288 1.69361954462243e-25 0.45
pwy316_pc5 2 2 0.96 0.004 0.927 0.00208632018459313 0.74790905699278 0.971
pwy320_pc3 4 4 0.135 -0.064 0.107 -0.0209954746589968 0.615195985772588 0.674
pwy321_pc5 2 0 0.982 -0.002 0.965 0.00535347526728866 0.360060136642764 0.953
pwy325_pc4 3 0 0.669 -0.026 0.675 -0.0169550720410927 0.000929552795638439 0.835
pwy326_pc4 3 0 0.697 0.022 0.708 0.0141079473810291 0.00388041535980763 0.852
pwy328_pc4 2 2 0.897 0.016 0.827 0.0183422524896039 0.00573936713825014 0.8
pwy330_pc4 2 2 0.859 -0.016 0.803 0.0266406148115685 3.37892460891633e-05 0.72
pwy46_pc4 2 2 0.069 0.1 0.109 0.097949745624617 1.26492657969375e-20 0.103
pwy60_pc3 2 2 0.085 -0.08 0.112 -0.0908997501013932 1.60569596294837e-29 0.324
pwy78_pc4 2 2 0.004 0.067 0.003 0.0668896387644042 1.06743486848836e-17 0.181
pwy84_pc2 2 2 0.077 0.064 0.125 0.064091991156799 2.92411759908687e-28 0.5
pwy95_pc2 3 3 0.052 0.023 0.086 0.0274271892027485 3.44930487425909e-42 0.148
pwy103_pc2 2 2 0.898 -0.008 0.816 -0.000624993290448945 0.915909938268979 0.989
pwy11_pc1 2 2 0.773 0.028 0.704 -0.0120344022313081 0.0672016368228652 0.8
pwy111_pc2 3 0 0.653 0.008 0.644 0.00983795415960811 2.77712003655404e-07 0.682
pwy113_pc2 2 0 0.99 0 0.984 0.00364212989982519 0.19334289852695 0.841
pwy114_pc2 2 0 0.011 0.027 0.025 0.0272322968984354 3.54296693923647e-25 0.445
pwy124_pc2 2 0 0.008 -0.032 0.018 -0.0319478134977072 3.50999799267545e-25 0.445
pwy135_pc2 3 0 0.781 -0.01 0.804 -0.014043460513096 5.35668585724109e-05 0.753
pwy141_pc2 2 2 0.095 0.035 0.184 0.035815645911626 1.78087162751003e-22 0.523
pwy142_pc2 2 0 0.945 -0.003 0.871 0.00116396126391838 0.684130066321167 0.951
pwy149_pc5 3 3 0.559 0.032 0.508 0.0123025603226143 0.069839560670353 0.883
pwy156_pc3 2 2 0.057 -0.064 0.118 -0.0625454122533049 8.33198908293971e-23 0.217
pwy166_pc1 2 2 0.811 0.008 0.722 -0.00342933128276645 0.286004291202969 0.891
pwy175_pc4 3 3 0.709 -0.031 0.688 0.0603809886694875 9.38355920805182e-09 0.589
pwy18_pc2 2 0 0.012 0.042 0.027 0.0423309982120922 5.05669179455962e-27 0.424
pwy183_pc2 3 0 0.63 -0.012 0.613 -0.0148592970776505 6.27027585872529e-08 0.665
pwy186_pc2 2 0 0.02 -0.041 0.046 -0.0410918514361315 3.66740156498661e-25 0.445
pwy186_pc5 2 2 0.12 -0.12 0.079 -0.0919379862763359 4.68130490138521e-46 0.15
pwy189_pc2 2 0 0.938 -0.005 0.858 0.00124201921458983 0.776096522096087 0.963
pwy193_pc4 2 2 0.448 -0.08 0.435 -0.011240045675664 0.192236397865632 0.954
pwy206_pc2 2 0 0.014 -0.048 0.031 -0.0479413569976804 3.57935348846052e-25 0.445
pwy21_pc4 2 2 0.046 0.082 0.103 0.0817313891170611 2.15587297601625e-20 0.52
pwy221_pc2 2 0 0.973 0.001 0.951 0.00463579763853356 0.121143498672856 0.826
pwy222_pc2 3 0 0.634 -0.015 0.613 -0.0188236464871723 8.92687033873745e-08 0.662
pwy229_pc2 2 0 0.112 -0.048 0.237 -0.0472737899584376 2.89082163681919e-21 0.537
pwy230_pc5 2 2 0.934 0.009 0.884 0.036228136050687 3.95131631993555e-07 0.645
pwy231_pc2 3 0 0.642 -0.016 0.636 -0.0203183890137601 1.32837430169772e-07 0.674
pwy231_pc5 2 2 0.568 -0.051 0.566 0.0033340229148215 0.722272338355281 0.983
pwy238_pc5 2 0 0.965 -0.004 0.931 0.00624712092994282 0.319832387481255 0.952
pwy251_pc5 2 2 0.021 -0.076 0.025 -0.0771660990207683 5.63291618376046e-17 0.522
pwy259_pc2 2 0 0.984 0.001 0.973 0.00495922623699591 0.163717260245456 0.836
pwy280_pc3 2 0 0.519 0.032 0.521 0.00127877868695585 0.778369022763666 0.987
pwy297_pc4 3 3 0.003 -0.103 0.011 -0.0939512718071862 5.57672205305443e-35 0.282
pwy301_pc2 2 0 0.91 -0.006 0.822 -0.000671654450543905 0.857305004286303 0.975
pwy304_pc2 3 0 0.592 -0.016 0.583 -0.0120240590098932 0.000274884030660748 0.79
pwy305_pc2 4 0 0.867 -0.004 0.859 0.00195174059266117 0.928005815709204 0.928
pwy308_pc2 3 3 0.628 0.016 0.625 0.0126719555606394 0.000415534944063232 0.806
pwy310_pc2 3 3 0.646 -0.013 0.652 -0.0100424783357447 0.000971410679649566 0.821
pwy313_pc2 3 0 0.594 -0.016 0.583 -0.0115588781280321 0.000309301193113022 0.798
pwy314_pc2 4 0 0.916 0.002 0.916 -0.00120730924177759 0.947328899571535 0.953
pwy315_pc2 3 0 0.618 -0.011 0.621 -0.0076183918096061 0.000996471000091565 0.828
pwy316_pc2 3 0 0.64 -0.011 0.652 -0.00777847059341775 0.00262119017329694 0.849
pwy317_pc2 2 0 0.001 -0.045 0.003 -0.0452622352141672 3.48332907910016e-25 0.442
pwy318_pc2 3 0 0.749 0.009 0.767 0.0119564896746563 9.38431825210161e-06 0.726
pwy320_pc3 2 0 0.933 -0.007 0.853 0.00311029906521531 0.60747295853804 0.964
pwy321_pc5 2 0 0.16 0.074 0.268 0.0726987825119937 1.99868648555295e-21 0.539
pwy325_pc4 3 0 0.82 0.014 0.838 0.023018441599299 0.000216783994899707 0.798
pwy326_pc4 2 0 0.957 0.004 0.912 -0.00530550266683811 0.382765225057518 0.951
pwy37_pc3 3 3 0.75 0.031 0.764 0.0312992997162001 0.00478096839278761 0.871
pwy40_pc3 3 3 0.554 -0.034 0.51 -0.0214451205842095 0.000661032578821388 0.806
pwy41_pc4 3 3 0.541 0.028 0.493 0.0214391396665657 0.000198105650622257 0.754
pwy54_pc2 2 0 0.013 0.035 0.027 0.034653842460438 3.56255062915244e-25 0.445
pwy61_pc2 2 0 0.034 0.048 0.07 0.0477757245238276 4.05453705849927e-25 0.446
pwy61_pc4 2 2 0.078 -0.079 0.072 -0.0892792759306315 6.57303624375069e-23 0.348
pwy62_pc5 4 4 0.007 -0.158 0.02 -0.139547196129575 3.08832830109977e-06 0.04
pwy71_pc1 2 2 0.039 0.072 0.085 0.0724221605140263 5.47899920576667e-17 0.501
pwy72_pc5 3 3 0.162 -0.084 0.119 -0.0402898768957181 0.000236008100711744 0.717
pwy78_pc4 2 0 0.346 -0.078 0.31 -0.013003837039813 0.102367071627857 0.911
pwy88_pc2 2 0 0.895 -0.007 0.807 -0.00170515307358648 0.662619564433993 0.934
pwy97_pc4 2 2 0.937 0.008 0.919 -0.0305821542631188 7.30057690866369e-07 0.664
pwy99_pc4 3 3 0.9 -0.01 0.879 0.0792812757781384 4.19356951680933e-31 0.375
pwy100_pc1 2 2 0.704 -0.032 0.599 -0.00554901941653763 0.519602295619766 0.803
pwy106_pc4 2 2 0.039 -0.212 0.143 -0.213062820490119 1.19876735480488e-16 0.491
pwy107_pc1 2 2 0.7 -0.047 0.599 -0.00888084057633619 0.48280853971369 0.764
pwy128_pc1 2 2 0.711 -0.02 0.599 -0.00294419868645483 0.59187261606703 0.863
pwy170_pc3 2 2 0.148 0.172 0.358 0.170356101006877 6.98183097518885e-25 0.27
pwy186_pc5 2 2 0.024 -0.2 0.016 -0.195202754967617 2.37597628863321e-20 0.199
pwy193_pc5 2 0 0.178 -0.172 0.354 -0.164487310509829 4.44378693731145e-22 0.264
pwy203_pc4 2 2 0.032 0.145 0.111 0.144143714871985 3.12790641362726e-17 0.358
pwy21_pc1 2 2 0.702 0.047 0.599 0.00856338359518883 0.499409856011785 0.78
pwy238_pc5 3 0 0.758 0.058 0.771 0.0875715837020745 3.96657580985881e-08 0.589
pwy252_pc3 2 2 0.008 0.257 0.033 0.25756074729856 2.66880127518632e-16 0.301
pwy253_pc5 2 2 0.036 -0.433 0.021 -0.424133501744644 6.51448911620443e-40 0.03
pwy27_pc2 2 2 0.041 -0.196 0.151 -0.195281090679687 2.35504340188057e-20 0.321
pwy29_pc5 2 0 0.898 -0.067 0.695 0.0202142549279055 0.631970852155996 0.986
pwy3_pc4 2 2 0.014 0.315 0.028 0.316256335819639 4.71863355416671e-18 0.356
pwy320_pc3 3 0 0.768 0.053 0.786 0.0827676525109457 8.01347128353484e-08 0.576
pwy321_pc5 3 0 0.779 0.06 0.792 0.0961925023699247 1.47517351431171e-07 0.599
pwy325_pc4 3 0 0.785 0.054 0.801 0.0876549621368056 2.14649637728475e-07 0.598
pwy326_pc4 3 0 0.763 -0.055 0.772 -0.0848066129741329 5.73526521485901e-08 0.582
pwy60_pc5 2 2 0.377 -0.278 0.379 -0.126936415927402 8.59434953241327e-05 0.572
pwy72_pc1 2 2 0.569 0.151 0.556 -0.0055042458110453 0.857362128252116 0.993
pwy84_pc3 2 2 0.011 -0.144 0.046 -0.144837510643846 2.88722794103045e-17 0.352
pwy85_pc2 2 2 0.036 -0.153 0.12 -0.151704775621371 3.19814509688889e-17 0.358
pwy85_pc3 2 2 0.045 -0.185 0.19 -0.184825549000222 2.37312764620597e-17 0.423
pwy85_pc5 2 2 0.047 0.24 0.152 0.243235790198498 3.46504756274952e-17 0.35
pwy10_pc4 2 2 0.388 0.311 0.398 0.0601293079898235 0.080129371558651 0.858
pwy11_pc5 2 2 0.878 -0.206 0.792 -0.0152078908593574 0.864686043308221 0.975
pwy14_pc5 2 2 0.025 0.662 0.04 0.672854330727043 5.98868261078138e-20 0.314
pwy180_pc5 2 2 0.032 0.359 0.063 0.355670895894424 3.20657941976675e-18 0.49
pwy187_pc5 2 2 0.74 0.167 0.611 0.0763761508200744 0.0826759766327882 0.758
pwy21_pc4 2 2 0.078 0.514 0.128 0.533654672719964 1.62678637255286e-23 0.352
pwy211_pc4 2 2 0.913 0.035 0.85 -0.0319862828275604 0.171406837820701 0.789
pwy297_pc3 2 2 0.075 0.44 0.118 0.456683732782005 6.51593829054861e-26 0.303
pwy332_pc3 3 3 0.813 0.051 0.845 0.103368806869375 9.92004050411449e-07 0.628
pwy68_pc4 2 2 0.106 -0.582 0.247 -0.56850558879431 7.69039270140381e-22 0.386
pwy77_pc4 3 3 0.35 -0.485 0.313 -0.231455928750289 1.57030119418897e-05 0.64
pwy84_pc3 2 2 0.259 0.297 0.134 0.0955854967800195 0.00294636550320055 0.748
pwy97_pc4 2 2 0.078 -0.597 0.184 -0.597206716238589 6.93911979097e-70 0.131
pwy99_pc4 2 2 0.079 0.755 0.185 0.755425561998478 7.53811138286772e-70 0.131
pwy108_pc5 2 2 0.641 0.153 NA 0.536082325645885 0.0217837602281724 NA
pwy13_pc4 3 3 0.464 0.129 0 0.448621504971037 0.453254998925426 0
pwy179_pc4 2 2 0.516 -0.218 NA -0.459580322082372 0.0217837653944289 NA
pwy232_pc3 2 2 0.507 -0.131 NA -0.269196011259426 0.453254910835622 NA
pwy243_pc5 3 3 0.554 0.626 0.75 3.15023991377886 0.0217837924167702 0.5
pwy4_pc5 3 3 0.844 0.346 0.5 1.96047239981763 0.156743353227001 0.5
pwy62_pc1 2 2 0.66 0.119 NA 0.461592940814801 0.0217837629664854 NA
pwy103_pc5 2 2 0.776 -0.187 0.604 -0.0559359579615443 0.394847214098486 0.78
pwy110_pc5 2 2 0.069 0.468 0.198 0.463192846029557 7.94519974923953e-21 0.242
pwy188_pc5 2 2 0.682 -0.359 0.495 -0.364493216793352 1.09550682792492e-19 0.429
pwy213_pc5 2 2 0.088 -0.519 0.242 -0.511228320220189 3.28745691381313e-18 0.286
pwy229_pc4 2 2 0.05 0.482 0.088 0.475665143449521 2.07532774047353e-19 0.385
pwy279_pc4 2 2 0.057 -0.315 0.088 -0.317240933149509 4.65802109126201e-18 0.396
pwy140_pc4 2 2 0.346 0.059 0.331 0.00276444032076038 0.59935344717807 0.992
pwy144_pc5 2 2 0.718 -0.02 0.662 -0.000934293853682299 0.871761293924302 0.979
pwy156_pc2 2 2 0.009 -0.06 0.016 -0.0604155453661225 7.47877526047011e-28 0.547
pwy174_pc3 2 2 0.107 -0.068 0.215 -0.0661302159443583 2.88992999520521e-23 0.531
pwy174_pc5 2 2 0.071 0.08 0.122 0.0790281294904465 1.07388594445434e-22 0.362
pwy185_pc4 4 4 0.421 0.05 0.446 -0.0666741130999607 0.225892790101766 0.299
pwy198_pc2 2 2 0.146 -0.04 0.229 -0.0443671131022802 4.14977095456275e-18 0.598
pwy238_pc5 2 0 0.195 0.058 0.242 0.0628874785741294 7.24628445537782e-28 0.376
pwy24_pc5 2 2 0.694 0.062 0.603 -0.0294748344347329 0.0161968517286761 0.931
pwy244_pc2 2 2 0.963 -0.003 0.93 -0.0167502847194741 0.012871038592685 0.845
pwy295_pc5 2 2 0.183 0.038 0.211 0.0421400709458805 1.50191647099756e-17 0.514
pwy320_pc3 2 0 0.271 0.058 0.26 0.0644159832386063 4.04787342027238e-25 0.38
pwy321_pc5 2 0 0.239 0.061 0.258 0.0672584822721976 2.22364533742768e-26 0.38
pwy322_pc4 2 2 0.808 -0.048 0.666 -0.107902859935891 1.26256937245982e-32 0.386
pwy325_pc4 2 0 0.231 0.058 0.258 0.0636120577137581 1.07969614494551e-26 0.38
pwy326_pc3 3 3 0.013 0.088 0.024 0.0846260555982869 7.24538740255195e-42 0.339
pwy326_pc4 2 0 0.212 -0.057 0.251 -0.0624189407199927 2.41887594532083e-27 0.379
pwy33_pc3 3 3 0.6 -0.029 0.572 -0.0237426209364709 0.000751741745957292 0.819
pwy60_pc3 2 2 0.086 0.117 0.14 0.118698782323785 3.47416312870506e-49 0.317
pwy62_pc5 2 2 0.191 0.13 0.326 0.122901795012733 2.94789983143681e-50 0.301
pwy69_pc5 2 2 0.956 -0.009 0.922 0.00451687680922905 0.703645403013106 0.967
pwy97_pc4 2 2 0.058 0.073 0.104 0.073247665402484 1.52847407581667e-29 0.513
pwy99_pc4 2 2 0.06 -0.093 0.105 -0.0926540707968771 1.56784592855686e-29 0.512
pwy100_pc2 2 2 0.052 0.082 0.1 0.0846351014368596 1.08503397441977e-29 0.418
pwy13_pc1 2 2 0.98 0.002 0.96 0.00191048923305863 0.785307584656967 0.969
pwy134_pc1 3 3 0.318 0.089 0.291 0.0607934930312982 8.34162311982673e-56 0.172
pwy14_pc1 2 2 0.138 -0.076 0.237 -0.07209968994486 1.34695971699599e-24 0.549
pwy141_pc1 2 2 0.381 0.115 0.368 0.0550120253782109 8.23113152123266e-62 0.199
pwy15_pc1 2 2 0.408 0.173 0.394 0.0762203775700023 1.34546493246142e-52 0.245
pwy153_pc4 2 2 0.004 -0.04 0.006 -0.0403108851245143 5.18638893118859e-17 0.628
pwy153_pc5 2 2 0.055 0.049 0.09 0.0471895236524832 2.34872457992691e-18 0.492
pwy154_pc1 2 2 0.484 0.092 0.464 0.0512081593507943 1.59918323057322e-55 0.146
pwy168_pc5 2 2 0.028 0.063 0.03 0.0617561698437442 3.7121119372898e-20 0.538
pwy169_pc1 2 2 0.503 0.071 0.474 0.0379429679699499 2.61938785151267e-49 0.169
pwy171_pc5 3 3 0.013 -0.078 0.019 -0.0695077735110508 2.37991539990455e-44 0.245
pwy193_pc5 5 0 0.131 0.045 0.144 0.0152828948376858 0.628721050979874 0.617
pwy194_pc1 3 3 0.395 -0.106 0.355 -0.0313310552319328 4.54675411739848e-16 0.562
pwy197_pc1 2 2 0.474 0.101 0.457 0.0577225220454596 8.2519319262821e-59 0.138
pwy198_pc1 2 2 0.119 -0.038 0.206 -0.0356641792763338 6.82392700711113e-25 0.541
pwy209_pc1 2 2 0.48 0.176 0.461 0.0992109226756749 1.00651530379659e-56 0.144
pwy215_pc3 2 2 0.899 -0.019 0.834 -0.0219858571292073 0.00908865860140294 0.821
pwy218_pc1 2 2 0.48 -0.087 0.461 -0.0490268643673649 9.7676230889294e-57 0.144
pwy223_pc1 2 2 0.48 0.07 0.461 0.0393333549462234 7.4391734820714e-57 0.143
pwy226_pc1 2 2 0.496 0.106 0.47 0.0572002510417302 2.04252660360837e-51 0.159
pwy236_pc1 2 2 0.483 0.071 0.464 0.0397010063133718 6.61797744016782e-56 0.144
pwy238_pc3 2 2 0.123 -0.115 0.182 -0.105573911947677 1.26117928382554e-25 0.446
pwy238_pc5 4 0 0.213 -0.038 0.228 -0.00730913565295497 0.818665322901382 0.823
pwy242_pc1 2 2 0.465 -0.123 0.454 -0.0717542576403761 3.49387891837586e-62 0.127
pwy29_pc2 2 2 0.065 0.054 0.11 0.0517958855728548 1.39207288681717e-15 0.416
pwy298_pc5 2 2 0.007 0.043 0.005 0.042629798569557 3.3886909580561e-20 0.535
pwy314_pc5 2 2 0.04 -0.06 0.05 -0.0583274864529217 4.11072464346805e-20 0.536
pwy317_pc4 2 2 0.108 0.066 0.17 0.0661822782486965 6.82008241235721e-23 0.581
pwy320_pc3 5 0 0.113 -0.041 0.13 -0.0162442318795489 0.567044853931292 0.543
pwy321_pc5 4 0 0.251 -0.044 0.258 -0.00582877583220243 0.876802673260195 0.886
pwy323_pc4 2 2 0.131 0.066 0.219 0.062388358025503 5.09078320910817e-26 0.53
pwy325_pc4 5 0 0.151 -0.044 0.166 -0.0127663096721534 0.688873093334507 0.69
pwy325_pc5 2 0 0.055 0.08 0.06 0.082990583577678 6.50645847821541e-33 0.17
pwy326_pc4 4 0 0.214 0.038 0.233 0.00760513714257882 0.808524933198131 0.81
pwy326_pc5 4 4 0.168 0.086 0.182 0.0184113504159136 0.795519003366667 0.846
pwy328_pc1 3 3 0.398 -0.08 0.359 -0.0238774800167911 3.57868031011487e-16 0.547
pwy329_pc1 2 2 0.478 -0.116 0.461 -0.0658826989204774 1.74733032656343e-57 0.141
pwy329_pc4 3 3 0.374 0.048 0.382 -0.0286970781376481 3.58191914664329e-06 0.678
pwy35_pc1 2 2 0.421 0.28 0.412 0.1181591506717 1.73812013934134e-48 0.258
pwy40_pc5 2 2 0.108 0.115 0.162 0.11593053156213 1.51537497424221e-32 0.475
pwy43_pc1 2 2 0.382 -0.172 0.368 -0.0820406774825501 1.16780668889897e-61 0.199
pwy46_pc1 2 2 0.48 0.161 0.461 0.0906413558583155 6.40393795454642e-57 0.143
pwy56_pc1 2 2 0.395 0.097 0.382 0.0444578257000315 5.80805223388032e-57 0.221
pwy57_pc1 2 2 0.423 0.14 0.413 0.0585153787052441 5.85099804430342e-48 0.26
pwy58_pc1 2 2 0.407 0.135 0.394 0.0596031974333408 7.86616458615047e-53 0.245
pwy59_pc1 2 2 0.442 0.18 0.433 0.0709794446776449 2.1886009253318e-42 0.294
pwy61_pc1 2 2 0.4 0.145 0.389 0.0654049443459032 3.01141175587203e-55 0.232
pwy74_pc1 3 3 0.393 0.134 0.355 0.0410717216098696 6.97173362844678e-17 0.536
pwy81_pc3 2 2 0.181 0.134 0.29 0.121129858732591 8.87118469970067e-32 0.464
pwy83_pc4 2 2 0.028 0.066 0.052 0.0661199076478678 5.54223998378389e-17 0.629
pwy87_pc1 2 2 0.472 0.141 0.457 0.080857173386132 1.03320084625135e-59 0.136
pwy12_pc1 2 2 0.969 -0.005 0.934 -0.00336706528850368 0.782764291418584 0.969
pwy130_pc1 2 2 0.997 0 0.99 -0.00339800953768492 0.555707520826054 0.928
pwy147_pc1 3 3 0.747 0.017 0.799 0.0165870455674515 0.00432787539663258 0.87
pwy148_pc1 3 3 0.787 0.021 0.841 0.0180554119738082 0.0120788550110619 0.893
pwy152_pc2 2 2 0.905 0.01 0.809 0.00709010180738082 0.343503536325757 0.893
pwy156_pc2 2 0 0.106 0.084 0.203 0.0819306573887012 3.88265845457191e-17 0.295
pwy164_pc5 2 2 0 0.16 0.001 0.160183424273135 3.20980769064681e-16 0.322
pwy170_pc1 3 3 0.544 -0.043 0.5 -0.0394527156535663 3.63162658542134e-13 0.57
pwy183_pc1 2 2 0.91 0.006 0.825 0.00375738773539119 0.368859007604528 0.907
pwy193_pc5 5 0 0.467 -0.046 0.507 -0.0171272390388709 0.821396143561272 0.815
pwy209_pc4 2 2 0.623 0.173 0.543 0.0962757013860307 1.15307958920584e-05 0.635
pwy21_pc1 2 2 0.041 -0.097 0.093 -0.0969223179518777 1.57487147771189e-24 0.442
pwy21_pc3 2 2 0.101 0.203 0.151 0.184837774791834 8.00352061702763e-45 0.045
pwy217_pc1 2 2 0.9 0.008 0.806 0.00546974177879695 0.289925785445582 0.882
pwy22_pc1 2 2 0.119 0.084 0.234 0.0836777024105279 7.83477737329153e-24 0.455
pwy225_pc1 2 2 0.217 -0.118 0.366 -0.113008302895493 3.0571105227012e-44 0.229
pwy23_pc1 2 2 0.078 0.076 0.173 0.0757152453661147 2.81004240320016e-24 0.444
pwy238_pc3 2 0 0.047 0.197 0.102 0.195729901261309 2.18161619643916e-20 0.112
pwy238_pc5 6 0 0.597 0.03 0.614 0.000440842611610883 0.994617689250837 0.996
pwy243_pc1 2 2 0.092 0.118 0.179 0.11692719259661 9.23087521954147e-23 0.481
pwy249_pc1 3 3 0.488 -0.046 0.418 -0.0420629645684351 3.4721658227163e-15 0.52
pwy253_pc1 2 2 0.088 0.079 0.19 0.0785067162066765 3.4895243351753e-24 0.451
pwy260_pc1 2 2 0.867 0.02 0.757 0.0151542678044067 0.11931562002496 0.841
pwy264_pc3 2 2 0.725 0.078 0.647 0.00320211038139674 0.886293739674856 0.968
pwy29_pc1 2 2 0.1 -0.09 0.191 -0.0872769819747275 2.82444131559624e-24 0.428
pwy30_pc1 2 2 0.071 -0.116 0.159 -0.115423227386689 2.42783128330218e-24 0.444
pwy304_pc1 2 2 0.873 0.012 0.763 0.00866194535694573 0.143462313403122 0.852
pwy305_pc1 2 2 0.894 0.009 0.796 0.00598528553847926 0.255872520991605 0.876
pwy308_pc1 2 2 0.891 0.011 0.791 0.00751489933567223 0.234537568812311 0.873
pwy309_pc1 2 2 0.881 0.015 0.777 0.0110650227659477 0.177367849738068 0.86
pwy312_pc1 2 2 0.89 0.01 0.79 0.0066787936943655 0.229679401983797 0.872
pwy313_pc1 3 3 0.54 -0.039 0.491 -0.0360088230345254 2.50452912599461e-13 0.569
pwy320_pc3 6 0 0.345 0.051 0.348 0.0277634576445566 0.66043740326096 0.647
pwy321_pc5 6 0 0.573 0.035 0.589 0.00526168002650755 0.942118942571834 0.93
pwy325_pc3 2 0 0.055 0.186 0.125 0.184484879994364 2.40615461114797e-20 0.111
pwy325_pc4 6 0 0.564 0.034 0.578 0.00372774335760705 0.95653549485758 0.948
pwy326_pc3 2 0 0.069 -0.184 0.148 -0.182121626911543 2.91573958186575e-20 0.112
pwy326_pc4 6 0 0.543 -0.033 0.561 -0.0066344906182617 0.916953078856031 0.902
pwy327_pc3 2 2 0.182 -0.204 0.328 -0.191825351265827 3.19155185869708e-37 0.087
pwy33_pc1 2 2 0.013 -0.099 0.028 -0.0993936243033075 1.28707138532759e-24 0.435
pwy34_pc1 2 2 0.024 0.152 0.056 0.152204239311976 6.01845760548604e-18 0.548
pwy39_pc1 3 3 0.838 -0.012 0.835 -0.035755230047926 1.52382157386105e-08 0.609
pwy43_pc3 2 2 0.036 0.19 0.052 0.195751037011889 7.379606891259e-24 0.37
pwy47_pc4 2 2 0.758 0.045 0.615 0.000564382576168273 0.964360398234183 0.998
pwy49_pc2 2 2 0.969 0.008 0.926 0.0215483511378131 0.19371140600835 0.793
pwy52_pc1 2 2 0.116 0.121 0.255 0.120876640263971 3.13918841778846e-27 0.423
pwy61_pc5 2 2 0.057 0.146 0.115 0.146755325575659 1.29323526579134e-17 0.539
pwy68_pc1 2 2 0.093 -0.106 0.193 -0.105154605563513 3.85199547343551e-24 0.452
pwy72_pc1 2 2 0.72 -0.13 0.559 -0.100804658907036 1.97418999414869e-08 0.617
pwy76_pc3 3 3 0.7 0.077 0.687 0.056902005342381 0.0218382416922964 0.828
pwy78_pc1 2 2 0.077 0.084 0.146 0.0824065788216982 1.63825814719518e-24 0.423
pwy89_pc1 2 2 0.884 0.01 0.78 0.00755302217524752 0.192653675265524 0.864
pwy139_pc3 2 2 0.145 -0.047 0.261 -0.0470732606066064 2.10321507827529e-45 0.258
pwy167_pc5 2 0 0.127 -0.075 0.143 -0.0875368233838612 2.03893034870273e-37 0.143
pwy174_pc5 2 2 0.045 0.065 0.092 0.0645278951534551 3.9035820748867e-18 0.393
pwy193_pc5 9 0 0.002 -0.049 0.003 -0.0503835796482447 0.000148226627539964 0.005
pwy197_pc5 3 3 0.211 0.048 0.204 0.0286864372281247 5.66190144356776e-06 0.626
pwy200_pc3 2 0 0.908 -0.007 0.804 -0.00870023504148923 0.0785765367731154 0.81
pwy222_pc3 2 2 0.86 0.011 0.738 0.00809127750133329 0.141323281321552 0.831
pwy238_pc5 13 0 0 0.052 0 0.0510453523052895 8.68516932941958e-06 0.001
pwy242_pc3 2 2 0.786 0.035 0.656 0.0317900998952925 9.12817718294356e-06 0.686
pwy247_pc3 2 0 0.82 -0.019 0.697 -0.0237793666015911 4.51063162005502e-06 0.69
pwy266_pc4 2 2 0.079 -0.068 0.111 -0.0711365188606524 3.2965339016845e-25 0.348
pwy273_pc5 2 2 0.895 0.013 0.787 0.0157768990879271 0.0361538200239405 0.789
pwy279_pc5 3 3 0.799 0.015 0.831 0.0120043798500278 0.0582982289914947 0.907
pwy28_pc5 2 2 1 0 0.999 0.000240322686546508 0.984206587683807 0.994
pwy29_pc3 3 3 0.488 -0.045 0.386 -0.0309441762631771 4.20964608442423e-06 0.677
pwy301_pc3 2 2 0.082 0.077 0.151 0.0766418294141993 7.07230280632019e-51 0.229
pwy311_pc3 2 2 0.85 0.025 0.733 0.0380604675427904 6.74280173407802e-11 0.628
pwy32_pc2 2 2 0.034 0.113 0.07 0.114005140896941 1.81754235570246e-15 0.533
pwy320_pc3 11 0 0.001 0.049 0.003 0.0472511862644433 0.000133283753924745 0.006
pwy321_pc5 11 0 0.009 0.046 0.009 0.049759403336329 0.0011891473111754 0.012
pwy325_pc4 10 0 0.002 0.049 0.003 0.0513637556224432 0.000125034836284824 0.002
pwy325_pc5 4 0 0.116 -0.088 0.112 -0.10385842079166 0.0195932528159635 0.092
pwy326_pc4 12 0 0 -0.05 0 -0.0485371571369442 1.79913350191626e-05 0
pwy331_pc4 4 4 0.041 -0.057 0.028 -0.0371973682765013 0.41173886966627 0.403
pwy34_pc5 2 2 0.057 0.143 0.122 0.142030900795 1.76730342308191e-22 0.368
pwy36_pc2 2 0 0.11 -0.076 0.212 -0.0770721706284635 2.23386729358252e-26 0.429
pwy44_pc5 2 2 0.968 -0.005 0.926 -0.00588489838022248 0.581300596561147 0.925
pwy47_pc3 2 2 0.111 0.047 0.086 0.0553254359246172 5.99133141723465e-21 0.28
pwy60_pc3 2 2 0.163 0.072 0.224 0.0732668616248831 8.7116437138535e-21 0.492
pwy74_pc4 2 2 0.737 -0.051 0.605 -0.0296224627137434 0.0107987839574225 0.754
pwy84_pc4 2 2 0.748 0.034 0.607 0.0117239486604222 0.116955826992171 0.843
pwy85_pc4 3 3 0.873 0.01 0.89 -0.00864834828006293 0.137960006866234 0.937
pwy85_pc5 2 2 0.075 0.074 0.094 0.0786475200960095 1.98796043492657e-18 0.298
pwy86_pc5 2 2 0.77 0.035 0.625 0.00985087446458417 0.235613237639946 0.905
pwy90_pc5 2 2 0.287 -0.149 0.212 -0.00326244330861084 0.786885482069424 0.997
pwy97_pc3 2 2 0.147 -0.062 0.26 -0.0619652939694367 3.18510320684258e-45 0.258
pwy97_pc4 2 2 0.298 -0.104 0.44 -0.107646127189963 1.32939556295188e-62 0.193
pwy99_pc5 2 2 0.045 0.091 0.104 0.0915184512808472 1.33700718018945e-19 0.536
pwy108_pc2 2 2 0.069 0.05 0.21 0.0484565203292923 6.66704207658049e-21 0.17
pwy117_pc3 2 2 0.013 0.042 0.025 0.042526267968812 5.62210150362281e-16 0.317
pwy127_pc4 4 4 0.83 0.008 0.749 0.00639337696768933 0.852313533193947 0.804
pwy148_pc3 3 3 0.036 -0.116 0.207 -0.117155828803687 7.09012120460327e-45 0.075
pwy18_pc5 3 3 0.771 0.015 0.831 0.0135351569775282 0.02742334747875 0.85
pwy198_pc2 2 2 0.086 0.052 0.281 0.0494574677715425 9.1708399414656e-21 0.179
pwy204_pc2 2 2 0.912 -0.009 0.846 0.0175923611876562 0.00106110834442076 0.584
pwy21_pc5 2 2 0.058 -0.149 0.206 -0.151310042868601 1.20332889781316e-41 0.059
pwy223_pc4 2 2 0.911 -0.012 0.694 -0.0264119248548723 1.31462239588967e-05 0.537
pwy234_pc5 2 2 0.105 0.094 0.357 0.0964263601729795 6.14199886672966e-41 0.057
pwy254_pc4 2 2 0.031 0.079 0.084 0.0795879978002481 4.76657471713086e-24 0.086
pwy28_pc2 2 2 0.69 -0.041 0.514 -0.011928647532336 0.200903522520022 0.783
pwy285_pc3 3 3 0.023 -0.061 0.038 -0.0636547143984129 4.43066688466969e-53 0.016
pwy287_pc3 2 2 0.228 -0.063 0.468 -0.0632904452970756 9.97699688771304e-40 0.081
pwy325_pc3 3 3 0.727 0.036 0.741 0.000429964331043722 0.960480478839103 0.998
pwy42_pc3 2 2 0.682 -0.043 0.537 -0.0214570749448741 0.0310531676934775 0.575
pwy48_pc3 2 2 0.098 -0.155 0.354 -0.151924301213757 8.15162027877147e-21 0.256
pwy64_pc2 2 2 0.042 -0.104 0.092 -0.10126205609017 4.56003073602983e-21 0.162
pwy83_pc2 2 2 0.043 -0.053 0.048 -0.0541572655385237 1.55865376341039e-24 0.087
pwy93_pc2 2 2 0.012 0.035 0.016 0.0357082943927569 1.19460095456792e-24 0.09
