factor num_snp_fdr<0.2 num_snp_noMHC pval_in_fitting slope_in_fitting pval_in_resampling
pwy15_peer3 3 3 0.463 -0.142 0.352
pwy203_peer4 2 2 0.709 -0.076 0.573
pwy280_peer4 2 2 0.233 -0.363 0.431
pwy321_peer3 2 2 0.944 0.019 0.856
pwy327_peer3 2 2 0.025 0.199 0.017
pwy63_peer4 2 2 0.86 -0.047 0.735
pwy99_peer4 2 2 0.014 0.215 0.016
pwy15_peer4 2 2 0.075 -5.378 0.159
pwy264_peer4 2 2 0.001 -1347.375 0.005
pwy321_peer5 19 19 0.09 0.8 0.124
pwy331_peer5 2 2 0.106 3.83 0.088
pwy99_peer3 2 2 0.047 -5.988 0.354
pwy134_peer3 2 2 0.757 0.119 0.576
pwy146_peer4 2 2 0.763 -0.107 0.583
pwy238_peer3 2 2 0.735 0.058 0.57
pwy242_peer3 2 2 0.83 -0.029 0.641
pwy320_peer2 3 3 0.665 0.069 0.645
pwy329_peer5 3 3 0.284 0.072 0.269
pwy59_peer5 2 2 0.116 0.249 0.161
pwy109_peer5 2 2 0.003 7.774 0.007
pwy114_peer4 3 3 0.008 -0.172 0.025
pwy139_peer3 2 2 0.084 0.158 0.165
pwy165_peer4 4 4 0.034 -0.173 0.079
pwy169_peer4 3 3 0.001 -0.175 0.005
pwy178_peer4 2 2 0.941 0.015 0.881
pwy188_peer4 3 3 0.058 0.207 0.162
pwy190_peer3 2 2 0.689 -0.055 0.695
pwy203_peer3 2 2 0.129 0.175 0.228
pwy206_peer3 2 2 0.094 -0.143 0.182
pwy211_peer3 2 2 0.156 -0.218 0.276
pwy216_peer4 3 3 0.597 -0.062 0.524
pwy23_peer3 2 2 0.965 -0.007 0.932
pwy235_peer4 2 2 0.033 0.176 0.073
pwy242_peer3 2 2 0.9 0.024 0.812
pwy274_peer3 3 3 0.937 0.01 0.913
pwy284_peer3 2 2 0.179 0.245 0.309
pwy285_peer4 2 2 0.933 -0.018 0.868
pwy288_peer4 2 2 0.082 -0.154 0.159
pwy294_peer4 2 2 0.074 -0.155 0.147
pwy301_peer3 3 3 0.397 -0.126 0.306
pwy305_peer4 2 2 0.127 0.234 0.217
pwy311_peer4 3 3 0.049 0.222 0.123
pwy313_peer4 3 3 0.003 -0.186 0.008
pwy315_peer4 3 3 0.849 0.02 0.849
pwy316_peer4 2 2 0.249 -0.228 0.435
pwy321_peer4 8 8 0.033 0.075 0.046
pwy332_peer4 2 2 0.894 -0.025 0.789
pwy40_peer4 2 2 0.068 -0.156 0.138
pwy47_peer3 2 2 0.011 0.155 0.013
pwy58_peer2 2 2 0.852 0.036 0.712
pwy59_peer3 2 2 0.97 0.008 0.941
pwy97_peer3 2 2 0.907 0.021 0.815
pwy178_peer3 2 2 0.877 0.165 0.693
pwy263_peer5 2 2 0.74 0.395 0.544
pwy35_peer3 2 2 0.067 905.334 0.099
pwy46_peer5 2 2 0.07 -1.606 0.143
pwy66_peer5 2 2 0.164 1.27 0.353
pwy71_peer3 2 2 0.467 1.068 0.39
pwy175_peer3 2 2 0.842 -0.16 0.76
pwy198_peer4 2 2 0.088 -0.663 0.193
pwy26_peer2 2 2 0.975 0.027 0.941
pwy87_peer3 2 2 0.564 -0.566 0.561
pwy90_peer3 2 2 0.038 0.552 0.093
pwy120_peer5 2 2 0.082 0.773 0.157
pwy14_peer5 2 2 0.079 1.478 0.166
pwy156_peer2 2 2 0.073 -0.955 0.144
pwy177_peer5 2 2 0.201 1.121 0.33
pwy203_peer4 2 2 0.008 0.706 0.022
pwy26_peer2 2 2 0.102 -0.897 0.189
pwy290_peer5 2 2 0.071 0.761 0.144
pwy45_peer2 2 2 0.591 -0.341 0.56
pwy90_peer5 2 2 0.001 -0.88 0.008
pwy105_peer4 3 3 0.686 0.049 0.692
pwy11_peer3 2 2 0.071 -0.143 0.126
pwy133_peer1 2 2 0.044 -0.103 0.078
pwy134_peer4 2 2 0.116 -0.163 0.183
pwy159_peer5 2 2 0.1 -0.215 0.201
pwy16_peer2 2 2 0.056 -0.181 0.061
pwy169_peer3 3 3 0.346 0.081 0.315
pwy176_peer3 2 2 0.526 0.121 0.499
pwy178_peer3 3 3 0.006 -0.128 0.012
pwy178_peer4 2 2 0.765 0.083 0.601
pwy180_peer4 2 2 0.261 0.179 0.188
pwy190_peer4 2 2 0.149 -0.164 0.239
pwy193_peer5 11 11 0 0.06 0
pwy196_peer4 2 2 0.961 0.008 0.921
pwy197_peer3 2 2 0.15 0.235 0.29
pwy209_peer5 4 4 0.684 -0.041 0.676
pwy212_peer4 2 2 0.023 -0.13 0.025
pwy225_peer5 2 2 0.056 -0.216 0.115
pwy231_peer3 2 2 0.381 0.126 0.358
pwy235_peer5 4 4 0.966 -0.007 0.963
pwy238_peer3 2 2 0.053 -0.144 0.105
pwy257_peer3 2 2 0.013 -0.128 0.013
pwy258_peer2 2 2 0.042 -0.402 0.076
pwy258_peer4 4 4 0.463 0.063 0.45
pwy26_peer4 2 2 0.089 0.141 0.182
pwy283_peer3 2 2 0.035 0.116 0.037
pwy284_peer4 2 2 0.028 -0.122 0.029
pwy297_peer3 3 3 0.007 -0.104 0.02
pwy301_peer3 2 2 0.127 -0.213 0.246
pwy305_peer4 2 2 0.217 0.206 0.374
pwy311_peer3 2 2 0.942 0.014 0.883
pwy320_peer2 2 2 0.082 0.116 0.052
pwy320_peer3 11 11 0 -0.059 0
pwy321_peer3 3 3 0.018 -0.148 0.054
pwy325_peer5 4 4 0.916 -0.007 0.927
pwy326_peer4 10 10 0 0.06 0.001
pwy326_peer5 3 3 0.704 -0.037 0.728
pwy40_peer2 2 2 0.562 -0.067 0.535
pwy43_peer1 2 2 0.05 0.148 0.05
pwy45_peer1 2 2 0.056 -0.152 0.061
pwy47_peer3 2 2 0.051 0.107 0.05
pwy6_peer4 2 2 0.234 -0.256 0.397
pwy60_peer3 2 2 0.069 -0.132 0.072
pwy64_peer3 2 2 0.196 -0.22 0.32
pwy66_peer2 2 2 0.994 0.001 0.986
pwy7_peer1 2 2 0.792 -0.064 0.791
pwy85_peer4 2 2 0.84 0.032 0.709
pwy97_peer3 3 3 0.506 0.099 0.419
pwy97_peer4 3 3 0.009 0.151 0.041
pwy99_peer4 3 3 0.017 -0.151 0.07
pwy106_peer1 2 2 0.861 -0.052 0.763
pwy113_peer1 2 2 0.881 0.227 0.801
pwy121_peer1 2 2 0.858 -0.155 0.757
pwy124_peer1 2 2 0.872 -0.087 0.785
pwy131_peer1 2 2 0.883 -0.124 0.809
pwy134_peer1 2 2 0.875 -0.043 0.789
pwy136_peer1 2 2 0.874 0.128 0.786
pwy137_peer1 2 2 0.874 -0.156 0.786
pwy142_peer1 2 2 0.885 0.153 0.817
pwy143_peer1 2 2 0.885 0.234 0.817
pwy144_peer1 2 2 0.889 -0.063 0.824
pwy151_peer1 2 2 0.875 -0.13 0.789
pwy152_peer1 3 3 0.217 0.168 0.192
pwy153_peer1 2 2 0.903 -0.047 0.848
pwy154_peer1 2 2 0.89 -0.069 0.826
pwy155_peer1 2 2 0.895 0.12 0.835
pwy157_peer1 2 2 0.88 -0.046 0.801
pwy158_peer1 2 2 0.861 0.067 0.765
pwy159_peer1 2 2 0.888 -0.162 0.823
pwy160_peer1 2 2 0.877 0.086 0.79
pwy163_peer1 2 2 0.879 0.077 0.796
pwy167_peer1 2 2 0.84 0.181 0.714
pwy169_peer1 2 2 0.902 -0.058 0.845
pwy183_peer1 2 2 0.856 -0.206 0.754
pwy187_peer1 2 2 0.838 -0.207 0.712
pwy193_peer1 2 2 0.226 0.166 0.138
pwy194_peer1 2 2 0.871 -0.045 0.785
pwy198_peer1 2 2 0.876 -0.053 0.789
pwy2_peer1 2 2 0.877 -0.042 0.79
pwy203_peer1 2 2 0.892 -0.041 0.827
pwy205_peer1 2 2 0.912 -0.064 0.868
pwy206_peer1 2 2 0.004 0.138 0.007
pwy210_peer1 2 2 0.885 -0.098 0.817
pwy213_peer1 2 2 0.891 -0.037 0.827
pwy218_peer1 2 2 0.898 -0.035 0.842
pwy223_peer1 2 2 0.892 -0.102 0.828
pwy227_peer1 2 2 0.904 0.039 0.853
pwy231_peer1 2 2 0.87 -0.046 0.78
pwy236_peer1 2 2 0.884 0.106 0.816
pwy24_peer1 2 2 0.867 -0.048 0.778
pwy241_peer1 2 2 0.898 -0.035 0.841
pwy244_peer1 2 2 0.883 -0.041 0.809
pwy244_peer2 2 2 0.972 0.007 0.956
pwy245_peer1 2 2 0.899 -0.036 0.843
pwy257_peer1 2 2 0.873 0.045 0.785
pwy259_peer1 2 2 0.882 -0.096 0.805
pwy267_peer1 2 2 0.882 -0.042 0.806
pwy268_peer1 2 2 0.878 -0.058 0.793
pwy279_peer1 2 2 0.859 0.229 0.762
pwy28_peer1 2 2 0.849 0.053 0.741
pwy288_peer1 2 2 0.876 0.236 0.789
pwy289_peer1 2 2 0.863 0.24 0.771
pwy292_peer1 2 2 0.858 -0.242 0.76
pwy293_peer1 2 2 0.872 -0.236 0.785
pwy294_peer1 2 2 0.883 0.355 0.812
pwy299_peer1 2 2 0.865 -0.158 0.774
pwy304_peer1 2 2 0.877 -0.092 0.79
pwy307_peer1 3 3 0.209 0.11 0.15
pwy312_peer1 2 2 0.856 -0.093 0.754
pwy315_peer1 2 2 0.887 0.134 0.82
pwy316_peer1 2 2 0.878 0.1 0.795
pwy317_peer1 2 2 0.878 0.045 0.793
pwy318_peer1 2 2 0.865 -0.055 0.774
pwy319_peer1 2 2 0.846 0.096 0.73
pwy320_peer1 2 2 0.278 -0.125 0.181
pwy321_peer1 2 2 0.225 -0.131 0.138
pwy321_peer4 2 2 0.233 0.138 0.333
pwy322_peer4 2 2 0.029 0.104 0.061
pwy323_peer2 3 3 0.959 0.009 0.973
pwy324_peer1 2 2 0.864 -0.119 0.772
pwy326_peer5 2 2 0.066 -0.152 0.124
pwy327_peer1 2 2 0.79 -0.08 0.643
pwy328_peer1 2 2 0.887 -0.039 0.82
pwy329_peer1 2 2 0.847 -0.049 0.734
pwy330_peer1 2 2 0.896 -0.04 0.839
pwy331_peer1 2 2 0.856 -0.06 0.756
pwy36_peer1 2 2 0.077 -0.156 0.149
pwy39_peer1 2 2 0.86 -0.051 0.763
pwy41_peer1 2 2 0.847 0.055 0.734
pwy43_peer1 2 2 0.902 0.02 0.841
pwy44_peer1 2 2 0.855 -0.049 0.754
pwy45_peer1 2 2 0.886 -0.023 0.822
pwy46_peer1 2 2 0.828 -0.057 0.692
pwy47_peer1 2 2 0.879 -0.043 0.797
pwy50_peer1 2 2 0.832 0.061 0.761
pwy53_peer1 2 2 0.849 -0.055 0.739
pwy56_peer1 2 2 0.857 -0.103 0.756
pwy57_peer1 2 2 0.842 0.057 0.721
pwy6_peer1 2 2 0.859 0.051 0.761
pwy61_peer3 2 2 0.727 -0.088 0.631
pwy67_peer1 2 2 0.863 0.049 0.77
pwy8_peer1 2 2 0.848 -0.055 0.738
pwy82_peer4 2 2 0.002 -0.341 0.003
pwy83_peer1 2 2 0.831 0.075 0.696
pwy87_peer1 2 2 0.879 -0.042 0.796
pwy9_peer1 2 2 0.86 -0.049 0.763
pwy91_peer1 2 2 0.859 0.053 0.761
pwy92_peer1 2 2 0.85 -0.056 0.743
pwy93_peer1 2 2 0.841 -0.057 0.717
pwy96_peer5 2 2 0.133 0.229 0.191
pwy97_peer1 2 2 0.87 -0.051 0.78
pwy97_peer4 2 2 0.68 0.092 0.597
pwy98_peer1 2 2 0.835 -0.055 0.705
pwy99_peer1 2 2 0.866 0.053 0.774
pwy99_peer4 2 2 0.682 -0.096 0.597
pwy127_peer3 5 5 0.244 -0.035 0.24
pwy142_peer4 2 2 0.07 -0.092 0.137
pwy145_peer4 2 2 0.061 -0.089 0.114
pwy152_peer4 2 2 0.825 -0.011 0.705
pwy167_peer2 2 2 0.227 0.067 0.323
pwy175_peer5 2 2 0.165 -0.092 0.324
pwy182_peer2 2 2 0.215 0.079 0.389
pwy199_peer4 2 2 0.157 -0.092 0.305
pwy213_peer4 3 3 0.39 0.037 0.275
pwy224_peer3 3 3 0.819 -0.033 0.811
pwy232_peer4 4 4 0.652 0.026 0.622
pwy236_peer3 2 2 0.718 0.073 0.562
pwy268_peer3 3 3 0.327 0.06 0.243
pwy299_peer4 2 2 0.079 0.092 0.15
pwy305_peer4 2 2 0.056 -0.09 0.108
pwy321_peer4 7 7 0.268 -0.02 0.275
pwy322_peer2 2 2 0.004 0.055 0.006
pwy332_peer4 2 2 0.076 0.094 0.148
pwy11_peer1 2 2 0.146 0.225 0.218
pwy189_peer5 2 2 0.072 0.215 0.111
pwy29_peer2 2 2 0.458 0.182 0.499
pwy295_peer5 2 2 0.2 -0.102 0.221
pwy323_peer2 2 2 0.087 -0.165 0.124
pwy43_peer4 2 2 0.943 -0.015 0.865
pwy62_peer3 2 2 0.439 0.202 0.482
pwy164_peer5 2 2 0.786 0.063 0.659
pwy232_peer5 2 2 0.033 0.114 0.053
pwy253_peer1 2 2 0.054 -0.126 0.086
pwy325_peer5 2 2 0.046 0.122 0.088
pwy326_peer5 2 2 0.047 -0.176 0.113
pwy34_peer3 2 2 0.957 -0.021 0.915
pwy34_peer4 3 3 0.563 -5.29 0.52
pwy97_peer4 2 2 0.083 0.413 0.176
pwy99_peer4 2 2 0.083 -0.438 0.176
pwy102_peer2 2 2 0.946 0.01 0.89
pwy105_peer4 2 2 0.879 -0.037 0.773
pwy11_peer3 3 3 0.006 -0.151 0.013
pwy11_peer5 3 3 0.009 -27.242 0.024
pwy132_peer2 2 2 0.885 0.025 0.763
pwy133_peer1 3 3 0.717 -0.035 0.737
pwy146_peer1 2 2 0.899 -0.029 0.792
pwy178_peer1 2 2 0.916 -0.02 0.825
pwy178_peer4 2 2 0.841 0.056 0.713
pwy196_peer4 2 2 0.892 0.026 0.773
pwy197_peer3 2 2 0.136 0.224 0.248
pwy200_peer2 2 2 0.996 -0.001 0.996
pwy209_peer5 4 4 0.671 -0.043 0.69
pwy225_peer5 2 2 0.17 -0.232 0.329
pwy235_peer5 4 4 0.902 -0.021 0.878
pwy238_peer3 2 2 0.066 -0.152 0.136
pwy257_peer3 2 2 0.001 -0.122 0
pwy258_peer2 3 3 0.708 -0.14 0.725
pwy258_peer4 2 2 0.026 0.12 0.066
pwy277_peer3 2 2 0.927 0.017 0.841
pwy28_peer4 2 2 0.674 0.065 0.669
pwy284_peer3 2 2 0.158 0.208 0.278
pwy29_peer3 4 4 0.886 0.012 0.878
pwy297_peer3 3 3 0.009 -0.104 0.021
pwy301_peer3 2 2 0.113 -0.203 0.209
pwy305_peer4 2 2 0.177 0.205 0.298
pwy310_peer1 2 2 0.907 -0.055 0.808
pwy311_peer3 2 2 0.941 0.016 0.893
pwy321_peer3 3 3 0.016 -0.149 0.054
pwy325_peer5 4 4 0.924 -0.006 0.915
pwy326_peer5 3 3 0.71 -0.036 0.742
pwy34_peer3 2 2 0.976 0.008 0.948
pwy34_peer4 2 2 0.958 0.679 0.916
pwy47_peer3 2 2 0.136 0.102 0.116
pwy5_peer1 2 2 0.926 0.015 0.84
pwy52_peer2 2 2 0.904 0.02 0.805
pwy58_peer2 2 2 0.016 -0.117 0.027
pwy6_peer4 2 2 0.214 -0.247 0.346
pwy60_peer3 2 2 0.045 -0.13 0.04
pwy7_peer1 3 3 0.619 -0.075 0.638
pwy85_peer4 2 2 0.849 0.029 0.743
pwy97_peer3 3 3 0.587 0.083 0.549
pwy97_peer4 3 3 0.015 0.165 0.063
pwy105_peer4 3 3 0.567 0.059 0.517
pwy11_peer3 3 3 0.005 -0.146 0.022
pwy11_peer5 2 2 0.039 -24.456 0.073
pwy157_peer5 2 2 0.005 0.109 0.004
pwy169_peer3 3 3 0.328 0.086 0.295
pwy172_peer3 2 2 0.018 0.117 0.027
pwy178_peer4 2 2 0.765 0.077 0.624
pwy197_peer3 2 2 0.146 0.222 0.28
pwy209_peer5 4 4 0.669 -0.044 0.673
pwy225_peer5 2 2 0.07 -0.224 0.144
pwy235_peer5 3 3 0.784 0.059 0.806
pwy238_peer3 2 2 0.006 -0.141 0.02
pwy253_peer5 2 2 0.486 -0.074 0.473
pwy258_peer4 3 3 0.393 0.088 0.36
pwy275_peer5 3 3 0.096 0.158 0.073
pwy297_peer3 2 2 0.005 -0.112 0.007
pwy30_peer3 2 2 0.014 -0.18 0.037
pwy301_peer3 2 2 0.126 -0.201 0.243
pwy305_peer4 2 2 0.225 0.194 0.354
pwy311_peer3 2 2 0.967 -0.007 0.926
pwy321_peer3 3 3 0.002 -0.17 0.009
pwy325_peer5 2 2 0.626 0.055 0.607
pwy326_peer5 2 2 0.583 -0.064 0.595
pwy40_peer2 2 2 0.587 -0.066 0.593
pwy44_peer3 2 2 0.061 -0.099 0.062
pwy45_peer5 2 2 0.086 0.112 0.102
pwy47_peer3 2 2 0.081 0.095 0.066
pwy58_peer2 2 2 0.02 -0.117 0.031
pwy6_peer4 2 2 0.228 -0.247 0.37
pwy60_peer3 2 2 0.032 -0.124 0.052
pwy60_peer5 2 2 0.015 0.212 0.028
pwy85_peer4 2 2 0.808 0.039 0.695
pwy97_peer3 3 3 0.047 0.192 0.117
pwy97_peer4 3 3 0.006 0.122 0.028
pwy115_peer5 3 3 0.02 -0.16 0.013
pwy13_peer5 3 3 0.021 -0.186 0.022
pwy141_peer4 2 2 0.083 0.123 0.131
pwy16_peer5 2 2 0.539 -0.068 0.568
pwy206_peer4 2 2 0.192 0.5 0.289
pwy208_peer2 2 2 0.926 0.014 0.862
pwy235_peer5 2 2 0.219 -0.309 0.327
pwy264_peer2 2 2 0.435 0.135 0.435
pwy264_peer3 2 2 0.096 -20.761 0.155
pwy28_peer2 2 2 0.179 0.161 0.252
pwy316_peer5 2 2 0.997 0.001 0.996
pwy320_peer3 2 2 0.503 0.074 0.512
pwy39_peer3 2 2 0.219 0.144 0.289
pwy52_peer3 2 2 0.023 0.11 0.023
pwy58_peer4 3 3 0.113 -0.365 0.177
pwy82_peer5 2 2 0.653 0.212 0.563
pwy95_peer2 3 3 0.053 -0.157 0.085
pwy103_peer2 2 2 0.906 -0.016 0.822
pwy141_peer2 2 2 0.093 -0.121 0.181
pwy148_peer4 2 2 0.84 -0.029 0.702
pwy149_peer5 3 3 0.556 0.056 0.506
pwy179_peer2 2 2 0.959 -0.007 0.907
pwy28_peer5 2 2 0.825 0.035 0.699
pwy303_peer2 2 2 0.064 0.123 0.141
pwy308_peer2 3 3 0.613 0.048 0.596
pwy310_peer2 3 3 0.649 0.048 0.657
pwy331_peer4 2 2 0.994 -0.001 0.985
pwy40_peer3 2 2 0.093 0.128 0.202
pwy41_peer4 2 2 0.038 -0.119 0.079
pwy6_peer4 3 3 0.788 -0.034 0.807
pwy71_peer1 2 2 0.039 0.114 0.085
pwy81_peer2 2 2 0.006 0.114 0.008
pwy97_peer4 3 3 0.794 0.037 0.808
pwy99_peer4 3 3 0.911 0.015 0.89
pwy100_peer1 2 2 0.698 -0.145 0.599
pwy107_peer1 2 2 0.693 -0.132 0.599
pwy128_peer1 2 2 0.708 -0.641 0.599
pwy166_peer2 2 2 0.911 -0.054 0.741
pwy183_peer5 2 2 0.034 0.362 0.07
pwy203_peer4 2 2 0.045 -0.157 0.137
pwy21_peer1 2 2 0.704 0.139 0.599
pwy23_peer1 2 2 0.703 -0.142 0.599
pwy243_peer5 2 2 0.062 0.447 0.234
pwy245_peer3 2 2 0.976 -0.013 0.896
pwy252_peer3 2 2 0.057 0.37 0.188
pwy260_peer5 2 2 0.864 -0.09 0.647
pwy321_peer4 3 3 0.016 0.297 0.045
pwy45_peer3 2 2 0.622 -0.255 0.531
pwy7_peer1 2 2 0.536 -0.293 0.511
pwy72_peer1 2 2 0.565 0.272 0.556
pwy72_peer4 2 2 0.605 165.627 0.557
pwy72_peer5 2 2 0.061 -244.333 0.04
pwy8_peer5 3 3 0.531 -0.249 0.421
pwy84_peer3 2 2 0.019 0.212 0.075
pwy84_peer4 2 2 0.083 -0.261 0.172
pwy85_peer2 2 2 0.049 0.249 0.143
pwy85_peer3 3 3 0.007 0.27 0.013
pwy85_peer5 2 2 0.01 0.333 0.045
pwy21_peer4 3 3 0.626 -0.331 0.632
pwy228_peer5 2 2 0.097 1.393 0.225
pwy235_peer5 3 3 0.037 -1.195 0.148
pwy252_peer4 2 2 0.436 3.118 0.513
pwy297_peer3 2 2 1 0 0.999
pwy301_peer4 2 2 0.081 -1.544 0.192
pwy320_peer5 2 2 0.975 0.03 0.926
pwy324_peer4 2 2 0.786 -0.251 0.682
pwy332_peer3 3 3 0.445 -0.698 0.363
pwy68_peer4 4 5 0 -0.867 0.005
pwy69_peer3 2 2 0.281 -1.124 0.381
pwy77_peer4 3 3 0.739 -0.337 0.715
pwy78_peer3 2 2 0.114 0.821 0.138
pwy84_peer3 2 2 0.266 -0.615 0.145
pwy85_peer4 2 2 0.942 -0.096 0.868
pwy97_peer4 2 2 0.077 1.253 0.179
pwy99_peer4 2 2 0.077 -1.331 0.179
pwy108_peer5 2 2 0.604 0.264 NA
pwy110_peer5 2 2 0.559 -0.261 NA
pwy148_peer5 3 3 0.529 0.364 0.5
pwy162_peer4 3 3 0.431 0.177 0.25
pwy163_peer4 3 3 0.556 0.291 0.5
pwy179_peer4 3 3 0.785 0.125 0.5
pwy183_peer4 3 3 0.499 -0.153 0.5
pwy232_peer3 2 2 0.509 -0.272 NA
pwy313_peer3 3 3 0.5 -0.177 0.5
pwy58_peer3 3 3 0.555 -0.335 0.5
pwy86_peer5 2 2 0.248 -0.636 NA
pwy103_peer5 2 2 0.768 -0.266 0.604
pwy110_peer5 2 2 0.045 0.881 0.088
pwy168_peer3 2 2 0.01 0.802 0
pwy17_peer4 2 2 0.062 -0.871 0.055
pwy188_peer5 2 2 0.734 -0.622 0.495
pwy279_peer4 2 2 0.054 0.779 0.088
pwy140_peer4 2 2 0.136 -0.14 0.231
pwy156_peer2 2 2 0.016 0.154 0.027
pwy174_peer2 2 2 0.911 0.026 0.859
pwy184_peer3 2 2 1 0 1
pwy185_peer4 3 3 0.228 0.141 0.199
pwy198_peer2 2 2 0.134 -0.12 0.217
pwy207_peer3 2 2 0.15 -0.108 0.231
pwy244_peer2 2 2 0.968 0.005 0.939
pwy295_peer5 2 2 0.158 -0.095 0.203
pwy3_peer4 2 2 0.168 -0.255 0.281
pwy321_peer3 3 3 0.076 -0.263 0.156
pwy326_peer3 3 3 0.009 -0.154 0.029
pwy326_peer5 3 3 0.991 0.002 0.99
pwy33_peer3 3 3 0.588 -0.054 0.563
pwy331_peer3 2 2 0.027 -0.123 0.051
pwy49_peer4 4 4 0.118 0.209 0.122
pwy97_peer4 2 2 0.057 -0.154 0.1
pwy99_peer4 2 2 0.057 0.164 0.1
pwy100_peer2 2 2 0.049 0.181 0.096
pwy13_peer1 2 2 0.959 -0.008 0.931
pwy133_peer5 2 2 0.564 -0.212 0.593
pwy134_peer1 2 2 0.516 0.085 0.453
pwy14_peer1 3 3 0.406 0.338 0.362
pwy15_peer1 2 2 0.407 -0.524 0.394
pwy171_peer5 2 2 0.108 0.187 0.099
pwy175_peer1 2 2 0.374 0.498 0.362
pwy175_peer5 2 2 0.865 -0.039 0.823
pwy179_peer4 2 2 0.023 0.127 0.031
pwy183_peer4 2 2 0.244 -0.234 0.303
pwy194_peer1 3 3 0.395 0.331 0.353
pwy195_peer4 2 2 0.052 -0.155 0.056
pwy198_peer1 2 2 0.12 -0.187 0.206
pwy209_peer1 2 2 0.48 0.439 0.461
pwy210_peer1 2 2 0.493 1.038 0.469
pwy215_peer3 3 3 0.594 0.068 0.575
pwy218_peer1 2 2 0.484 0.417 0.466
pwy223_peer1 2 2 0.483 1.163 0.464
pwy226_peer1 2 2 0.496 0.431 0.47
pwy236_peer1 2 2 0.481 -1.141 0.461
pwy242_peer1 2 2 0.472 -0.435 0.457
pwy278_peer3 2 2 0.927 -0.031 0.879
pwy298_peer5 2 2 0.011 -0.116 0.009
pwy328_peer1 2 2 0.123 -0.15 0.21
pwy329_peer1 3 3 0.384 0.333 0.348
pwy35_peer1 2 2 0.414 0.494 0.404
pwy46_peer1 2 2 0.466 0.419 0.455
pwy57_peer1 2 2 0.411 -0.457 0.4
pwy58_peer1 2 2 0.386 0.503 0.372
pwy61_peer1 2 2 0.39 0.507 0.378
pwy67_peer1 2 2 0.385 -0.496 0.371
pwy71_peer3 2 2 0.002 0.13 0.003
pwy74_peer1 2 2 0.503 -0.432 0.474
pwy83_peer4 2 2 0.028 0.101 0.052
pwy87_peer1 2 2 0.479 0.411 0.461
pwy105_peer1 2 2 0.903 -0.046 0.811
pwy12_peer1 2 2 0.961 0.016 0.92
pwy147_peer1 3 3 0.766 0.062 0.82
pwy148_peer1 3 3 0.771 -0.072 0.83
pwy152_peer2 2 2 0.915 -0.03 0.832
pwy17_peer1 2 2 0.097 0.283 0.198
pwy21_peer1 2 2 0.06 -0.294 0.137
pwy217_peer1 2 2 0.892 -0.102 0.794
pwy22_peer1 2 2 0.129 -0.262 0.244
pwy23_peer1 2 2 0.058 0.288 0.134
pwy243_peer1 2 2 0.105 0.297 0.206
pwy249_peer1 3 3 0.499 0.249 0.43
pwy260_peer1 2 2 0.887 -0.049 0.78
pwy264_peer4 3 3 0.581 -27.802 0.52
pwy29_peer1 2 2 0.104 -0.262 0.199
pwy30_peer1 2 2 0.039 -0.275 0.084
pwy308_peer1 2 2 0.891 0.066 0.793
pwy309_peer1 2 2 0.875 -0.054 0.765
pwy312_peer1 2 2 0.882 0.094 0.778
pwy321_peer3 2 2 0.114 0.332 0.214
pwy327_peer3 2 2 0.203 0.386 0.354
pwy33_peer1 2 2 0.021 -0.285 0.051
pwy34_peer1 2 2 0.029 -0.252 0.067
pwy39_peer1 2 2 0.129 -0.297 0.273
pwy49_peer2 2 2 0.963 0.016 0.916
pwy5_peer5 2 2 0.051 0.305 0.085
pwy51_peer5 2 2 0.011 0.294 0.011
pwy68_peer1 2 2 0.07 0.279 0.157
pwy72_peer1 3 3 0.295 -0.258 0.257
pwy78_peer1 2 2 0.069 -0.256 0.129
pwy85_peer1 2 2 0.069 0.262 0.129
pwy105_peer4 2 2 0.813 -0.087 0.679
pwy15_peer4 2 2 0.086 0.212 0.173
pwy159_peer5 3 3 0.011 -0.21 0.054
pwy165_peer4 2 2 0.183 -0.164 0.312
pwy197_peer3 2 2 0.088 0.194 0.167
pwy219_peer3 2 2 0.735 -0.049 0.65
pwy235_peer5 3 3 0.961 -0.011 0.968
pwy242_peer3 2 2 0.773 0.067 0.641
pwy248_peer4 2 2 0.085 0.141 0.158
pwy251_peer5 2 2 0.997 -0.001 0.992
pwy284_peer3 2 2 0.113 0.191 0.218
pwy297_peer3 2 2 0.031 -0.16 0.045
pwy301_peer3 2 2 0.085 -0.18 0.156
pwy305_peer4 2 2 0.143 0.186 0.258
pwy311_peer3 2 2 0.832 0.068 0.706
pwy321_peer3 4 4 0.363 -0.076 0.375
pwy40_peer4 2 2 0.128 -0.195 0.241
pwy47_peer3 2 2 0.099 0.104 0.082
pwy72_peer4 2 2 0.016 -145.74 0.012
pwy73_peer5 2 2 0.6 -0.068 0.596
pwy8_peer2 2 2 0.711 -0.059 0.637
pwy85_peer4 3 3 0.889 0.016 0.908
pwy96_peer3 2 2 0.158 -0.18 0.274
pwy97_peer3 2 2 0.145 0.185 0.259
pwy97_peer4 3 3 0.058 0.242 0.154
pwy102_peer5 2 2 0.652 0.091 0.525
pwy108_peer2 2 2 0.039 0.137 0.09
pwy116_peer3 2 2 0.564 -0.106 0.51
pwy127_peer4 2 2 0.901 -0.025 0.637
pwy132_peer3 2 2 0.672 -0.078 0.514
pwy140_peer4 2 2 0.929 0.023 0.91
pwy148_peer3 3 3 0.046 -0.188 0.226
pwy164_peer4 3 3 0.64 -0.079 0.569
pwy17_peer5 2 2 0.927 -0.028 0.848
pwy182_peer2 2 2 0.177 -0.186 0.451
pwy185_peer4 2 2 0.746 -0.073 0.525
pwy226_peer3 3 3 0.242 0.13 0.252
pwy263_peer2 2 2 0.934 -0.018 0.849
pwy279_peer3 2 2 0.169 0.177 0.437
pwy28_peer2 2 2 0.689 0.069 0.514
pwy283_peer3 2 2 0.084 0.171 0.029
pwy285_peer3 3 3 0.024 -0.195 0.036
pwy287_peer3 2 2 0.249 -0.198 0.478
pwy307_peer4 2 2 0.041 -0.132 0.133
pwy309_peer3 2 2 0.703 -0.07 0.514
pwy48_peer3 2 2 0.088 2957.734 0.344
pwy62_peer3 2 2 0.068 0.164 0.108
pwy83_peer2 2 2 0.045 -0.139 0.054
pwy87_peer4 2 2 0.147 0.207 0.406
pwy9_peer3 2 2 0.047 0.16 0.187
pwy93_peer2 2 2 0.008 -0.138 0.016
