factor num_snp_fdr<0.2 num_snp_noMHC pval_in_fitting slope_in_fitting rsq_in_fitting pval_in_resampling
EUR.CD_pwy107_pc5 2 2 0.034 -0.525 0.997 0.093
EUR.CD_pwy119_pc3 2 2 0.15 0.634 0.945 0.081
EUR.CD_pwy122_pc3 2 2 0.169 -0.45 0.931 0.081
EUR.CD_pwy139_pc3 2 2 0.397 -0.213 0.659 0.504
EUR.CD_pwy141_pc2 2 2 0.375 0.438 0.691 0.433
EUR.CD_pwy144_pc5 2 2 0.153 0.425 0.943 0.081
EUR.CD_pwy163_pc3 2 2 0.994 -0.004 0 0.977
EUR.CD_pwy165_pc3 2 2 0.876 -0.154 0.037 0.718
EUR.CD_pwy167_pc4 2 2 0.058 -0.78 0.992 0.187
EUR.CD_pwy191_pc2 2 2 0.893 -0.266 0.028 0.732
EUR.CD_pwy195_pc3 2 2 0.349 -0.367 0.728 0.369
EUR.CD_pwy204_pc3 2 2 0.357 0.347 0.718 0.392
EUR.CD_pwy237_pc5 2 2 0.377 -0.298 0.689 0.442
EUR.CD_pwy256_pc5 2 2 0.014 0.551 1 0.069
EUR.CD_pwy265_pc3 2 2 0.367 -0.369 0.703 0.24
EUR.CD_pwy275_pc5 2 1 0.037 -0.334 0.997 0.113
EUR.CD_pwy280_pc5 2 1 0.798 -0.19 0.097 0.648
EUR.CD_pwy282_pc2 2 2 0.687 0.399 0.222 0.53
EUR.CD_pwy298_pc3 2 2 0.172 0.432 0.929 0.081
EUR.CD_pwy301_pc4 2 2 0.023 -0.382 0.999 0.101
EUR.CD_pwy310_pc3 2 2 0.093 0.694 0.979 0.292
EUR.CD_pwy313_pc3 2 2 0.713 -0.262 0.19 0.506
EUR.CD_pwy319_pc4 2 2 0.03 -0.298 0.998 0.081
EUR.CD_pwy322_pc4 3 2 0.027 -0.406 0.947 0.111
EUR.CD_pwy322_pc5 2 2 0.934 0.053 0.011 0.82
EUR.CD_pwy56_pc4 2 2 0.081 0.432 0.984 0.14
EUR.CD_pwy57_pc1 2 2 0.958 -0.042 0.004 0.865
EUR.CD_pwy95_pc3 2 2 0.985 0.01 0.001 0.955
EUR.IBD_pwy107_pc2 3 3 0.375 0.348 0.39 0.4
EUR.IBD_pwy112_pc4 2 2 0.046 0.215 0.995 0.207
EUR.IBD_pwy116_pc2 2 2 0.038 -0.447 0.996 0.105
EUR.IBD_pwy136_pc2 3 3 0.3 -0.363 0.49 0.227
EUR.IBD_pwy141_pc2 2 2 0.347 0.351 0.731 0.396
EUR.IBD_pwy144_pc5 2 2 0.091 0.326 0.98 0.024
EUR.IBD_pwy165_pc3 2 2 0.954 -0.04 0.005 0.868
EUR.IBD_pwy168_pc2 2 2 0.241 -0.549 0.864 0.378
EUR.IBD_pwy171_pc3 2 2 0.061 -0.725 0.991 0.165
EUR.IBD_pwy171_pc4 2 2 0.419 0.243 0.626 0.516
EUR.IBD_pwy184_pc2 2 1 0.196 0.661 0.908 0.517
EUR.IBD_pwy193_pc2 2 1 0.053 0.424 0.993 0.043
EUR.IBD_pwy195_pc3 2 2 0.321 -0.293 0.766 0.263
EUR.IBD_pwy204_pc3 2 2 0.329 0.278 0.756 0.302
EUR.IBD_pwy206_pc5 3 3 0.027 0.395 0.947 0.116
EUR.IBD_pwy207_pc1 2 2 0.167 -0.507 0.933 0.45
EUR.IBD_pwy228_pc5 2 2 0.403 0.23 0.649 0.474
EUR.IBD_pwy233_pc4 2 2 0.351 0.25 0.726 0.263
EUR.IBD_pwy235_pc4 2 2 0.414 -0.239 0.633 0.559
EUR.IBD_pwy235_pc5 2 2 0.046 0.277 0.995 0.207
EUR.IBD_pwy237_pc5 3 3 0.304 -0.204 0.484 0.425
EUR.IBD_pwy238_pc4 2 1 0.167 -0.412 0.933 0.114
EUR.IBD_pwy252_pc4 2 2 0.989 -0.009 0 0.969
EUR.IBD_pwy256_pc5 4 4 0.002 0.555 0.969 0.027
EUR.IBD_pwy260_pc2 2 2 0.979 0.017 0.001 0.912
EUR.IBD_pwy267_pc5 2 2 0.38 -0.237 0.684 0.471
EUR.IBD_pwy301_pc4 3 3 0.024 -0.364 0.952 0.246
EUR.IBD_pwy302_pc4 2 2 0.062 -0.274 0.991 0.26
EUR.IBD_pwy303_pc4 2 2 0.164 0.338 0.935 0.479
EUR.IBD_pwy307_pc4 2 2 0.142 0.454 0.951 0.307
EUR.IBD_pwy310_pc3 2 2 0.002 0.612 1 0.014
EUR.IBD_pwy310_pc4 2 2 0.051 0.221 0.994 0.222
EUR.IBD_pwy311_pc5 2 2 0.377 -0.265 0.688 0.309
EUR.IBD_pwy313_pc4 3 3 0.377 0.178 0.388 0.482
EUR.IBD_pwy315_pc4 2 2 0.066 0.235 0.989 0.267
EUR.IBD_pwy316_pc4 2 2 0.08 0.295 0.984 0.308
EUR.IBD_pwy319_pc4 2 2 0.054 -0.28 0.993 0.164
EUR.IBD_pwy322_pc4 3 2 0.395 -0.237 0.366 0.238
EUR.IBD_pwy322_pc5 2 1 0.069 0.456 0.988 0.13
EUR.IBD_pwy67_pc4 2 2 0.818 0.119 0.08 0.641
EUR.IBD_pwy78_pc1 2 2 0.063 0.605 0.99 0.183
EUR.UC_pwy101_pc2 2 1 0.114 0.54 0.969 0.288
EUR.UC_pwy129_pc2 2 2 0.032 -0.674 0.998 0.116
EUR.UC_pwy219_pc5 2 2 0.017 0.341 0.999 0.067
EUR.UC_pwy256_pc5 2 2 0.013 0.684 1 0.025
EUR.UC_pwy266_pc5 2 1 0.728 -0.324 0.171 0.51
EUR.UC_pwy282_pc4 2 2 0.194 -0.387 0.91 0.399
EUR.UC_pwy304_pc2 3 2 0.08 0.923 0.847 0.186
EUR.UC_pwy316_pc5 2 2 0.036 0.557 0.997 0.131
EUR.UC_pwy322_pc3 2 1 0.292 -0.864 0.804 0.493
EUR.UC_pwy50_pc4 2 1 0.986 0.011 0 0.951
T1D_pwy218_pc1 2 2 0.708 0.804 0.196 0.572
T1D_pwy236_pc1 2 2 0.961 0.038 0.004 0.914
T1D_pwy236_pc5 2 2 0.091 0.287 0.98 0.114
T1D_pwy243_pc1 2 2 0.004 0.411 1 0.011
T1D_pwy252_pc2 2 2 0.202 -0.799 0.903 0.323
T1D_pwy260_pc3 2 2 0.054 -0.578 0.993 0.052
T1D_pwy297_pc2 2 2 0.038 -0.391 0.996 0.097
T1D_pwy307_pc1 2 2 0.916 -0.068 0.017 0.791
T1D_pwy311_pc3 2 2 0.193 0.684 0.911 0.299
T1D_pwy314_pc3 2 2 0.836 0.08 0.065 0.757
T1D_pwy327_pc1 2 2 0.242 0.844 0.863 0.359
T1D_pwy35_pc4 2 2 0.789 -0.233 0.106 0.647
T1D_pwy39_pc3 2 2 0.005 -0.348 1 0.013
T1D_pwy47_pc2 2 2 0.719 0.182 0.183 0.611
T1D_pwy56_pc3 2 2 0.141 0.346 0.952 0.138
T1D_pwy59_pc5 2 2 0.072 -0.653 0.987 0.105
T1D_pwy5_pc1 2 2 0.425 2.111 0.616 0.501
T1D_pwy62_pc5 2 2 0.765 0.169 0.13 0.656
T1D_pwy68_pc1 2 2 0.208 0.375 0.897 0.23
T1D_pwy75_pc1 3 3 0.493 -0.282 0.257 0.434
T1D_pwy91_pc5 2 2 0.43 0.378 0.609 0.497
T1D_pwy96_pc4 2 2 0.153 0.862 0.943 0.187
allergy_pwy116_pc1 2 2 0.841 0.041 0.061 0.664
allergy_pwy12_pc2 2 2 0.999 0 0 0.999
allergy_pwy136_pc5 2 2 0.009 -0.067 1 0.024
allergy_pwy246_pc5 2 2 0.644 -0.088 0.282 0.536
allergy_pwy26_pc1 2 1 0.246 -0.201 0.857 0.424
allergy_pwy296_pc1 2 2 0.689 -0.071 0.22 0.596
allergy_pwy320_pc5 2 0 0.17 -0.146 0.93 0.219
allergy_pwy322_pc3 2 2 0.677 0.09 0.236 0.557
allergy_pwy57_pc2 2 2 0.023 -0.136 0.999 0.087
allergy_pwy96_pc4 2 2 0.674 -0.079 0.24 0.536
baso_pwy320_pc5 2 1 0.015 0.145 0.999 0.025
baso_pwy43_pc1 2 2 0.921 0.014 0.015 0.758
baso_pwy87_pc5 2 2 0.067 0.081 0.989 0.213
eo_pwy131_pc3 2 1 0.815 0.028 0.082 0.66
eo_pwy133_pc5 2 1 0.179 -0.118 0.923 0.378
eo_pwy250_pc3 2 2 0.027 0.081 0.998 0.078
eo_pwy265_pc2 2 2 0.57 -0.09 0.391 0.542
eo_pwy26_pc4 2 2 0.799 0.016 0.097 0.688
eo_pwy321_pc4 2 1 0.643 0.065 0.282 0.523
eo_pwy326_pc4 3 2 0.038 -0.103 0.926 0.148
eo_pwy329_pc4 3 3 0.032 -0.078 0.936 0.139
eo_pwy42_pc2 3 3 0.628 0.044 0.138 0.587
eo_pwy59_pc5 2 2 0.817 0.049 0.08 0.618
eo_pwy78_pc3 4 4 0.682 -0.029 0.064 0.631
eo_pwy91_pc2 2 2 0.701 0.035 0.204 0.627
gran_pwy11_pc2 2 2 0.038 -0.071 0.996 0.12
gran_pwy130_pc2 4 4 0.188 0.049 0.49 0.156
gran_pwy130_pc3 2 2 0.994 0.001 0 0.977
gran_pwy138_pc2 2 2 0.083 0.067 0.983 0.012
gran_pwy144_pc2 2 2 0.027 0.099 0.998 0.097
gran_pwy152_pc3 3 3 0.599 -0.111 0.161 0.591
gran_pwy170_pc3 2 2 0.974 -0.004 0.002 0.914
gran_pwy174_pc1 2 2 0.338 -0.119 0.744 0.483
gran_pwy188_pc2 2 2 0.943 0.008 0.008 0.821
gran_pwy218_pc3 2 2 0.958 -0.005 0.004 0.917
gran_pwy219_pc2 2 2 0.9 -0.01 0.024 0.751
gran_pwy230_pc3 2 2 0.989 0.001 0 0.973
gran_pwy23_pc1 2 2 0.23 -0.162 0.875 0.394
gran_pwy242_pc2 4 4 0.939 -0.006 0.002 0.897
gran_pwy246_pc5 2 2 0.457 0.05 0.568 0.462
gran_pwy249_pc5 2 2 0.046 -0.071 0.995 0.151
gran_pwy296_pc1 2 2 0.841 -0.027 0.061 0.626
gran_pwy313_pc3 2 2 0.995 0.001 0 0.98
gran_pwy314_pc3 2 2 0.913 0.008 0.019 0.769
gran_pwy316_pc3 2 2 0.933 0.007 0.011 0.789
gran_pwy320_pc2 2 1 0.584 0.087 0.37 0.516
gran_pwy321_pc4 4 2 0.158 -0.099 0.538 0.101
gran_pwy325_pc4 2 1 0.657 -0.063 0.263 0.537
gran_pwy329_pc3 2 2 0.838 0.022 0.064 0.625
gran_pwy50_pc5 3 3 0.774 -0.022 0.051 0.778
gran_pwy72_pc1 2 2 0.976 0.004 0.001 0.931
gran_pwy85_pc4 2 2 0.096 -0.099 0.977 0.19
gran_pwy88_pc5 2 2 0.152 -0.088 0.944 0.322
hct_pwy112_pc3 3 3 0.073 -0.154 0.86 0.196
hct_pwy13_pc1 2 2 0.938 0.009 0.01 0.93
hct_pwy20_pc2 2 2 0.282 -0.277 0.816 0.438
hct_pwy219_pc2 2 2 0.932 -0.009 0.011 0.883
hct_pwy231_pc2 2 2 0.086 0.106 0.982 0.253
hct_pwy304_pc2 2 2 0.04 -0.073 0.996 0.09
hct_pwy57_pc5 4 4 0.929 0.007 0.003 0.908
hct_pwy93_pc4 3 3 0.5 -0.068 0.25 0.343
hgb_pwy101_pc5 2 1 0.645 0.028 0.28 0.52
hgb_pwy105_pc3 2 2 0.334 -0.077 0.749 0.28
hgb_pwy112_pc3 2 2 0.227 -0.166 0.878 0.43
hgb_pwy121_pc2 2 1 0.011 -0.131 1 0.011
hgb_pwy123_pc3 2 2 0.966 0.003 0.003 0.894
hgb_pwy124_pc3 2 2 0.994 -0.001 0 0.976
hgb_pwy147_pc5 2 2 0.492 -0.146 0.513 0.499
hgb_pwy149_pc5 2 2 0.728 0.045 0.171 0.555
hgb_pwy175_pc1 2 2 0.691 -0.081 0.217 0.579
hgb_pwy183_pc5 2 1 0.101 0.064 0.975 0.166
hgb_pwy217_pc3 2 2 0.727 -0.031 0.173 0.56
hgb_pwy221_pc3 2 2 0.069 -0.079 0.988 0.214
hgb_pwy232_pc3 2 2 0.947 0.005 0.007 0.896
hgb_pwy244_pc5 2 2 0.84 0.021 0.062 0.638
hgb_pwy247_pc5 2 2 0.318 0.053 0.771 0.22
hgb_pwy298_pc3 2 2 0.996 0 0 0.982
hgb_pwy300_pc2 2 2 0.056 -0.095 0.992 0.171
hgb_pwy306_pc5 2 2 0.824 0.031 0.075 0.608
hgb_pwy307_pc3 2 2 0.841 -0.018 0.061 0.674
hgb_pwy314_pc3 2 2 0.292 0.072 0.803 0.151
hgb_pwy316_pc3 3 3 0.281 0.058 0.517 0.209
hgb_pwy320_pc2 2 2 0.023 -0.089 0.999 0.034
hgb_pwy327_pc5 2 2 0.931 0.009 0.012 0.803
hgb_pwy40_pc4 2 2 0.868 0.02 0.043 0.929
hgb_pwy54_pc3 2 2 0.95 0.004 0.006 0.851
hgb_pwy57_pc5 4 4 0.488 0.051 0.172 0.5
hgb_pwy73_pc4 2 2 0.212 -0.249 0.894 0.288
hgb_pwy77_pc5 2 2 0.066 0.084 0.989 0.206
hgb_pwy79_pc2 2 2 0.106 -0.084 0.972 0.262
hgb_pwy91_pc3 2 2 0.929 -0.007 0.012 0.81
hgb_pwy93_pc4 3 3 0.494 -0.065 0.256 0.374
lymph_pwy130_pc2 2 2 0.903 -0.01 0.023 0.76
lymph_pwy139_pc5 2 2 0.221 0.057 0.884 0.445
lymph_pwy144_pc3 2 2 0.053 0.072 0.993 0.164
lymph_pwy150_pc4 2 2 0.893 -0.009 0.028 0.766
lymph_pwy152_pc4 2 2 0.91 0.008 0.02 0.753
lymph_pwy153_pc3 2 2 0.047 -0.085 0.995 0.119
lymph_pwy155_pc5 2 2 0.225 0.059 0.88 0.446
lymph_pwy175_pc3 2 2 0.049 0.074 0.994 0.104
lymph_pwy219_pc4 2 2 0.86 0.011 0.048 0.664
lymph_pwy221_pc5 2 2 0.891 -0.008 0.029 0.756
lymph_pwy258_pc3 3 3 0.6 -0.068 0.16 0.563
lymph_pwy263_pc3 2 2 0.987 0.002 0 0.967
lymph_pwy266_pc5 2 2 0.094 0.065 0.978 0.278
lymph_pwy281_pc5 2 1 0.722 0.041 0.179 0.511
lymph_pwy290_pc2 2 2 0.822 0.03 0.076 0.631
lymph_pwy291_pc4 2 2 0.907 0.004 0.021 0.781
lymph_pwy312_pc1 2 2 0.059 0.147 0.992 0.148
lymph_pwy323_pc4 2 1 0.688 0.049 0.222 0.529
lymph_pwy329_pc1 2 2 0.047 0.092 0.995 0.052
lymph_pwy48_pc1 2 2 0.987 0.003 0 0.963
lymph_pwy64_pc2 2 2 0.779 -0.03 0.115 0.653
lymph_pwy87_pc3 2 2 0.058 0.077 0.992 0.148
mch_pwy108_pc4 2 2 0.97 0.003 0.002 0.937
mch_pwy112_pc5 2 2 0.604 0.11 0.34 0.513
mch_pwy116_pc2 2 2 0.189 0.151 0.914 0.319
mch_pwy122_pc2 2 2 0.739 0.062 0.159 0.584
mch_pwy122_pc5 2 2 0.054 -0.045 0.993 0.093
mch_pwy123_pc5 3 3 0.063 0.077 0.878 0.12
mch_pwy128_pc4 2 2 0.625 -0.099 0.309 0.515
mch_pwy129_pc4 2 2 0.215 0.086 0.891 0.382
mch_pwy135_pc3 2 2 0.952 0.005 0.006 0.892
mch_pwy145_pc4 2 2 0.901 -0.007 0.024 0.809
mch_pwy150_pc4 2 2 0.893 -0.007 0.028 0.775
mch_pwy151_pc4 2 2 0.032 -0.049 0.998 0.065
mch_pwy152_pc3 2 2 0.983 0.003 0.001 0.958
mch_pwy161_pc4 2 2 0.963 0.003 0.003 0.917
mch_pwy166_pc2 2 2 0.944 -0.008 0.008 0.871
mch_pwy179_pc3 2 2 0.89 -0.008 0.029 0.77
mch_pwy188_pc4 2 2 0.565 0.126 0.398 0.513
mch_pwy189_pc4 2 2 0.124 0.068 0.962 0.208
mch_pwy194_pc3 2 2 0.281 -0.179 0.818 0.408
mch_pwy212_pc2 2 2 0.769 0.039 0.126 0.616
mch_pwy217_pc4 2 2 0.781 -0.016 0.114 0.648
mch_pwy242_pc1 2 2 0.91 -0.027 0.02 0.877
mch_pwy245_pc2 2 2 0.653 -0.05 0.268 0.577
mch_pwy250_pc5 3 3 0.574 0.041 0.181 0.516
mch_pwy257_pc1 2 2 0.651 0.046 0.271 0.594
mch_pwy258_pc2 2 2 0.939 -0.008 0.009 0.87
mch_pwy259_pc4 2 2 0.74 0.049 0.158 0.605
mch_pwy263_pc4 2 2 0.124 -0.069 0.963 0.237
mch_pwy267_pc3 2 2 0.172 0.12 0.928 0.307
mch_pwy26_pc5 2 2 0.551 -0.074 0.42 0.51
mch_pwy273_pc5 2 2 0.486 0.056 0.522 0.475
mch_pwy283_pc5 2 2 0.978 -0.001 0.001 0.962
mch_pwy284_pc5 3 3 0.69 0.014 0.096 0.688
mch_pwy288_pc5 3 3 0.257 0.052 0.551 0.27
mch_pwy28_pc3 2 2 0.934 0.008 0.011 0.849
mch_pwy294_pc4 3 3 0.352 -0.032 0.42 0.292
mch_pwy298_pc2 2 2 0.015 0.094 0.999 0.038
mch_pwy29_pc1 2 2 0.329 -0.179 0.757 0.486
mch_pwy305_pc5 3 3 0.758 0.016 0.058 0.799
mch_pwy30_pc4 2 2 0.712 -0.086 0.191 0.599
mch_pwy31_pc2 2 2 0.66 0.039 0.26 0.594
mch_pwy327_pc1 2 2 0.31 0.093 0.781 0.26
mch_pwy330_pc2 2 2 0.082 0.071 0.983 0.175
mch_pwy33_pc3 2 2 0.088 0.072 0.981 0.192
mch_pwy39_pc5 2 2 0.261 0.198 0.841 0.436
mch_pwy42_pc3 2 2 0.24 0.24 0.864 0.374
mch_pwy55_pc3 2 2 0.906 0.016 0.022 0.802
mch_pwy57_pc4 2 2 0.947 -0.007 0.007 0.897
mch_pwy78_pc4 2 2 0.216 0.11 0.89 0.373
mch_pwy83_pc5 2 2 0.795 0.056 0.1 0.628
mch_pwy96_pc3 2 2 0.327 0.072 0.759 0.48
mchc_pwy131_pc2 2 2 0.101 -0.087 0.975 0.255
mchc_pwy140_pc1 2 2 0.612 0.126 0.328 0.498
mchc_pwy141_pc5 2 2 0.11 -0.068 0.971 0.275
mchc_pwy183_pc1 2 2 0.281 -0.181 0.817 0.469
mchc_pwy250_pc1 2 2 0.017 0.113 0.999 0.044
mchc_pwy285_pc1 2 2 0.269 0.168 0.831 0.448
mchc_pwy289_pc1 2 2 0.935 0.008 0.01 0.843
mchc_pwy2_pc3 2 2 0.131 -0.104 0.958 0.314
mchc_pwy302_pc5 3 3 0.662 -0.026 0.114 0.639
mchc_pwy308_pc5 2 2 0.978 -0.002 0.001 0.94
mchc_pwy312_pc2 2 2 0.884 0.024 0.033 0.72
mchc_pwy313_pc2 2 2 0.046 0.086 0.995 0.124
mchc_pwy315_pc2 2 2 0.062 0.078 0.991 0.139
mchc_pwy329_pc2 2 2 0.984 -0.002 0.001 0.957
mchc_pwy43_pc5 2 2 0.801 0.021 0.095 0.682
mchc_pwy45_pc2 2 2 0.972 0.003 0.002 0.928
mchc_pwy51_pc2 2 2 0.997 0 0 0.996
mcv_pwy112_pc5 2 2 0.568 0.141 0.394 0.495
mcv_pwy122_pc2 2 2 0.779 0.045 0.116 0.603
mcv_pwy129_pc4 2 2 0.226 0.095 0.879 0.372
mcv_pwy12_pc1 2 2 0.068 -0.194 0.989 0.149
mcv_pwy135_pc3 2 2 0.941 0.006 0.009 0.864
mcv_pwy136_pc2 2 2 0.034 -0.102 0.997 0.039
mcv_pwy146_pc5 2 2 0.683 -0.044 0.228 0.535
mcv_pwy158_pc1 2 2 0.297 0.156 0.798 0.448
mcv_pwy188_pc2 2 2 0.97 -0.004 0.002 0.936
mcv_pwy188_pc4 2 2 0.529 0.16 0.454 0.495
mcv_pwy194_pc3 2 2 0.282 -0.158 0.816 0.415
mcv_pwy217_pc2 2 2 0.7 0.045 0.206 0.634
mcv_pwy220_pc3 2 2 0.727 0.031 0.173 0.62
mcv_pwy242_pc2 2 2 0.705 -0.107 0.199 0.546
mcv_pwy250_pc5 2 2 0.084 0.086 0.983 0.17
mcv_pwy257_pc1 2 2 0.731 0.04 0.169 0.66
mcv_pwy258_pc2 2 2 0.922 -0.011 0.015 0.822
mcv_pwy288_pc5 2 2 0.193 0.078 0.911 0.274
mcv_pwy294_pc4 2 2 0.221 -0.058 0.884 0.338
mcv_pwy305_pc5 2 2 0.982 0.002 0.001 0.964
mcv_pwy31_pc2 2 2 0.749 0.027 0.147 0.641
mcv_pwy330_pc2 2 2 0.017 0.082 0.999 0.032
mcv_pwy33_pc3 3 3 0.002 0.066 0.997 0.005
mcv_pwy55_pc3 2 2 0.925 0.012 0.014 0.834
mcv_pwy58_pc2 2 2 0.904 -0.012 0.023 0.793
mcv_pwy59_pc5 2 2 0.033 -0.114 0.997 0.085
mcv_pwy84_pc3 3 3 0.439 0.041 0.315 0.386
mcv_pwy94_pc2 2 2 0.326 0.2 0.76 0.466
mcv_pwy96_pc3 2 2 0.241 0.071 0.864 0.412
mono_pwy137_pc3 2 2 0.173 0.128 0.928 0.271
mono_pwy162_pc1 3 3 0.207 0.146 0.629 0.201
mono_pwy191_pc5 2 2 0.408 0.089 0.643 0.458
mono_pwy1_pc1 2 2 0.273 -0.237 0.827 0.387
mono_pwy1_pc2 2 2 0.024 0.094 0.999 0.064
mono_pwy202_pc2 2 2 0.194 0.1 0.91 0.295
mono_pwy210_pc3 2 2 0.667 0.062 0.249 0.589
mono_pwy214_pc2 2 2 0.913 0.013 0.018 0.843
mono_pwy22_pc1 2 2 0.936 -0.011 0.01 0.86
mono_pwy287_pc5 2 2 0.429 -0.126 0.611 0.466
mono_pwy291_pc1 2 2 0.31 0.242 0.781 0.473
mono_pwy304_pc5 2 2 0.226 -0.096 0.879 0.345
mono_pwy326_pc3 2 2 0.192 0.164 0.912 0.268
mono_pwy330_pc2 2 2 0.365 0.214 0.706 0.514
mono_pwy53_pc4 2 2 0.205 0.115 0.9 0.373
mono_pwy91_pc3 2 2 0.979 -0.003 0.001 0.961
mpv_pwy105_pc4 2 2 0.069 0.058 0.988 0.134
mpv_pwy10_pc3 2 2 0.351 -0.161 0.725 0.488
mpv_pwy115_pc5 4 4 0.763 -0.015 0.035 0.751
mpv_pwy119_pc3 2 2 0.067 0.154 0.989 0.098
mpv_pwy122_pc2 2 2 0.034 -0.086 0.997 0.065
mpv_pwy123_pc2 2 2 0.974 -0.003 0.002 0.947
mpv_pwy129_pc3 2 2 0.694 0.091 0.214 0.537
mpv_pwy131_pc2 2 2 0.016 0.09 0.999 0.028
mpv_pwy145_pc3 2 2 0.975 -0.006 0.001 0.945
mpv_pwy153_pc1 2 2 0.876 -0.045 0.037 0.797
mpv_pwy153_pc2 2 2 0.322 -0.191 0.766 0.259
mpv_pwy15_pc2 3 3 0.007 0.089 0.985 0.03
mpv_pwy17_pc2 2 2 0.059 -0.074 0.991 0.108
mpv_pwy192_pc1 2 2 0.104 0.102 0.973 0.188
mpv_pwy195_pc1 2 2 0.978 0.004 0.001 0.957
mpv_pwy20_pc5 2 2 0.075 0.081 0.986 0.121
mpv_pwy210_pc4 2 2 0.615 -0.123 0.324 0.49
mpv_pwy213_pc3 2 2 0.936 -0.008 0.01 0.877
mpv_pwy216_pc5 2 2 0.174 -0.063 0.927 0.31
mpv_pwy233_pc5 2 2 0.814 0.022 0.083 0.712
mpv_pwy238_pc2 2 2 0.869 0.017 0.042 0.768
mpv_pwy23_pc5 2 2 0.744 -0.045 0.153 0.631
mpv_pwy246_pc5 2 2 0.777 -0.048 0.117 0.624
mpv_pwy254_pc3 2 2 0.269 -0.097 0.832 0.375
mpv_pwy256_pc5 4 4 0.086 0.172 0.679 0.064
mpv_pwy268_pc5 2 2 0.029 -0.048 0.998 0.047
mpv_pwy282_pc1 2 2 0.692 -0.143 0.216 0.534
mpv_pwy299_pc3 2 2 0.11 -0.077 0.97 0.207
mpv_pwy302_pc2 2 2 0.355 -0.144 0.72 0.328
mpv_pwy302_pc5 2 2 0.32 -0.097 0.768 0.439
mpv_pwy309_pc2 3 3 0.772 0.022 0.052 0.78
mpv_pwy30_pc3 2 2 0.095 0.211 0.978 0.051
mpv_pwy311_pc1 2 2 0.226 -0.337 0.879 0.354
mpv_pwy312_pc5 2 2 0.69 0.031 0.219 0.627
mpv_pwy313_pc2 2 2 0.977 0.003 0.001 0.955
mpv_pwy314_pc2 2 2 0.725 0.047 0.175 0.591
mpv_pwy315_pc2 4 4 0.095 0.169 0.66 0.088
mpv_pwy326_pc2 2 2 0.892 0.015 0.028 0.803
mpv_pwy330_pc2 2 2 0.37 0.177 0.698 0.504
mpv_pwy330_pc5 2 2 0.873 0.034 0.039 0.782
mpv_pwy34_pc1 3 3 0.513 -0.059 0.238 0.47
mpv_pwy35_pc3 2 2 0.547 0.092 0.426 0.501
mpv_pwy40_pc2 2 2 0.151 0.083 0.945 0.268
mpv_pwy56_pc4 2 2 0.091 0.061 0.98 0.148
mpv_pwy57_pc2 2 2 0.236 0.162 0.869 0.392
mpv_pwy61_pc3 2 2 0.04 0.082 0.996 0.048
mpv_pwy63_pc2 2 2 0.885 -0.051 0.032 0.792
mpv_pwy6_pc2 5 5 0.001 0.091 0.944 0.007
mpv_pwy71_pc1 3 3 0.537 0.048 0.214 0.486
mpv_pwy77_pc3 4 4 0.611 -0.029 0.096 0.613
mpv_pwy91_pc1 2 2 0.014 -0.099 1 0.015
mpv_pwy94_pc1 2 2 0.246 -0.046 0.858 0.138
mpv_pwy95_pc2 2 2 0.968 -0.004 0.002 0.948
myeloid_wbc_pwy10_pc2 2 2 0.33 -0.141 0.755 0.459
myeloid_wbc_pwy11_pc2 2 2 0.037 -0.07 0.997 0.107
myeloid_wbc_pwy121_pc1 2 2 0.087 -0.099 0.981 0.232
myeloid_wbc_pwy122_pc5 2 2 0.061 -0.045 0.991 0.139
myeloid_wbc_pwy130_pc2 2 2 0.038 0.069 0.996 0.076
myeloid_wbc_pwy144_pc2 2 2 0.011 0.092 1 0.034
myeloid_wbc_pwy150_pc1 2 2 0.879 -0.025 0.036 0.693
myeloid_wbc_pwy152_pc3 2 2 0.556 -0.2 0.412 0.497
myeloid_wbc_pwy170_pc3 2 2 0.96 -0.005 0.004 0.881
myeloid_wbc_pwy188_pc2 2 2 0.964 0.005 0.003 0.891
myeloid_wbc_pwy230_pc3 2 2 0.976 0.002 0.001 0.934
myeloid_wbc_pwy23_pc1 2 2 0.246 -0.169 0.858 0.417
myeloid_wbc_pwy242_pc2 3 3 0.773 0.032 0.052 0.79
myeloid_wbc_pwy246_pc5 2 2 0.615 0.042 0.323 0.602
myeloid_wbc_pwy249_pc5 2 2 0.028 -0.078 0.998 0.084
myeloid_wbc_pwy267_pc3 2 2 0.926 0.01 0.013 0.813
myeloid_wbc_pwy287_pc2 2 2 0.949 -0.004 0.006 0.864
myeloid_wbc_pwy292_pc1 2 2 0.973 0.004 0.002 0.917
myeloid_wbc_pwy292_pc2 2 2 0.861 0.017 0.047 0.655
myeloid_wbc_pwy320_pc2 3 2 0.861 0.015 0.019 0.865
myeloid_wbc_pwy321_pc4 3 1 0.012 -0.147 0.976 0.069
myeloid_wbc_pwy329_pc3 2 2 0.837 0.023 0.064 0.623
myeloid_wbc_pwy67_pc1 2 2 0.789 -0.024 0.106 0.647
myeloid_wbc_pwy72_pc1 2 2 0.995 -0.001 0 0.986
myeloid_wbc_pwy91_pc5 2 2 0.077 0.048 0.985 0.211
neut_pwy11_pc2 2 2 0.04 -0.069 0.996 0.116
neut_pwy130_pc2 5 5 0.105 0.05 0.522 0.078
neut_pwy130_pc3 2 2 0.975 0.002 0.002 0.92
neut_pwy138_pc2 2 2 0.074 0.071 0.987 0.014
neut_pwy150_pc1 2 2 0.986 -0.002 0.001 0.955
neut_pwy152_pc3 2 2 0.569 -0.174 0.392 0.488
neut_pwy166_pc2 2 2 0.122 -0.091 0.964 0.256
neut_pwy170_pc3 2 2 0.987 -0.002 0 0.954
neut_pwy174_pc1 2 2 0.333 -0.121 0.751 0.468
neut_pwy176_pc2 2 2 0.106 -0.083 0.973 0.274
neut_pwy188_pc2 2 2 0.962 0.005 0.004 0.886
neut_pwy218_pc3 2 2 0.975 -0.003 0.002 0.928
neut_pwy218_pc4 2 2 0.071 0.067 0.987 0.22
neut_pwy219_pc2 2 2 0.906 -0.01 0.021 0.774
neut_pwy230_pc3 2 2 0.984 -0.002 0.001 0.953
neut_pwy232_pc1 2 2 0.952 0.01 0.006 0.85
neut_pwy23_pc1 2 2 0.231 -0.153 0.874 0.384
neut_pwy242_pc2 4 4 0.943 -0.006 0.002 0.92
neut_pwy246_pc5 2 2 0.445 0.052 0.586 0.455
neut_pwy249_pc5 2 2 0.052 -0.072 0.993 0.152
neut_pwy292_pc1 2 2 0.931 0.01 0.012 0.795
neut_pwy296_pc1 2 2 0.83 -0.029 0.07 0.606
neut_pwy313_pc3 2 2 0.999 0 0 0.994
neut_pwy316_pc3 2 2 0.939 0.007 0.009 0.82
neut_pwy320_pc2 3 2 0.924 0.008 0.006 0.934
neut_pwy321_pc4 4 2 0.172 -0.092 0.516 0.127
neut_pwy325_pc4 2 1 0.681 -0.056 0.231 0.546
neut_pwy329_pc3 2 2 0.823 0.024 0.075 0.602
neut_pwy63_pc3 2 2 0.095 -0.084 0.978 0.222
neut_pwy72_pc1 2 2 0.97 0.005 0.002 0.913
pct_pwy10_pc1 2 2 0.091 -0.094 0.98 0.192
pct_pwy115_pc4 2 2 0.151 0.1 0.945 0.298
pct_pwy134_pc2 2 2 0.151 0.149 0.945 0.263
pct_pwy135_pc3 2 2 0.006 0.072 1 0.015
pct_pwy151_pc2 2 2 0.077 -0.078 0.985 0.14
pct_pwy163_pc1 2 2 0.991 -0.002 0 0.971
pct_pwy163_pc2 2 2 0.267 0.103 0.834 0.398
pct_pwy187_pc2 2 2 0.07 0.09 0.988 0.167
pct_pwy18_pc3 2 2 0.791 0.036 0.104 0.611
pct_pwy190_pc2 2 2 0.361 0.187 0.712 0.489
pct_pwy192_pc1 3 3 0.502 -0.054 0.248 0.375
pct_pwy194_pc5 2 2 0.14 0.106 0.952 0.231
pct_pwy20_pc3 2 2 0.897 -0.021 0.026 0.771
pct_pwy213_pc1 2 2 0.079 0.083 0.985 0.113
pct_pwy22_pc1 3 3 0.628 0.042 0.138 0.61
pct_pwy235_pc2 2 2 0.811 -0.022 0.085 0.638
pct_pwy24_pc2 2 2 0.917 0.014 0.017 0.801
pct_pwy262_pc3 2 2 0.063 -0.103 0.99 0.146
pct_pwy274_pc2 2 2 0.101 0.123 0.975 0.185
pct_pwy292_pc1 2 2 0.191 0.092 0.913 0.369
pct_pwy295_pc3 3 3 0.993 0 0 0.993
pct_pwy296_pc1 2 2 0.682 0.089 0.229 0.568
pct_pwy310_pc1 2 2 0.686 -0.048 0.224 0.538
pct_pwy43_pc3 3 3 0.334 0.085 0.443 0.278
pct_pwy45_pc2 2 2 0.846 -0.058 0.057 0.682
pct_pwy56_pc5 2 2 0.972 0.003 0.002 0.94
pct_pwy63_pc2 2 2 0.081 0.136 0.984 0.188
pct_pwy67_pc4 2 2 0.061 -0.069 0.991 0.152
pct_pwy77_pc5 2 2 0.233 0.112 0.872 0.413
pct_pwy85_pc4 2 2 0.85 -0.019 0.054 0.688
pct_pwy87_pc3 2 2 0.722 0.029 0.178 0.647
pct_pwy8_pc2 2 2 0.882 0.019 0.034 0.731
pdw_pwy151_pc2 2 2 0.791 0.02 0.104 0.637
pdw_pwy153_pc1 2 2 0.667 -0.149 0.249 0.516
pdw_pwy178_pc3 2 2 0.012 -0.053 1 0.028
pdw_pwy188_pc1 2 2 0.872 0.019 0.04 0.712
pdw_pwy211_pc1 2 2 0.928 -0.011 0.013 0.827
pdw_pwy239_pc3 2 2 0.907 0.011 0.021 0.792
pdw_pwy245_pc2 2 2 0.152 -0.173 0.944 0.3
pdw_pwy257_pc3 2 2 0.222 0.131 0.883 0.395
pdw_pwy27_pc4 2 2 0.249 -0.185 0.855 0.391
pdw_pwy287_pc3 2 2 0.008 -0.029 1 0.022
pdw_pwy288_pc4 2 2 0.015 0.037 0.999 0.034
pdw_pwy29_pc2 2 2 0.872 0.011 0.04 0.747
pdw_pwy2_pc5 2 2 0.097 -0.059 0.977 0.184
pdw_pwy304_pc1 2 2 0.319 -0.325 0.769 0.475
pdw_pwy305_pc5 2 2 0.808 -0.033 0.089 0.641
pdw_pwy34_pc1 2 2 0.045 -0.089 0.995 0.114
pdw_pwy43_pc4 2 2 0.429 0.165 0.611 0.455
pdw_pwy63_pc2 2 2 0.695 -0.167 0.212 0.551
plt_pwy10_pc1 2 2 0.077 -0.086 0.985 0.169
plt_pwy115_pc5 2 2 0.851 0.018 0.054 0.719
plt_pwy118_pc5 2 2 0.53 0.021 0.453 0.525
plt_pwy122_pc2 2 2 0.077 0.096 0.985 0.19
plt_pwy124_pc2 3 3 0.424 -0.089 0.332 0.341
plt_pwy140_pc4 2 2 0.836 0.014 0.065 0.682
plt_pwy151_pc1 2 2 0.058 -0.169 0.992 0.041
plt_pwy153_pc1 2 2 0.105 0.163 0.973 0.19
plt_pwy15_pc2 2 2 0.028 -0.087 0.998 0.078
plt_pwy163_pc2 2 2 0.198 0.087 0.906 0.329
plt_pwy185_pc3 2 2 0.841 0.018 0.061 0.688
plt_pwy18_pc3 3 3 0.903 -0.013 0.009 0.906
plt_pwy208_pc3 2 2 0.845 -0.017 0.058 0.715
plt_pwy210_pc4 2 2 0.63 0.095 0.301 0.522
plt_pwy245_pc2 2 2 0.993 -0.001 0 0.986
plt_pwy24_pc2 2 2 0.886 0.017 0.032 0.746
plt_pwy265_pc2 2 2 0.787 0.078 0.108 0.665
plt_pwy275_pc3 2 2 0.826 0.016 0.073 0.666
plt_pwy295_pc3 2 2 0.795 -0.023 0.1 0.641
plt_pwy300_pc5 2 2 0.914 -0.008 0.018 0.79
plt_pwy301_pc1 3 3 0.38 -0.111 0.385 0.369
plt_pwy302_pc5 2 2 0.828 0.026 0.071 0.685
plt_pwy304_pc1 2 2 0.193 0.156 0.911 0.312
plt_pwy308_pc2 2 2 0.86 -0.028 0.048 0.72
plt_pwy310_pc1 2 2 0.041 -0.099 0.996 0.065
plt_pwy311_pc1 2 2 0.201 0.173 0.903 0.325
plt_pwy314_pc2 2 2 0.861 -0.02 0.047 0.781
plt_pwy315_pc2 2 2 0.072 -0.174 0.987 0.063
plt_pwy323_pc2 2 2 0.785 -0.019 0.11 0.649
plt_pwy43_pc3 2 2 0.022 0.096 0.999 0.055
plt_pwy49_pc5 2 2 0.069 -0.071 0.988 0.172
plt_pwy57_pc2 2 2 0.106 -0.114 0.973 0.214
plt_pwy63_pc2 2 2 0.24 0.226 0.864 0.392
plt_pwy6_pc2 2 2 0.13 -0.075 0.959 0.247
plt_pwy96_pc3 2 2 0.833 -0.016 0.067 0.692
rbc_pwy122_pc3 2 2 0.031 -0.078 0.998 0.084
rbc_pwy13_pc1 2 2 0.944 -0.013 0.008 0.939
rbc_pwy152_pc3 2 2 0.85 0.023 0.055 0.699
rbc_pwy258_pc2 2 2 0.203 -0.076 0.902 0.404
rbc_pwy29_pc5 3 3 0.882 -0.012 0.014 0.898
rbc_pwy304_pc2 2 2 0.955 0.005 0.005 0.902
rbc_pwy320_pc2 3 3 0.011 -0.096 0.979 0.048
rbc_pwy42_pc2 2 2 0.63 0.127 0.301 0.531
rbc_pwy45_pc2 2 2 0.09 0.077 0.98 0.103
rbc_pwy63_pc2 2 2 0.925 0.011 0.014 0.835
rbc_pwy66_pc1 2 2 0.812 0.032 0.085 0.633
rbc_pwy91_pc3 2 2 0.055 0.085 0.993 0.114
rdw_pwy106_pc3 2 2 0.858 0.018 0.049 0.733
rdw_pwy10_pc5 3 3 0.901 0.01 0.01 0.919
rdw_pwy119_pc3 2 2 0.731 0.053 0.168 0.556
rdw_pwy140_pc4 2 2 0.533 -0.102 0.449 0.533
rdw_pwy145_pc4 3 3 0.57 -0.028 0.185 0.486
rdw_pwy148_pc1 2 2 0.965 0.005 0.003 0.924
rdw_pwy154_pc4 2 2 0.081 0.063 0.984 0.15
rdw_pwy165_pc4 5 5 0.469 0.028 0.138 0.432
rdw_pwy174_pc2 2 2 0.099 -0.123 0.976 0.221
rdw_pwy180_pc5 2 2 0.953 -0.005 0.005 0.885
rdw_pwy183_pc5 2 1 0.072 -0.039 0.987 0.129
rdw_pwy201_pc4 2 2 0.116 0.058 0.967 0.179
rdw_pwy203_pc4 2 2 0.116 -0.099 0.967 0.251
rdw_pwy219_pc5 2 2 0.949 0.004 0.006 0.901
rdw_pwy225_pc5 2 2 0.97 0.003 0.002 0.925
rdw_pwy242_pc2 2 2 0.324 0.175 0.762 0.436
rdw_pwy247_pc2 2 2 0.044 0.062 0.995 0.108
rdw_pwy249_pc5 2 2 0.302 -0.164 0.791 0.439
rdw_pwy24_pc4 2 2 0.109 0.061 0.971 0.179
rdw_pwy254_pc5 2 2 0.039 -0.102 0.996 0.08
rdw_pwy268_pc2 2 1 0.087 -0.073 0.982 0.19
rdw_pwy272_pc5 3 3 0.028 0.07 0.945 0.107
rdw_pwy278_pc4 2 2 0.578 -0.037 0.378 0.538
rdw_pwy280_pc4 3 3 0.009 0.064 0.982 0.025
rdw_pwy284_pc5 2 2 0.93 -0.008 0.012 0.877
rdw_pwy287_pc1 2 2 0.113 -0.116 0.969 0.214
rdw_pwy288_pc5 2 2 0.831 0.011 0.069 0.701
rdw_pwy294_pc4 2 2 0.853 -0.007 0.053 0.744
rdw_pwy299_pc4 2 2 0.837 0.023 0.065 0.717
rdw_pwy318_pc2 2 2 0.99 0.001 0 0.982
rdw_pwy31_pc4 2 2 0.259 0.195 0.843 0.455
rdw_pwy320_pc2 2 2 0.03 -0.099 0.998 0.039
rdw_pwy327_pc5 2 2 0.06 0.066 0.991 0.13
rdw_pwy33_pc3 3 3 0.008 -0.069 0.985 0.039
rdw_pwy35_pc2 2 2 0.919 -0.012 0.016 0.82
rdw_pwy51_pc1 2 2 0.323 -0.227 0.764 0.451
rdw_pwy56_pc3 3 3 0.8 -0.022 0.04 0.835
rdw_pwy56_pc5 2 2 0.959 0.006 0.004 0.918
rdw_pwy60_pc2 3 3 0.089 -0.183 0.829 0.205
rdw_pwy67_pc3 2 2 0.1 -0.077 0.976 0.19
rdw_pwy81_pc4 2 2 0.729 -0.048 0.171 0.662
rdw_pwy9_pc3 3 3 0.611 -0.038 0.151 0.58
ret_pwy106_pc3 2 2 0.015 -0.096 0.999 0.019
ret_pwy118_pc2 3 3 0.993 0.001 0 0.992
ret_pwy120_pc3 2 2 0.935 0.007 0.01 0.877
ret_pwy121_pc1 3 3 0.216 -0.164 0.614 0.198
ret_pwy125_pc5 2 2 0.458 -0.085 0.566 0.521
ret_pwy145_pc4 2 2 0.495 -0.098 0.507 0.543
ret_pwy146_pc5 2 2 0.492 -0.099 0.512 0.469
ret_pwy165_pc4 2 2 0.991 0.001 0 0.984
ret_pwy16_pc2 2 2 0.145 -0.183 0.949 0.106
ret_pwy212_pc5 2 2 0.082 0.051 0.984 0.172
ret_pwy215_pc2 2 2 0.956 -0.006 0.005 0.901
ret_pwy243_pc5 3 3 0.022 -0.094 0.956 0.099
ret_pwy28_pc2 2 2 0.112 -0.089 0.97 0.162
ret_pwy303_pc5 2 2 0.041 0.084 0.996 0.092
ret_pwy305_pc5 2 2 0.03 0.073 0.998 0.049
ret_pwy308_pc5 3 3 0.955 -0.003 0.002 0.955
ret_pwy312_pc5 2 2 0.765 -0.022 0.13 0.628
ret_pwy316_pc5 2 2 0.129 -0.069 0.96 0.241
ret_pwy327_pc4 2 2 0.089 -0.072 0.981 0.183
ret_pwy39_pc2 2 2 0.987 -0.002 0 0.98
ret_pwy45_pc4 3 3 0.393 -0.057 0.368 0.354
ret_pwy61_pc5 2 2 0.023 -0.082 0.999 0.052
ret_pwy69_pc3 2 2 0.14 0.082 0.953 0.242
ret_pwy70_pc3 2 2 0.23 0.101 0.876 0.38
ret_pwy70_pc4 2 2 0.532 0.071 0.451 0.482
ret_pwy84_pc3 2 2 0.599 -0.055 0.347 0.61
ukb.allasthma_pwy213_pc5 2 2 0.781 -0.071 0.114 0.611
ukb.allasthma_pwy21_pc4 2 2 0.694 0.166 0.213 0.524
ukb.allasthma_pwy322_pc3 2 2 0.036 0.122 0.997 0.094
wbc_pwy130_pc5 3 3 0.375 -0.043 0.39 0.279
wbc_pwy158_pc2 2 2 0.045 -0.082 0.995 0.131
wbc_pwy170_pc3 2 2 0.88 -0.016 0.035 0.671
wbc_pwy176_pc2 2 2 0.217 -0.105 0.888 0.449
wbc_pwy188_pc2 2 2 0.997 0 0 0.991
wbc_pwy18_pc5 2 2 0.612 0.055 0.327 0.546
wbc_pwy208_pc5 2 2 0.936 0.009 0.01 0.803
wbc_pwy215_pc5 2 2 0.997 0 0 0.989
wbc_pwy230_pc3 2 2 0.919 0.007 0.016 0.789
wbc_pwy242_pc2 3 3 0.735 0.034 0.07 0.766
wbc_pwy246_pc5 2 2 0.567 0.043 0.396 0.554
wbc_pwy292_pc1 3 3 0.675 0.026 0.106 0.655
wbc_pwy312_pc1 2 2 0.162 0.126 0.936 0.386
wbc_pwy321_pc3 2 1 0.245 0.163 0.859 0.446
wbc_pwy321_pc4 3 1 0.034 -0.174 0.933 0.131
wbc_pwy329_pc3 2 2 0.84 0.023 0.062 0.664
wbc_pwy50_pc5 2 2 0.036 -0.112 0.997 0.082
wbc_pwy67_pc1 2 2 0.674 -0.043 0.24 0.529
wbc_pwy84_pc4 2 2 0.987 0.001 0 0.976
wbc_pwy85_pc4 3 3 0.469 -0.049 0.282 0.332
wbc_pwy88_pc5 2 2 0.178 -0.083 0.924 0.382
