factor num_snp_fdr<0.2 num_snp_noMHC pval_in_fitting slope_in_fitting pval_in_resampling
pwy110_pc3 2 0 0.002 -0.081 0.006
pwy131_pc4 2 2 0.006 -0.062 0.002
pwy15_pc3 2 2 0.068 -0.154 0.155
pwy175_pc2 2 0 0.767 0.048 0.639
pwy193_pc4 2 0 0.265 0.189 0.445
pwy193_pc5 11 0 0.003 -0.084 0.004
pwy196_pc4 2 0 0.034 -0.051 0.087
pwy238_pc3 2 0 0.236 0.179 0.428
pwy238_pc5 10 0 0.004 0.075 0.002
pwy26_pc4 3 0 0.111 -0.077 0.153
pwy310_pc3 2 2 0.048 0.086 0.098
pwy320_pc3 11 0 0.002 0.075 0.003
pwy321_pc5 9 0 0.008 0.076 0.015
pwy324_pc4 3 3 0.936 0.009 0.926
pwy325_pc3 2 0 0.239 0.177 0.43
pwy325_pc4 9 0 0.006 0.075 0.013
pwy325_pc5 2 0 0.331 -0.126 0.453
pwy326_pc4 11 0 0.002 -0.073 0.004
pwy327_pc3 2 2 0.045 -0.101 0.023
pwy33_pc5 2 2 0.009 0.164 0.022
pwy331_pc5 3 0 0.054 0.132 0.077
pwy35_pc1 2 0 0.096 -0.151 0.217
pwy39_pc4 2 0 0.997 0.001 0.991
pwy45_pc3 2 0 0.426 -0.074 0.416
pwy76_pc3 2 2 0.985 0.006 0.97
pwy77_pc4 2 0 0.038 -0.157 0.013
pwy80_pc4 2 2 0.1 -0.353 0.26
pwy82_pc5 2 2 0.607 -0.283 0.496
pwy95_pc4 2 0 0.062 0.061 0.149
pwy97_pc4 2 0 0.041 0.088 0.108
pwy99_pc4 3 0 0 -0.118 0
pwy185_pc5 2 0 0.011 -2.157 0.076
pwy186_pc5 2 0 0.003 -2.03 0.026
pwy193_pc4 2 0 0.144 -1.881 0.104
pwy193_pc5 23 0 0.04 0.493 0.067
pwy21_pc3 2 2 0.18 -1.334 0.673
pwy238_pc3 2 0 0.091 -2.587 0.122
pwy238_pc4 3 0 0.481 1.583 0.125
pwy238_pc5 27 0 0.015 -0.513 0.035
pwy279_pc5 3 3 0.013 -2.717 0.09
pwy320_pc3 27 0 0.038 -0.426 0.051
pwy321_pc3 4 0 0.995 0.014 1
pwy321_pc5 27 0 0.006 -0.632 0.017
pwy325_pc3 6 0 0.36 1.174 0.256
pwy325_pc4 25 0 0.009 -0.574 0.028
pwy325_pc5 10 0 0.266 0.789 0.328
pwy326_pc3 3 0 0.577 -1.061 0.206
pwy326_pc4 29 0 0.021 0.478 0.035
pwy331_pc5 2 0 0.889 0.479 0.724
pwy50_pc4 3 0 0.568 -1.057 0.848
pwy64_pc3 2 2 0.885 -0.812 0.57
pwy99_pc3 2 2 0.051 -2.894 0.359
pwy107_pc4 2 2 0.949 -0.009 0.858
pwy131_pc3 2 2 0.858 -0.007 0.673
pwy134_pc3 2 2 0.32 -0.154 0.474
pwy146_pc4 2 2 0.747 0.051 0.564
pwy15_pc5 2 2 0.101 0.091 0.252
pwy165_pc5 2 2 0.399 -0.073 0.493
pwy167_pc5 2 2 0.928 0.005 0.845
pwy170_pc4 2 2 0.396 -0.097 0.467
pwy224_pc4 2 2 0.114 -0.056 0.277
pwy277_pc5 2 2 0.04 -0.088 0.091
pwy320_pc2 3 3 0.637 0.052 0.606
pwy325_pc3 2 2 0.703 0.038 0.569
pwy326_pc3 2 2 0.738 -0.027 0.571
pwy329_pc5 2 2 0.647 -0.031 0.563
pwy58_pc2 2 2 0.287 -0.141 0.453
pwy71_pc3 2 2 0.05 -0.128 0.083
pwy74_pc2 2 2 0.901 0.011 0.756
pwy110_pc4 3 3 0.327 -0.042 0.32
pwy114_pc4 2 2 0.021 0.051 0.027
pwy136_pc3 2 2 0.897 0.006 0.793
pwy139_pc3 2 2 0.097 -0.037 0.19
pwy153_pc5 2 2 0.054 -0.057 0.098
pwy154_pc4 2 2 0.914 -0.008 0.827
pwy169_pc4 2 2 0 -0.061 0.001
pwy178_pc3 2 2 0.172 0.074 0.328
pwy178_pc4 2 2 0.93 -0.009 0.859
pwy185_pc5 2 0 0.736 0.023 0.637
pwy186_pc4 2 2 0.03 0.072 0.041
pwy188_pc4 3 3 0.064 -0.093 0.163
pwy193_pc4 2 0 0.861 0.02 0.74
pwy193_pc5 10 0 0.914 -0.003 0.903
pwy202_pc5 2 2 0.443 0.063 0.414
pwy203_pc3 2 2 0.105 0.074 0.172
pwy206_pc3 2 2 0.11 -0.071 0.205
pwy211_pc3 2 2 0.159 -0.065 0.284
pwy216_pc4 2 2 0.986 0.001 0.974
pwy231_pc5 2 2 0.063 -0.084 0.055
pwy235_pc4 3 3 0.556 0.025 0.461
pwy238_pc5 10 0 0.672 0.01 0.676
pwy242_pc3 3 3 0.84 -0.012 0.868
pwy261_pc4 2 2 0.606 0.07 0.555
pwy262_pc3 2 2 0.031 0.063 0.036
pwy273_pc2 3 0 0.252 -0.037 0.24
pwy284_pc3 3 3 0.573 0.02 0.487
pwy288_pc4 2 2 0.095 -0.039 0.184
pwy289_pc4 2 2 0.882 0.008 0.77
pwy294_pc4 2 2 0.096 -0.028 0.186
pwy298_pc4 2 2 0.085 0.051 0.134
pwy301_pc3 3 3 0.41 0.051 0.313
pwy313_pc4 4 4 0.279 -0.045 0.238
pwy315_pc4 2 2 0.046 0.036 0.099
pwy320_pc3 7 0 0.094 0.035 0.076
pwy321_pc5 6 0 0.043 0.046 0.039
pwy325_pc4 8 0 0.067 0.042 0.086
pwy325_pc5 2 0 0.12 -0.123 0.21
pwy326_pc4 8 0 0.068 -0.04 0.085
pwy331_pc5 2 0 0.877 0.019 0.763
pwy47_pc3 2 2 0.001 0.07 0
pwy58_pc2 3 3 0.885 -0.009 0.889
pwy60_pc3 2 2 0.114 0.073 0.183
pwy108_pc4 2 2 0.747 0.24 0.631
pwy164_pc2 3 0 0.31 -0.349 0.318
pwy172_pc5 2 2 0.854 0.117 0.732
pwy18_pc4 2 2 0.016 0.439 0.013
pwy141_pc2 2 2 0.045 0.171 0.068
pwy15_pc4 2 2 0.071 -0.403 0.158
pwy175_pc3 2 2 0.832 0.114 0.752
pwy193_pc5 4 0 0.139 0.32 0.133
pwy238_pc5 6 0 0.037 -0.325 0.065
pwy246_pc5 2 2 0.014 -0.346 0.007
pwy26_pc2 2 2 0.977 -0.009 0.946
pwy279_pc5 2 2 0.874 -0.083 0.745
pwy320_pc3 6 0 0.047 -0.303 0.085
pwy321_pc5 5 0 0.036 -0.37 0.054
pwy322_pc4 2 0 0.023 -0.66 0.055
pwy325_pc4 5 0 0.039 -0.351 0.055
pwy325_pc5 6 0 0.02 0.823 0.028
pwy326_pc4 6 0 0.038 0.315 0.067
pwy326_pc5 2 2 0.769 -0.147 0.645
pwy328_pc5 4 0 0.799 0.053 0.817
pwy329_pc5 3 0 0.001 0.366 0
pwy330_pc4 3 0 0.61 -0.149 0.643
pwy66_pc5 2 2 0.012 0.424 0.028
pwy87_pc3 2 2 0.537 -0.312 0.548
pwy90_pc3 3 3 0.594 -0.132 0.616
pwy120_pc5 3 0 0.281 0.304 0.282
pwy140_pc4 2 0 0.298 -0.475 0.438
pwy146_pc4 2 0 0.003 0.361 0.007
pwy15_pc5 2 2 0.071 0.764 0.089
pwy156_pc2 2 2 0.072 0.382 0.144
pwy193_pc4 2 0 0.172 -0.77 0.276
pwy193_pc5 12 0 0 0.353 0
pwy22_pc4 2 0 0.45 0.518 0.493
pwy238_pc3 3 0 0.026 -0.563 0.043
pwy238_pc4 2 0 0.947 0.049 0.941
pwy238_pc5 13 0 0 -0.344 0
pwy24_pc4 3 3 0.498 0.244 0.384
pwy26_pc2 2 2 0.1 0.324 0.188
pwy28_pc4 3 3 0.361 0.315 0.358
pwy282_pc5 2 0 0.257 -0.618 0.38
pwy290_pc5 2 2 0.032 -0.342 0.075
pwy292_pc4 2 0 0.008 0.246 0.01
pwy320_pc3 14 0 0 -0.333 0
pwy321_pc3 4 0 0.621 0.166 0.66
pwy321_pc5 12 0 0 -0.372 0
pwy322_pc4 3 0 0.075 -0.526 0.141
pwy325_pc3 4 0 0.726 -0.099 0.752
pwy325_pc4 12 0 0 -0.359 0
pwy325_pc5 6 0 0.006 0.731 0.012
pwy326_pc3 3 0 0.699 -0.096 0.813
pwy326_pc4 13 0 0 0.333 0
pwy331_pc5 2 0 0.02 -0.892 0.037
pwy43_pc2 2 0 0.49 -0.217 0.555
pwy45_pc2 2 2 0.593 0.13 0.564
pwy5_pc3 2 0 0.598 0.186 0.668
pwy55_pc5 3 0 0.042 1.332 0.061
pwy101_pc4 2 2 0.018 -0.035 0.021
pwy103_pc2 2 0 0.737 0.035 0.62
pwy136_pc4 2 2 0.941 0.004 0.88
pwy138_pc3 2 0 0.124 -0.053 0.202
pwy16_pc2 2 2 0.046 0.033 0.046
pwy176_pc3 2 2 0.52 -0.048 0.496
pwy178_pc3 2 2 0.093 0.061 0.187
pwy180_pc4 2 2 0.258 -0.068 0.183
pwy19_pc2 2 2 0.247 -0.17 0.338
pwy193_pc5 9 0 0.001 -0.048 0.002
pwy197_pc5 2 2 0.113 0.062 0.086
pwy20_pc4 2 0 0.223 -0.061 0.23
pwy202_pc5 2 2 0.754 0.021 0.647
pwy203_pc4 2 2 0.103 -0.054 0.13
pwy222_pc3 2 2 0.951 0.004 0.906
pwy231_pc3 2 2 0.04 -0.067 0.098
pwy234_pc4 2 2 0.143 -0.104 0.264
pwy238_pc5 9 0 0.001 0.044 0.002
pwy253_pc5 2 0 0.148 -0.069 0.108
pwy258_pc4 2 2 0.058 -0.034 0.121
pwy259_pc5 2 2 0.072 0.073 0.155
pwy261_pc4 2 0 0.119 -0.131 0.188
pwy273_pc5 2 2 0.991 -0.001 0.984
pwy283_pc3 2 2 0.025 0.038 0.028
pwy284_pc4 2 2 0.018 0.037 0.021
pwy285_pc3 2 2 0.07 -0.045 0.143
pwy301_pc3 2 2 0.123 0.09 0.235
pwy301_pc4 2 2 0.026 -0.063 0.063
pwy306_pc5 2 0 0.107 0.12 0.162
pwy311_pc3 3 3 0.698 0.019 0.733
pwy320_pc3 10 0 0.001 0.043 0
pwy321_pc5 10 0 0.004 0.045 0.003
pwy322_pc4 3 0 0.094 0.082 0.09
pwy325_pc4 9 0 0.001 0.047 0.002
pwy325_pc5 5 0 0.652 -0.021 0.652
pwy326_pc4 10 0 0 -0.043 0
pwy328_pc2 2 2 0.007 -0.047 0.003
pwy331_pc4 3 3 0.082 -0.07 0.041
pwy34_pc5 2 2 0.055 0.145 0.12
pwy40_pc2 2 2 0.582 -0.035 0.547
pwy44_pc3 2 2 0.043 -0.049 0.048
pwy47_pc3 2 2 0.064 0.048 0.058
pwy64_pc3 2 2 0.959 -0.007 0.9
pwy70_pc1 2 2 0.119 -0.069 0.163
pwy85_pc4 2 2 0.828 0.018 0.695
pwy88_pc4 2 2 0.146 -0.108 0.283
pwy93_pc2 2 0 0.829 0.019 0.686
pwy97_pc3 3 3 0.509 -0.033 0.427
pwy97_pc4 3 3 0.014 -0.07 0.054
pwy99_pc4 3 3 0.021 0.084 0.082
pwy99_pc5 2 2 0.066 0.101 0.139
pwy101_pc1 2 2 0.88 0.007 0.801
pwy105_pc1 2 2 0.843 -0.015 0.722
pwy106_pc1 2 2 0.866 0.013 0.774
pwy111_pc1 2 2 0.861 -0.006 0.764
pwy113_pc1 2 2 0.867 -0.006 0.778
pwy114_pc1 2 2 0.886 -0.006 0.82
pwy116_pc1 2 2 0.885 -0.007 0.819
pwy121_pc1 2 2 0.861 -0.008 0.764
pwy124_pc1 2 2 0.87 -0.008 0.78
pwy125_pc1 2 2 0.879 -0.007 0.796
pwy125_pc5 2 2 0.155 0.104 0.207
pwy126_pc1 2 2 0.879 -0.008 0.795
pwy130_pc1 2 2 0.872 -0.01 0.785
pwy131_pc1 2 2 0.876 -0.007 0.789
pwy134_pc1 2 2 0.862 -0.015 0.765
pwy136_pc1 2 2 0.869 -0.007 0.779
pwy137_pc1 2 2 0.871 -0.007 0.785
pwy139_pc1 2 2 0.887 -0.005 0.821
pwy142_pc1 2 2 0.88 -0.007 0.797
pwy143_pc1 2 2 0.872 -0.005 0.785
pwy144_pc1 2 2 0.878 -0.008 0.795
pwy145_pc1 2 2 0.862 -0.008 0.765
pwy151_pc1 2 2 0.873 -0.006 0.785
pwy152_pc1 3 3 0.22 -0.041 0.196
pwy153_pc1 2 2 0.899 -0.006 0.843
pwy154_pc1 2 2 0.876 -0.009 0.789
pwy155_pc1 2 2 0.891 -0.006 0.827
pwy157_pc1 2 2 0.865 -0.013 0.773
pwy159_pc1 2 2 0.872 -0.006 0.785
pwy160_pc1 2 2 0.865 -0.01 0.774
pwy160_pc4 2 2 0.726 -0.049 0.631
pwy163_pc1 2 2 0.87 -0.008 0.78
pwy165_pc1 2 2 0.883 -0.006 0.812
pwy167_pc1 2 2 0.833 -0.009 0.7
pwy169_pc1 2 2 0.889 -0.007 0.825
pwy17_pc1 2 2 0.101 -0.068 0.177
pwy170_pc1 2 2 0.882 -0.01 0.806
pwy171_pc1 2 2 0.872 -0.009 0.785
pwy180_pc1 2 2 0.891 -0.006 0.827
pwy182_pc2 2 2 0.616 0.05 0.512
pwy183_pc1 2 2 0.862 -0.008 0.765
pwy185_pc1 2 2 0.832 -0.009 0.7
pwy185_pc4 2 2 0.006 0.053 0.007
pwy186_pc1 2 2 0.831 -0.009 0.7
pwy187_pc1 2 2 0.835 -0.009 0.705
pwy189_pc1 2 2 0 0.027 0
pwy193_pc1 3 3 0.19 -0.024 0.125
pwy194_pc1 2 2 0.866 0.015 0.774
pwy195_pc1 2 2 0.908 -0.007 0.864
pwy198_pc1 2 2 0.88 -0.01 0.801
pwy199_pc1 2 2 0.879 -0.007 0.795
pwy2_pc1 2 2 0.887 0.012 0.823
pwy201_pc1 2 2 0.9 -0.007 0.843
pwy202_pc1 2 2 0.893 -0.007 0.831
pwy203_pc1 2 2 0.879 -0.009 0.797
pwy204_pc1 2 2 0.911 -0.008 0.866
pwy205_pc1 2 2 0.898 -0.006 0.84
pwy206_pc1 3 3 0.942 0.003 0.959
pwy209_pc1 2 2 0.885 -0.017 0.817
pwy210_pc1 2 2 0.878 -0.008 0.793
pwy213_pc1 2 2 0.881 0.01 0.801
pwy214_pc1 2 2 0.889 -0.008 0.825
pwy218_pc1 2 2 0.892 0.008 0.831
pwy22_pc3 2 2 0.939 0.014 0.91
pwy223_pc1 2 2 0.88 -0.007 0.797
pwy227_pc1 2 2 0.908 0.007 0.864
pwy231_pc1 2 2 0.857 -0.013 0.757
pwy232_pc2 2 2 0.08 0.058 0.122
pwy236_pc1 2 2 0.885 -0.007 0.817
pwy24_pc1 2 2 0.872 0.012 0.785
pwy240_pc1 2 2 0.876 -0.014 0.789
pwy241_pc1 2 2 0.903 -0.01 0.848
pwy243_pc1 2 2 0.11 0.067 0.195
pwy244_pc1 2 2 0.881 -0.015 0.801
pwy244_pc2 2 2 0.966 -0.004 0.95
pwy245_pc1 2 2 0.891 0.009 0.827
pwy25_pc2 2 2 0.09 -0.192 0.142
pwy25_pc3 2 2 0.045 0.14 0.073
pwy257_pc1 2 2 0.858 0.013 0.757
pwy259_pc1 2 2 0.874 -0.009 0.785
pwy267_pc1 2 2 0.878 -0.011 0.793
pwy268_pc1 2 2 0.875 -0.009 0.789
pwy270_pc1 2 2 0.882 -0.005 0.801
pwy271_pc1 2 2 0.889 -0.005 0.825
pwy274_pc1 2 2 0.883 -0.007 0.812
pwy276_pc1 2 2 0.877 -0.007 0.79
pwy279_pc1 2 2 0.848 -0.009 0.736
pwy28_pc1 2 2 0.871 0.019 0.783
pwy285_pc1 2 2 0.862 -0.008 0.765
pwy288_pc1 2 2 0.866 -0.005 0.775
pwy289_pc1 2 2 0.863 -0.006 0.769
pwy290_pc1 2 2 0.876 -0.006 0.789
pwy292_pc1 2 2 0.853 -0.007 0.752
pwy293_pc1 2 2 0.863 -0.006 0.769
pwy294_pc1 2 2 0.877 -0.004 0.789
pwy295_pc1 2 2 0.862 0.008 0.765
pwy299_pc1 2 2 0.857 0.008 0.757
pwy301_pc1 2 2 0.88 -0.009 0.8
pwy304_pc1 2 2 0.872 -0.009 0.785
pwy307_pc1 2 2 0.862 -0.012 0.765
pwy312_pc1 2 2 0.848 -0.011 0.738
pwy314_pc1 2 2 0.88 -0.007 0.797
pwy315_pc1 2 2 0.886 -0.006 0.82
pwy316_pc1 2 2 0.871 -0.008 0.783
pwy317_pc1 2 2 0.876 -0.011 0.789
pwy318_pc1 2 2 0.838 -0.012 0.71
pwy319_pc1 2 2 0.843 -0.009 0.722
pwy321_pc1 2 2 0.219 -0.032 0.137
pwy322_pc1 2 2 0.838 -0.011 0.712
pwy323_pc2 3 3 0.986 0.001 0.988
pwy325_pc5 2 2 0.144 -0.117 0.224
pwy326_pc5 2 2 0.016 0.115 0.02
pwy327_pc1 2 2 0.798 -0.016 0.65
pwy328_pc1 2 2 0.894 0.009 0.833
pwy329_pc1 2 2 0.858 0.013 0.757
pwy330_pc1 2 2 0.903 0.008 0.849
pwy331_pc1 2 2 0.862 -0.011 0.766
pwy36_pc1 2 2 0.079 0.067 0.152
pwy4_pc4 4 4 0.024 0.215 0.054
pwy43_pc1 2 2 0.905 0.006 0.842
pwy44_pc1 2 2 0.833 0.019 0.702
pwy45_pc1 3 3 0.545 -0.018 0.487
pwy46_pc1 2 2 0.84 -0.021 0.714
pwy47_pc1 2 2 0.87 -0.012 0.783
pwy53_pc1 2 2 0.842 -0.016 0.718
pwy6_pc1 2 2 0.86 -0.016 0.763
pwy61_pc1 2 2 0.872 -0.014 0.785
pwy61_pc3 2 2 0.725 0.044 0.63
pwy64_pc3 2 2 0.982 0.003 0.972
pwy67_pc1 2 2 0.864 -0.015 0.772
pwy74_pc1 2 2 0.904 -0.013 0.852
pwy8_pc1 2 2 0.857 -0.019 0.757
pwy83_pc1 2 2 0.834 0.013 0.702
pwy87_pc1 2 2 0.867 -0.015 0.777
pwy9_pc1 2 2 0.847 0.017 0.734
pwy91_pc1 2 2 0.866 -0.01 0.774
pwy92_pc1 2 2 0.852 -0.019 0.75
pwy93_pc1 2 2 0.841 -0.011 0.717
pwy96_pc5 3 3 0.023 -0.094 0.05
pwy97_pc1 2 2 0.874 -0.009 0.786
pwy97_pc4 2 2 0.665 -0.045 0.597
pwy98_pc1 2 2 0.852 0.019 0.75
pwy99_pc1 2 2 0.864 -0.012 0.772
pwy99_pc4 2 2 0.669 0.055 0.597
pwy127_pc3 4 4 0.48 0.008 0.478
pwy142_pc4 2 2 0.085 -0.031 0.162
pwy145_pc4 2 2 0.081 0.032 0.156
pwy167_pc2 3 3 0.072 0.019 0.154
pwy171_pc5 2 2 0.844 0.006 0.714
pwy184_pc5 2 2 0.002 0.023 0.002
pwy193_pc2 2 2 0.083 0.023 0.158
pwy193_pc5 7 0 0.015 0.025 0.025
pwy199_pc4 2 2 0.142 0.034 0.289
pwy214_pc3 2 2 0.722 0.032 0.565
pwy22_pc4 2 2 0.865 -0.011 0.739
pwy224_pc3 2 2 0.589 -0.043 0.515
pwy236_pc3 2 2 0.721 0.024 0.564
pwy238_pc5 11 0 0.033 -0.018 0.032
pwy268_pc3 2 2 0.641 -0.022 0.515
pwy277_pc3 3 3 0.003 -0.027 0.014
pwy30_pc5 2 2 0.189 0.048 0.279
pwy305_pc4 2 2 0.076 0.039 0.148
pwy320_pc3 10 0 0.136 -0.014 0.141
pwy321_pc5 8 0 0.007 -0.026 0.01
pwy325_pc4 8 0 0.008 -0.025 0.01
pwy325_pc5 3 0 0.132 0.054 0.215
pwy326_pc4 11 0 0.09 0.015 0.104
pwy4_pc2 2 2 0.132 -0.031 0.256
pwy76_pc2 2 2 0.016 0.053 0.027
pwy77_pc2 2 2 0.082 -0.042 0.029
pwy90_pc3 2 2 0.006 0.022 0.013
pwy11_pc1 2 2 0.003 0.085 0.007
pwy185_pc4 2 2 0.758 0.06 0.683
pwy189_pc5 2 2 0.931 -0.012 0.87
pwy193_pc5 2 0 0.244 0.05 0.385
pwy238_pc5 3 0 0.373 -0.033 0.351
pwy250_pc3 2 2 0.057 -0.096 0.09
pwy320_pc3 3 0 0.286 -0.036 0.307
pwy321_pc5 3 0 0.367 -0.037 0.358
pwy322_pc4 2 2 0.355 -0.167 0.482
pwy323_pc2 2 2 0.059 -0.04 0.082
pwy325_pc4 3 0 0.38 -0.034 0.363
pwy326_pc4 3 0 0.349 0.033 0.338
pwy43_pc4 2 2 0.935 -0.011 0.846
pwy57_pc5 2 2 0.153 -0.088 0.199
pwy62_pc4 2 2 0.205 -0.184 0.364
pwy62_pc5 2 2 0.146 0.147 0.281
pwy69_pc5 2 2 0.154 0.185 0.292
pwy79_pc4 2 2 0.92 0.014 0.829
pwy172_pc4 2 2 0.105 -0.08 0.213
pwy193_pc5 6 0 0.649 -0.019 0.671
pwy21_pc1 2 2 0.02 0.041 0.042
pwy238_pc5 10 0 0.17 0.04 0.174
pwy250_pc3 2 2 0.129 0.093 0.224
pwy253_pc1 2 2 0.033 -0.037 0.061
pwy297_pc3 2 2 0.113 0.077 0.18
pwy320_pc3 8 0 0.292 0.034 0.269
pwy321_pc5 7 0 0.274 0.03 0.288
pwy324_pc5 2 2 0.076 0.057 0.114
pwy325_pc4 7 0 0.557 0.021 0.544
pwy325_pc5 5 0 0.748 0.021 0.769
pwy326_pc4 8 0 0.27 -0.035 0.251
pwy326_pc5 2 2 0.086 0.118 0.187
pwy34_pc3 3 3 0.542 0.066 0.497
pwy66_pc5 2 2 0.898 0.018 0.849
pwy98_pc5 2 2 0.078 0.083 0.098
pwy99_pc4 2 2 0.085 0.249 0.183
pwy102_pc2 2 2 0.951 -0.003 0.906
pwy104_pc2 2 2 0.928 0.006 0.843
pwy12_pc1 2 2 0.104 0.047 0.145
pwy132_pc2 2 2 0.903 0.016 0.805
pwy133_pc1 2 2 0.974 0.002 0.953
pwy14_pc5 2 2 0.05 0.144 0.096
pwy146_pc1 2 2 0.891 0.005 0.771
pwy167_pc5 2 0 0.085 -0.061 0.09
pwy178_pc1 2 2 0.92 0.004 0.83
pwy193_pc5 8 0 0 -0.047 0.001
pwy196_pc2 2 2 0.919 -0.003 0.829
pwy197_pc5 2 2 0.146 0.057 0.115
pwy202_pc5 2 2 0.775 0.018 0.647
pwy222_pc3 2 2 0.912 0.007 0.806
pwy238_pc5 10 0 0 0.045 0
pwy242_pc3 2 2 0.814 0.034 0.688
pwy258_pc2 3 3 0.726 -0.005 0.754
pwy258_pc4 2 2 0.046 -0.033 0.112
pwy259_pc5 2 2 0.071 0.075 0.137
pwy273_pc5 2 2 0.991 0.001 0.981
pwy28_pc4 2 2 0.682 -0.047 0.669
pwy283_pc3 2 2 0.028 0.037 0.034
pwy284_pc4 2 2 0.021 0.037 0.026
pwy301_pc3 2 2 0.109 0.086 0.199
pwy310_pc1 2 2 0.906 0.004 0.808
pwy311_pc3 2 2 0.96 0.004 0.928
pwy320_pc3 8 0 0.001 0.042 0.002
pwy320_pc5 2 2 0.535 0.075 0.522
pwy321_pc5 10 0 0.001 0.044 0.003
pwy322_pc4 3 0 0.097 0.082 0.104
pwy325_pc4 9 0 0 0.046 0.001
pwy325_pc5 6 0 0.514 -0.03 0.497
pwy326_pc4 8 0 0 -0.042 0.001
pwy328_pc2 2 2 0.016 -0.046 0.004
pwy330_pc2 2 2 0.015 -0.045 0.003
pwy331_pc4 3 3 0.084 -0.067 0.039
pwy34_pc3 2 2 0.978 -0.004 0.952
pwy34_pc5 2 2 0.055 0.156 0.132
pwy44_pc3 2 2 0.128 -0.047 0.113
pwy47_pc3 2 2 0.148 0.046 0.118
pwy52_pc2 2 2 0.904 0.011 0.805
pwy7_pc1 2 0 0.804 -0.055 0.666
pwy85_pc4 2 2 0.838 0.016 0.734
pwy88_pc4 2 2 0.132 -0.103 0.242
pwy90_pc5 2 2 0.284 -0.169 0.228
pwy93_pc2 2 0 0.821 0.02 0.691
pwy97_pc3 3 3 0.59 -0.028 0.556
pwy97_pc4 3 3 0.022 -0.076 0.08
pwy99_pc5 2 2 0.047 0.098 0.118
pwy103_pc1 2 0 0.861 -0.02 0.74
pwy176_pc3 2 2 0.542 -0.045 0.523
pwy176_pc5 2 2 0.124 0.087 0.199
pwy193_pc5 7 0 0.004 -0.044 0.002
pwy20_pc4 2 0 0.237 -0.054 0.249
pwy203_pc4 2 2 0.09 -0.054 0.088
pwy222_pc3 2 2 0.959 0.003 0.923
pwy234_pc4 2 2 0.214 -0.09 0.341
pwy238_pc5 10 0 0.001 0.051 0
pwy244_pc5 2 2 0.122 -0.095 0.237
pwy253_pc5 2 0 0.151 -0.061 0.113
pwy259_pc5 2 2 0.068 0.072 0.157
pwy273_pc5 2 2 0.966 -0.003 0.912
pwy283_pc3 2 2 0.012 0.04 0.012
pwy284_pc4 2 2 0.005 0.039 0.005
pwy301_pc3 2 2 0.127 0.085 0.244
pwy305_pc5 3 3 0.879 0.017 0.897
pwy306_pc5 2 0 0.093 0.112 0.133
pwy311_pc3 2 2 0.948 -0.004 0.9
pwy320_pc3 9 0 0.003 0.049 0.001
pwy321_pc5 9 0 0.003 0.051 0.002
pwy322_pc4 3 0 0.078 0.08 0.08
pwy325_pc4 8 0 0.002 0.053 0
pwy325_pc5 4 0 0.885 -0.007 0.875
pwy326_pc4 9 0 0.002 -0.049 0
pwy331_pc4 3 3 0.087 -0.069 0.036
pwy40_pc2 2 2 0.607 -0.034 0.596
pwy44_pc3 2 2 0.075 -0.043 0.064
pwy47_pc3 2 2 0.092 0.043 0.073
pwy64_pc3 2 2 0.967 -0.006 0.92
pwy85_pc4 2 2 0.775 0.024 0.676
pwy88_pc4 2 2 0.148 -0.101 0.28
pwy90_pc5 3 3 0.101 -0.166 0.079
pwy93_pc2 2 0 0.887 0.011 0.785
pwy97_pc3 3 3 0.05 -0.063 0.12
pwy97_pc4 3 3 0.004 -0.057 0.019
pwy99_pc5 2 2 0.077 0.103 0.156
pwy115_pc5 2 2 0.217 0.069 0.333
pwy141_pc4 2 2 0.109 -0.05 0.159
pwy182_pc4 2 2 0.033 -0.067 0.055
pwy193_pc5 3 3 0.267 0.062 0.269
pwy208_pc2 2 2 0.923 0.007 0.854
pwy226_pc4 2 2 0.324 -0.161 0.451
pwy238_pc5 4 4 0.129 -0.065 0.101
pwy250_pc5 2 2 0 0.107 0.002
pwy264_pc3 2 2 0.075 0.11 0.132
pwy316_pc5 2 2 0.96 0.004 0.927
pwy320_pc3 4 4 0.135 -0.064 0.107
pwy321_pc5 2 0 0.982 -0.002 0.965
pwy325_pc4 3 0 0.669 -0.026 0.675
pwy326_pc4 3 0 0.697 0.022 0.708
pwy328_pc4 2 2 0.897 0.016 0.827
pwy330_pc4 2 2 0.859 -0.016 0.803
pwy46_pc4 2 2 0.069 0.1 0.109
pwy60_pc3 2 2 0.085 -0.08 0.112
pwy78_pc4 2 2 0.004 0.067 0.003
pwy84_pc2 2 2 0.077 0.064 0.125
pwy95_pc2 3 3 0.052 0.023 0.086
pwy103_pc2 2 2 0.898 -0.008 0.816
pwy11_pc1 2 2 0.773 0.028 0.704
pwy111_pc2 3 0 0.653 0.008 0.644
pwy113_pc2 2 0 0.99 0 0.984
pwy114_pc2 2 0 0.011 0.027 0.025
pwy124_pc2 2 0 0.008 -0.032 0.018
pwy135_pc2 3 0 0.781 -0.01 0.804
pwy141_pc2 2 2 0.095 0.035 0.184
pwy142_pc2 2 0 0.945 -0.003 0.871
pwy149_pc5 3 3 0.559 0.032 0.508
pwy156_pc3 2 2 0.057 -0.064 0.118
pwy166_pc1 2 2 0.811 0.008 0.722
pwy175_pc4 3 3 0.709 -0.031 0.688
pwy18_pc2 2 0 0.012 0.042 0.027
pwy183_pc2 3 0 0.63 -0.012 0.613
pwy186_pc2 2 0 0.02 -0.041 0.046
pwy186_pc5 2 2 0.12 -0.12 0.079
pwy189_pc2 2 0 0.938 -0.005 0.858
pwy193_pc4 2 2 0.448 -0.08 0.435
pwy206_pc2 2 0 0.014 -0.048 0.031
pwy21_pc4 2 2 0.046 0.082 0.103
pwy221_pc2 2 0 0.973 0.001 0.951
pwy222_pc2 3 0 0.634 -0.015 0.613
pwy229_pc2 2 0 0.112 -0.048 0.237
pwy230_pc5 2 2 0.934 0.009 0.884
pwy231_pc2 3 0 0.642 -0.016 0.636
pwy231_pc5 2 2 0.568 -0.051 0.566
pwy238_pc5 2 0 0.965 -0.004 0.931
pwy251_pc5 2 2 0.021 -0.076 0.025
pwy259_pc2 2 0 0.984 0.001 0.973
pwy280_pc3 2 0 0.519 0.032 0.521
pwy297_pc4 3 3 0.003 -0.103 0.011
pwy301_pc2 2 0 0.91 -0.006 0.822
pwy304_pc2 3 0 0.592 -0.016 0.583
pwy305_pc2 4 0 0.867 -0.004 0.859
pwy308_pc2 3 3 0.628 0.016 0.625
pwy310_pc2 3 3 0.646 -0.013 0.652
pwy313_pc2 3 0 0.594 -0.016 0.583
pwy314_pc2 4 0 0.916 0.002 0.916
pwy315_pc2 3 0 0.618 -0.011 0.621
pwy316_pc2 3 0 0.64 -0.011 0.652
pwy317_pc2 2 0 0.001 -0.045 0.003
pwy318_pc2 3 0 0.749 0.009 0.767
pwy320_pc3 2 0 0.933 -0.007 0.853
pwy321_pc5 2 0 0.16 0.074 0.268
pwy325_pc4 3 0 0.82 0.014 0.838
pwy326_pc4 2 0 0.957 0.004 0.912
pwy37_pc3 3 3 0.75 0.031 0.764
pwy40_pc3 3 3 0.554 -0.034 0.51
pwy41_pc4 3 3 0.541 0.028 0.493
pwy54_pc2 2 0 0.013 0.035 0.027
pwy61_pc2 2 0 0.034 0.048 0.07
pwy61_pc4 2 2 0.078 -0.079 0.072
pwy62_pc5 4 4 0.007 -0.158 0.02
pwy71_pc1 2 2 0.039 0.072 0.085
pwy72_pc5 3 3 0.162 -0.084 0.119
pwy78_pc4 2 0 0.346 -0.078 0.31
pwy88_pc2 2 0 0.895 -0.007 0.807
pwy97_pc4 2 2 0.937 0.008 0.919
pwy99_pc4 3 3 0.9 -0.01 0.879
pwy100_pc1 2 2 0.704 -0.032 0.599
pwy106_pc4 2 2 0.039 -0.212 0.143
pwy107_pc1 2 2 0.7 -0.047 0.599
pwy128_pc1 2 2 0.711 -0.02 0.599
pwy170_pc3 2 2 0.148 0.172 0.358
pwy186_pc5 2 2 0.024 -0.2 0.016
pwy193_pc5 2 0 0.178 -0.172 0.354
pwy203_pc4 2 2 0.032 0.145 0.111
pwy21_pc1 2 2 0.702 0.047 0.599
pwy238_pc5 3 0 0.758 0.058 0.771
pwy252_pc3 2 2 0.008 0.257 0.033
pwy253_pc5 2 2 0.036 -0.433 0.021
pwy27_pc2 2 2 0.041 -0.196 0.151
pwy29_pc5 2 0 0.898 -0.067 0.695
pwy3_pc4 2 2 0.014 0.315 0.028
pwy320_pc3 3 0 0.768 0.053 0.786
pwy321_pc5 3 0 0.779 0.06 0.792
pwy325_pc4 3 0 0.785 0.054 0.801
pwy326_pc4 3 0 0.763 -0.055 0.772
pwy60_pc5 2 2 0.377 -0.278 0.379
pwy72_pc1 2 2 0.569 0.151 0.556
pwy84_pc3 2 2 0.011 -0.144 0.046
pwy85_pc2 2 2 0.036 -0.153 0.12
pwy85_pc3 2 2 0.045 -0.185 0.19
pwy85_pc5 2 2 0.047 0.24 0.152
pwy10_pc4 2 2 0.388 0.311 0.398
pwy11_pc5 2 2 0.878 -0.206 0.792
pwy14_pc5 2 2 0.025 0.662 0.04
pwy180_pc5 2 2 0.032 0.359 0.063
pwy187_pc5 2 2 0.74 0.167 0.611
pwy21_pc4 2 2 0.078 0.514 0.128
pwy211_pc4 2 2 0.913 0.035 0.85
pwy297_pc3 2 2 0.075 0.44 0.118
pwy332_pc3 3 3 0.813 0.051 0.845
pwy68_pc4 2 2 0.106 -0.582 0.247
pwy77_pc4 3 3 0.35 -0.485 0.313
pwy84_pc3 2 2 0.259 0.297 0.134
pwy97_pc4 2 2 0.078 -0.597 0.184
pwy99_pc4 2 2 0.079 0.755 0.185
pwy108_pc5 2 2 0.641 0.153 NA
pwy13_pc4 3 3 0.464 0.129 0
pwy179_pc4 2 2 0.516 -0.218 NA
pwy232_pc3 2 2 0.507 -0.131 NA
pwy243_pc5 3 3 0.554 0.626 0.75
pwy4_pc5 3 3 0.844 0.346 0.5
pwy62_pc1 2 2 0.66 0.119 NA
pwy103_pc5 2 2 0.776 -0.187 0.604
pwy110_pc5 2 2 0.069 0.468 0.198
pwy188_pc5 2 2 0.682 -0.359 0.495
pwy213_pc5 2 2 0.088 -0.519 0.242
pwy229_pc4 2 2 0.05 0.482 0.088
pwy279_pc4 2 2 0.057 -0.315 0.088
pwy140_pc4 2 2 0.346 0.059 0.331
pwy144_pc5 2 2 0.718 -0.02 0.662
pwy156_pc2 2 2 0.009 -0.06 0.016
pwy174_pc3 2 2 0.107 -0.068 0.215
pwy174_pc5 2 2 0.071 0.08 0.122
pwy185_pc4 4 4 0.421 0.05 0.446
pwy198_pc2 2 2 0.146 -0.04 0.229
pwy238_pc5 2 0 0.195 0.058 0.242
pwy24_pc5 2 2 0.694 0.062 0.603
pwy244_pc2 2 2 0.963 -0.003 0.93
pwy295_pc5 2 2 0.183 0.038 0.211
pwy320_pc3 2 0 0.271 0.058 0.26
pwy321_pc5 2 0 0.239 0.061 0.258
pwy322_pc4 2 2 0.808 -0.048 0.666
pwy325_pc4 2 0 0.231 0.058 0.258
pwy326_pc3 3 3 0.013 0.088 0.024
pwy326_pc4 2 0 0.212 -0.057 0.251
pwy33_pc3 3 3 0.6 -0.029 0.572
pwy60_pc3 2 2 0.086 0.117 0.14
pwy62_pc5 2 2 0.191 0.13 0.326
pwy69_pc5 2 2 0.956 -0.009 0.922
pwy97_pc4 2 2 0.058 0.073 0.104
pwy99_pc4 2 2 0.06 -0.093 0.105
pwy100_pc2 2 2 0.052 0.082 0.1
pwy13_pc1 2 2 0.98 0.002 0.96
pwy134_pc1 3 3 0.318 0.089 0.291
pwy14_pc1 2 2 0.138 -0.076 0.237
pwy141_pc1 2 2 0.381 0.115 0.368
pwy15_pc1 2 2 0.408 0.173 0.394
pwy153_pc4 2 2 0.004 -0.04 0.006
pwy153_pc5 2 2 0.055 0.049 0.09
pwy154_pc1 2 2 0.484 0.092 0.464
pwy168_pc5 2 2 0.028 0.063 0.03
pwy169_pc1 2 2 0.503 0.071 0.474
pwy171_pc5 3 3 0.013 -0.078 0.019
pwy193_pc5 5 0 0.131 0.045 0.144
pwy194_pc1 3 3 0.395 -0.106 0.355
pwy197_pc1 2 2 0.474 0.101 0.457
pwy198_pc1 2 2 0.119 -0.038 0.206
pwy209_pc1 2 2 0.48 0.176 0.461
pwy215_pc3 2 2 0.899 -0.019 0.834
pwy218_pc1 2 2 0.48 -0.087 0.461
pwy223_pc1 2 2 0.48 0.07 0.461
pwy226_pc1 2 2 0.496 0.106 0.47
pwy236_pc1 2 2 0.483 0.071 0.464
pwy238_pc3 2 2 0.123 -0.115 0.182
pwy238_pc5 4 0 0.213 -0.038 0.228
pwy242_pc1 2 2 0.465 -0.123 0.454
pwy29_pc2 2 2 0.065 0.054 0.11
pwy298_pc5 2 2 0.007 0.043 0.005
pwy314_pc5 2 2 0.04 -0.06 0.05
pwy317_pc4 2 2 0.108 0.066 0.17
pwy320_pc3 5 0 0.113 -0.041 0.13
pwy321_pc5 4 0 0.251 -0.044 0.258
pwy323_pc4 2 2 0.131 0.066 0.219
pwy325_pc4 5 0 0.151 -0.044 0.166
pwy325_pc5 2 0 0.055 0.08 0.06
pwy326_pc4 4 0 0.214 0.038 0.233
pwy326_pc5 4 4 0.168 0.086 0.182
pwy328_pc1 3 3 0.398 -0.08 0.359
pwy329_pc1 2 2 0.478 -0.116 0.461
pwy329_pc4 3 3 0.374 0.048 0.382
pwy35_pc1 2 2 0.421 0.28 0.412
pwy40_pc5 2 2 0.108 0.115 0.162
pwy43_pc1 2 2 0.382 -0.172 0.368
pwy46_pc1 2 2 0.48 0.161 0.461
pwy56_pc1 2 2 0.395 0.097 0.382
pwy57_pc1 2 2 0.423 0.14 0.413
pwy58_pc1 2 2 0.407 0.135 0.394
pwy59_pc1 2 2 0.442 0.18 0.433
pwy61_pc1 2 2 0.4 0.145 0.389
pwy74_pc1 3 3 0.393 0.134 0.355
pwy81_pc3 2 2 0.181 0.134 0.29
pwy83_pc4 2 2 0.028 0.066 0.052
pwy87_pc1 2 2 0.472 0.141 0.457
pwy12_pc1 2 2 0.969 -0.005 0.934
pwy130_pc1 2 2 0.997 0 0.99
pwy147_pc1 3 3 0.747 0.017 0.799
pwy148_pc1 3 3 0.787 0.021 0.841
pwy152_pc2 2 2 0.905 0.01 0.809
pwy156_pc2 2 0 0.106 0.084 0.203
pwy164_pc5 2 2 0 0.16 0.001
pwy170_pc1 3 3 0.544 -0.043 0.5
pwy183_pc1 2 2 0.91 0.006 0.825
pwy193_pc5 5 0 0.467 -0.046 0.507
pwy209_pc4 2 2 0.623 0.173 0.543
pwy21_pc1 2 2 0.041 -0.097 0.093
pwy21_pc3 2 2 0.101 0.203 0.151
pwy217_pc1 2 2 0.9 0.008 0.806
pwy22_pc1 2 2 0.119 0.084 0.234
pwy225_pc1 2 2 0.217 -0.118 0.366
pwy23_pc1 2 2 0.078 0.076 0.173
pwy238_pc3 2 0 0.047 0.197 0.102
pwy238_pc5 6 0 0.597 0.03 0.614
pwy243_pc1 2 2 0.092 0.118 0.179
pwy249_pc1 3 3 0.488 -0.046 0.418
pwy253_pc1 2 2 0.088 0.079 0.19
pwy260_pc1 2 2 0.867 0.02 0.757
pwy264_pc3 2 2 0.725 0.078 0.647
pwy29_pc1 2 2 0.1 -0.09 0.191
pwy30_pc1 2 2 0.071 -0.116 0.159
pwy304_pc1 2 2 0.873 0.012 0.763
pwy305_pc1 2 2 0.894 0.009 0.796
pwy308_pc1 2 2 0.891 0.011 0.791
pwy309_pc1 2 2 0.881 0.015 0.777
pwy312_pc1 2 2 0.89 0.01 0.79
pwy313_pc1 3 3 0.54 -0.039 0.491
pwy320_pc3 6 0 0.345 0.051 0.348
pwy321_pc5 6 0 0.573 0.035 0.589
pwy325_pc3 2 0 0.055 0.186 0.125
pwy325_pc4 6 0 0.564 0.034 0.578
pwy326_pc3 2 0 0.069 -0.184 0.148
pwy326_pc4 6 0 0.543 -0.033 0.561
pwy327_pc3 2 2 0.182 -0.204 0.328
pwy33_pc1 2 2 0.013 -0.099 0.028
pwy34_pc1 2 2 0.024 0.152 0.056
pwy39_pc1 3 3 0.838 -0.012 0.835
pwy43_pc3 2 2 0.036 0.19 0.052
pwy47_pc4 2 2 0.758 0.045 0.615
pwy49_pc2 2 2 0.969 0.008 0.926
pwy52_pc1 2 2 0.116 0.121 0.255
pwy61_pc5 2 2 0.057 0.146 0.115
pwy68_pc1 2 2 0.093 -0.106 0.193
pwy72_pc1 2 2 0.72 -0.13 0.559
pwy76_pc3 3 3 0.7 0.077 0.687
pwy78_pc1 2 2 0.077 0.084 0.146
pwy89_pc1 2 2 0.884 0.01 0.78
pwy139_pc3 2 2 0.145 -0.047 0.261
pwy167_pc5 2 0 0.127 -0.075 0.143
pwy174_pc5 2 2 0.045 0.065 0.092
pwy193_pc5 9 0 0.002 -0.049 0.003
pwy197_pc5 3 3 0.211 0.048 0.204
pwy200_pc3 2 0 0.908 -0.007 0.804
pwy222_pc3 2 2 0.86 0.011 0.738
pwy238_pc5 13 0 0 0.052 0
pwy242_pc3 2 2 0.786 0.035 0.656
pwy247_pc3 2 0 0.82 -0.019 0.697
pwy266_pc4 2 2 0.079 -0.068 0.111
pwy273_pc5 2 2 0.895 0.013 0.787
pwy279_pc5 3 3 0.799 0.015 0.831
pwy28_pc5 2 2 1 0 0.999
pwy29_pc3 3 3 0.488 -0.045 0.386
pwy301_pc3 2 2 0.082 0.077 0.151
pwy311_pc3 2 2 0.85 0.025 0.733
pwy32_pc2 2 2 0.034 0.113 0.07
pwy320_pc3 11 0 0.001 0.049 0.003
pwy321_pc5 11 0 0.009 0.046 0.009
pwy325_pc4 10 0 0.002 0.049 0.003
pwy325_pc5 4 0 0.116 -0.088 0.112
pwy326_pc4 12 0 0 -0.05 0
pwy331_pc4 4 4 0.041 -0.057 0.028
pwy34_pc5 2 2 0.057 0.143 0.122
pwy36_pc2 2 0 0.11 -0.076 0.212
pwy44_pc5 2 2 0.968 -0.005 0.926
pwy47_pc3 2 2 0.111 0.047 0.086
pwy60_pc3 2 2 0.163 0.072 0.224
pwy74_pc4 2 2 0.737 -0.051 0.605
pwy84_pc4 2 2 0.748 0.034 0.607
pwy85_pc4 3 3 0.873 0.01 0.89
pwy85_pc5 2 2 0.075 0.074 0.094
pwy86_pc5 2 2 0.77 0.035 0.625
pwy90_pc5 2 2 0.287 -0.149 0.212
pwy97_pc3 2 2 0.147 -0.062 0.26
pwy97_pc4 2 2 0.298 -0.104 0.44
pwy99_pc5 2 2 0.045 0.091 0.104
pwy108_pc2 2 2 0.069 0.05 0.21
pwy117_pc3 2 2 0.013 0.042 0.025
pwy127_pc4 4 4 0.83 0.008 0.749
pwy148_pc3 3 3 0.036 -0.116 0.207
pwy18_pc5 3 3 0.771 0.015 0.831
pwy198_pc2 2 2 0.086 0.052 0.281
pwy204_pc2 2 2 0.912 -0.009 0.846
pwy21_pc5 2 2 0.058 -0.149 0.206
pwy223_pc4 2 2 0.911 -0.012 0.694
pwy234_pc5 2 2 0.105 0.094 0.357
pwy254_pc4 2 2 0.031 0.079 0.084
pwy28_pc2 2 2 0.69 -0.041 0.514
pwy285_pc3 3 3 0.023 -0.061 0.038
pwy287_pc3 2 2 0.228 -0.063 0.468
pwy325_pc3 3 3 0.727 0.036 0.741
pwy42_pc3 2 2 0.682 -0.043 0.537
pwy48_pc3 2 2 0.098 -0.155 0.354
pwy64_pc2 2 2 0.042 -0.104 0.092
pwy83_pc2 2 2 0.043 -0.053 0.048
pwy93_pc2 2 2 0.012 0.035 0.016
