factor num_snp_fdr<0.2 num_snp_noMHC pval_in_fitting slope_in_fitting rsq_in_fitting pval_in_resampling
EUR.CD_pwy101_pc5 3 2 0.567 0.169 0.188 0.451
EUR.CD_pwy111_pc2 2 2 0.921 -0.06 0.015 0.744
EUR.CD_pwy112_pc2 2 1 0.025 -0.522 0.998 0.049
EUR.CD_pwy133_pc2 2 2 0.167 -0.767 0.933 0.33
EUR.CD_pwy147_pc5 2 2 0.052 0.53 0.993 0.182
EUR.CD_pwy177_pc5 2 2 0.049 -0.243 0.994 0.138
EUR.CD_pwy208_pc1 2 1 0.866 -0.274 0.044 0.771
EUR.CD_pwy238_pc5 2 2 0.092 0.539 0.979 0.267
EUR.CD_pwy278_pc3 3 3 0.842 0.084 0.025 0.878
EUR.CD_pwy311_pc2 2 1 0.986 -0.013 0 0.929
EUR.CD_pwy317_pc2 3 2 0.594 0.271 0.165 0.492
EUR.CD_pwy320_pc5 3 3 0.555 -0.213 0.198 0.555
EUR.CD_pwy52_pc1 2 2 0.969 -0.037 0.002 0.926
EUR.CD_pwy63_pc1 2 2 0.046 0.659 0.995 0.114
EUR.CD_pwy63_pc3 3 2 0.687 -0.217 0.098 0.724
EUR.CD_pwy64_pc4 2 2 0.086 0.59 0.982 0.15
EUR.CD_pwy95_pc4 2 2 0.096 0.424 0.977 0.227
EUR.IBD_pwy121_pc1 2 2 0.015 -0.508 0.999 0.002
EUR.IBD_pwy12_pc1 2 2 0.006 -0.876 1 0.02
EUR.IBD_pwy13_pc3 2 2 0.12 -0.567 0.965 0.302
EUR.IBD_pwy193_pc2 2 1 0.583 -0.125 0.371 0.459
EUR.IBD_pwy209_pc3 2 2 0.184 -0.44 0.919 0.407
EUR.IBD_pwy223_pc1 2 2 0.021 0.622 0.999 0.049
EUR.IBD_pwy23_pc4 3 3 0.664 0.18 0.113 0.687
EUR.IBD_pwy255_pc4 2 2 0.104 -0.314 0.973 0.242
EUR.IBD_pwy275_pc1 2 1 0.012 -0.584 1 0.015
EUR.IBD_pwy278_pc3 2 2 0.866 -0.08 0.044 0.672
EUR.IBD_pwy279_pc1 3 2 0.798 0.131 0.041 0.884
EUR.IBD_pwy281_pc4 2 1 0.509 -0.132 0.486 0.434
EUR.IBD_pwy292_pc1 3 2 0.825 0.095 0.031 0.846
EUR.IBD_pwy294_pc1 2 2 0.025 0.541 0.999 0.066
EUR.IBD_pwy33_pc1 2 2 0.012 -0.529 1 0.041
EUR.IBD_pwy42_pc1 2 2 0.013 0.793 1 0.06
EUR.IBD_pwy44_pc4 2 2 0.066 0.518 0.989 0.254
EUR.IBD_pwy86_pc2 2 2 0.988 0.012 0 0.974
EUR.IBD_pwy98_pc2 2 2 0.057 0.635 0.992 0.191
EUR.UC_pwy121_pc1 2 2 0.076 0.76 0.986 0.254
EUR.UC_pwy125_pc1 2 2 0.114 0.556 0.968 0.037
EUR.UC_pwy132_pc2 3 3 0.784 0.154 0.047 0.826
EUR.UC_pwy134_pc5 2 2 0.835 -0.233 0.065 0.584
EUR.UC_pwy137_pc4 2 2 0.099 -0.256 0.976 0.293
EUR.UC_pwy140_pc5 2 1 0.27 0.88 0.831 0.443
EUR.UC_pwy145_pc1 2 2 0.078 -0.685 0.985 0.204
EUR.UC_pwy157_pc4 2 2 0.103 -0.327 0.974 0.01
EUR.UC_pwy158_pc3 3 3 0.674 0.168 0.106 0.677
EUR.UC_pwy162_pc1 3 3 0.018 0.476 0.964 0.115
EUR.UC_pwy169_pc5 3 3 0.007 -0.334 0.986 0.017
EUR.UC_pwy176_pc2 2 2 0.993 -0.004 0 0.961
EUR.UC_pwy177_pc3 2 2 0.129 -0.277 0.96 0.268
EUR.UC_pwy179_pc1 2 2 0.008 -0.794 1 0.034
EUR.UC_pwy182_pc1 2 1 0.193 1.126 0.911 0.441
EUR.UC_pwy184_pc2 2 2 0.982 -0.009 0.001 0.941
EUR.UC_pwy186_pc4 2 2 0.01 0.268 1 0.015
EUR.UC_pwy202_pc1 2 2 0.027 -0.499 0.998 0.017
EUR.UC_pwy203_pc1 2 2 0.981 0.014 0.001 0.924
EUR.UC_pwy204_pc1 2 2 0.892 0.118 0.028 0.638
EUR.UC_pwy210_pc1 2 1 0.012 -0.655 1 0.057
EUR.UC_pwy211_pc1 2 2 0.995 -0.004 0 0.978
EUR.UC_pwy225_pc1 2 2 0.912 -0.084 0.019 0.719
EUR.UC_pwy229_pc4 2 2 0.929 -0.058 0.012 0.808
EUR.UC_pwy23_pc4 3 3 0.926 0.037 0.006 0.937
EUR.UC_pwy23_pc5 2 2 0.002 -0.382 1 0.002
EUR.UC_pwy253_pc4 2 2 0.947 -0.043 0.007 0.884
EUR.UC_pwy256_pc4 2 2 0.899 -0.081 0.025 0.709
EUR.UC_pwy261_pc3 2 2 0.899 -0.073 0.025 0.727
EUR.UC_pwy265_pc1 2 2 0.167 -0.884 0.932 0.303
EUR.UC_pwy275_pc1 2 1 0.209 -0.941 0.896 0.453
EUR.UC_pwy275_pc2 2 2 0.013 0.568 1 0.047
EUR.UC_pwy279_pc1 3 2 0.459 -0.521 0.293 0.298
EUR.UC_pwy282_pc1 3 3 0.009 -0.53 0.982 0.043
EUR.UC_pwy288_pc1 2 2 0.948 0.043 0.007 0.808
EUR.UC_pwy294_pc1 2 2 0 0.499 1 0
EUR.UC_pwy29_pc2 2 2 0.111 -0.433 0.97 0.037
EUR.UC_pwy320_pc5 2 1 0.519 0.375 0.47 0.532
EUR.UC_pwy330_pc1 3 3 0.013 0.581 0.974 0.066
EUR.UC_pwy331_pc3 2 1 0.19 0.659 0.914 0.392
EUR.UC_pwy331_pc4 2 1 0.262 -0.586 0.84 0.429
EUR.UC_pwy39_pc4 2 2 0.076 -0.383 0.986 0.249
EUR.UC_pwy49_pc2 3 3 0.031 0.505 0.939 0.081
EUR.UC_pwy56_pc2 2 2 0.105 0.486 0.973 0.037
EUR.UC_pwy64_pc4 3 2 0.11 0.832 0.793 0.223
EUR.UC_pwy74_pc3 2 2 0.946 0.053 0.007 0.793
EUR.UC_pwy82_pc1 2 2 0.052 0.656 0.993 0.167
EUR.UC_pwy83_pc5 2 2 0.047 0.485 0.995 0.022
EUR.UC_pwy91_pc5 2 2 0.008 -0.352 1 0.002
EUR.UC_pwy97_pc1 2 2 0.011 0.704 1 0.037
EUR.UC_pwy97_pc2 2 2 0.064 -0.465 0.99 0.01
T1D_pwy153_pc5 2 2 0.817 -0.148 0.081 0.656
T1D_pwy17_pc5 2 2 0.092 0.573 0.979 0.14
T1D_pwy203_pc5 2 2 0.09 -0.373 0.98 0.123
T1D_pwy249_pc1 3 3 0.233 -0.755 0.588 0.196
T1D_pwy260_pc4 2 2 0.096 -0.499 0.978 0.097
T1D_pwy27_pc3 2 2 0.067 -0.409 0.989 0.155
T1D_pwy39_pc2 3 3 0.92 -0.041 0.006 0.944
T1D_pwy39_pc5 2 2 0.458 -0.752 0.566 0.46
T1D_pwy84_pc3 2 2 0.426 -0.765 0.614 0.426
T1D_pwy85_pc4 2 2 0.441 0.786 0.592 0.447
T1D_pwy92_pc2 2 2 0.022 0.524 0.999 0.011
T1D_pwy98_pc1 2 2 0.072 -0.459 0.987 0.161
allergy_pwy112_pc2 2 2 0.01 -0.144 1 0.015
allergy_pwy11_pc4 3 3 0.844 -0.046 0.024 0.814
allergy_pwy145_pc1 2 2 0.812 0.067 0.085 0.618
allergy_pwy148_pc1 2 2 0.974 0.005 0.002 0.929
allergy_pwy167_pc4 2 2 0.256 -0.107 0.847 0.448
allergy_pwy172_pc3 3 3 0.595 -0.064 0.164 0.528
allergy_pwy177_pc3 2 2 0.012 0.132 1 0.028
allergy_pwy17_pc1 2 2 0.908 -0.026 0.021 0.745
allergy_pwy193_pc2 2 1 0.816 0.045 0.081 0.67
allergy_pwy206_pc2 2 2 0.032 0.324 0.998 0.1
allergy_pwy219_pc2 4 4 0.871 0.027 0.01 0.846
allergy_pwy250_pc1 2 2 0.085 -0.333 0.982 0.189
allergy_pwy268_pc2 3 3 0.493 -0.094 0.257 0.431
allergy_pwy275_pc2 2 2 0.009 -0.219 1 0.02
allergy_pwy279_pc4 2 2 0.004 -0.199 1 0.013
allergy_pwy280_pc1 2 2 0.094 0.225 0.978 0.147
allergy_pwy290_pc3 2 2 0.021 0.166 0.999 0.032
allergy_pwy320_pc2 2 1 0.783 0.045 0.112 0.666
allergy_pwy321_pc2 2 1 0.834 -0.038 0.066 0.673
allergy_pwy322_pc4 3 2 0.624 0.056 0.141 0.584
allergy_pwy325_pc2 2 1 0.846 -0.036 0.057 0.677
allergy_pwy326_pc3 2 1 0.895 0.027 0.027 0.723
allergy_pwy328_pc3 2 2 0.223 0.165 0.882 0.427
allergy_pwy330_pc3 2 2 0.198 0.179 0.906 0.412
allergy_pwy331_pc4 2 2 0.99 -0.002 0 0.983
allergy_pwy48_pc3 2 2 0.579 -0.105 0.377 0.584
allergy_pwy63_pc1 2 2 0.765 0.1 0.13 0.546
allergy_pwy64_pc4 2 2 0.942 0.028 0.008 0.831
allergy_pwy76_pc1 2 2 0.794 0.04 0.101 0.635
allergy_pwy88_pc2 2 2 0.245 0.223 0.859 0.459
allergy_pwy89_pc2 2 2 0.845 -0.043 0.058 0.665
baso_pwy137_pc2 2 2 0.268 0.208 0.833 0.464
baso_pwy139_pc4 2 2 0.338 -0.113 0.743 0.419
baso_pwy144_pc3 2 2 0.299 0.187 0.795 0.49
baso_pwy147_pc2 3 3 0.007 -0.11 0.986 0.032
baso_pwy187_pc5 2 2 0.925 0.006 0.014 0.788
baso_pwy18_pc2 2 2 0.027 0.071 0.998 0.066
baso_pwy18_pc3 2 2 0.003 0.062 1 0.009
baso_pwy226_pc2 2 2 0.929 -0.011 0.013 0.824
baso_pwy231_pc1 2 2 0.321 0.309 0.766 0.497
baso_pwy245_pc2 2 2 0.988 -0.002 0 0.961
baso_pwy323_pc4 2 2 0.173 -0.092 0.928 0.356
baso_pwy33_pc2 2 2 0.36 0.319 0.714 0.43
baso_pwy42_pc4 2 2 0.139 0.086 0.953 0.312
baso_pwy45_pc5 2 2 0.636 0.097 0.293 0.492
baso_pwy56_pc2 2 2 0.033 -0.094 0.997 0.064
baso_pwy60_pc5 2 2 0.826 0.036 0.073 0.662
baso_pwy83_pc4 2 2 0.075 -0.104 0.986 0.063
baso_pwy84_pc2 2 2 0.033 0.089 0.997 0.114
baso_pwy95_pc3 2 2 0.22 0.108 0.886 0.372
eo_pwy131_pc5 2 2 0.087 -0.055 0.981 0.173
eo_pwy166_pc1 2 2 0.954 -0.008 0.005 0.883
eo_pwy175_pc5 2 2 0.84 -0.029 0.062 0.685
eo_pwy190_pc5 2 2 0.939 -0.006 0.009 0.849
eo_pwy198_pc4 2 2 0.056 -0.069 0.992 0.081
eo_pwy200_pc4 2 2 0.599 0.035 0.347 0.501
eo_pwy206_pc5 3 3 0.832 -0.012 0.028 0.814
eo_pwy208_pc1 2 2 0.039 -0.084 0.996 0.051
eo_pwy208_pc3 2 2 0.01 -0.085 1 0.011
eo_pwy209_pc5 2 2 0.013 0.089 1 0.015
eo_pwy20_pc1 2 2 0.889 0.021 0.03 0.728
eo_pwy231_pc2 2 2 0.878 0.019 0.036 0.772
eo_pwy281_pc4 2 1 0.135 0.142 0.955 0.307
eo_pwy305_pc1 2 2 0.951 0.006 0.006 0.875
eo_pwy332_pc1 2 2 0.717 -0.105 0.185 0.505
eo_pwy4_pc2 2 2 0.873 0.036 0.04 0.687
eo_pwy63_pc4 2 2 0.112 0.099 0.969 0.266
eo_pwy6_pc1 2 2 0.974 -0.008 0.002 0.976
eo_pwy73_pc5 2 2 0.115 0.123 0.968 0.277
eo_pwy8_pc3 2 2 0.651 0.038 0.272 0.558
eo_pwy92_pc5 2 2 0.854 -0.021 0.052 0.649
eo_pwy96_pc2 2 2 0.036 -0.132 0.997 0.088
eo_pwy98_pc5 2 2 0.195 0.138 0.909 0.416
gran_pwy104_pc4 2 2 0.962 -0.003 0.003 0.857
gran_pwy127_pc2 4 4 0.892 -0.007 0.007 0.869
gran_pwy139_pc4 2 2 0.039 -0.034 0.996 0.101
gran_pwy142_pc1 2 2 0.876 0.017 0.037 0.661
gran_pwy148_pc5 2 2 0.069 -0.082 0.988 0.185
gran_pwy166_pc4 3 3 0.691 -0.022 0.096 0.714
gran_pwy179_pc4 2 2 0.4 -0.027 0.654 0.406
gran_pwy18_pc1 2 2 0.944 -0.008 0.008 0.864
gran_pwy215_pc4 2 2 0.101 -0.075 0.975 0.252
gran_pwy219_pc4 3 3 0.018 0.07 0.965 0.092
gran_pwy228_pc3 2 2 0.075 -0.037 0.986 0.245
gran_pwy232_pc4 2 2 0.966 0.004 0.003 0.872
gran_pwy238_pc4 2 1 0.173 -0.105 0.928 0.306
gran_pwy250_pc2 2 2 0.965 0.005 0.003 0.926
gran_pwy266_pc2 2 2 0.154 -0.099 0.943 0.079
gran_pwy270_pc2 2 2 0.964 -0.004 0.003 0.913
gran_pwy278_pc3 2 2 0.05 -0.065 0.994 0.144
gran_pwy299_pc5 3 3 0.676 0.015 0.105 0.676
gran_pwy317_pc1 2 2 0.076 0.121 0.986 0.245
gran_pwy318_pc2 2 2 0.934 -0.007 0.011 0.835
gran_pwy320_pc4 2 1 0.234 -0.17 0.871 0.412
gran_pwy321_pc4 2 0 0.097 0.129 0.977 0.176
gran_pwy321_pc5 3 1 0.244 -0.097 0.571 0.24
gran_pwy323_pc2 2 2 0.957 0.005 0.005 0.871
gran_pwy325_pc4 2 0 0.086 0.105 0.982 0.168
gran_pwy326_pc4 2 0 0.104 0.162 0.973 0.185
gran_pwy329_pc4 2 2 0.976 -0.003 0.001 0.925
gran_pwy36_pc4 2 2 0.993 -0.001 0 0.975
gran_pwy63_pc3 5 5 0.253 -0.054 0.308 0.242
gran_pwy70_pc3 2 2 0.017 -0.112 0.999 0.04
gran_pwy74_pc2 2 2 0.848 -0.027 0.056 0.673
gran_pwy77_pc1 2 2 0.052 0.092 0.993 0.009
gran_pwy80_pc1 2 2 0.688 0.131 0.221 0.522
gran_pwy80_pc3 2 2 0.944 0.007 0.008 0.867
gran_pwy84_pc4 3 3 0.631 -0.027 0.136 0.604
gran_pwy85_pc3 2 2 0.058 -0.073 0.992 0.203
gran_pwy85_pc4 2 2 0.098 0.082 0.976 0.252
gran_pwy87_pc4 2 2 0.027 0.08 0.998 0.053
gran_pwy88_pc1 2 2 0.122 0.133 0.963 0.227
gran_pwy88_pc5 2 2 0.813 0.015 0.084 0.596
gran_pwy95_pc4 2 2 0.1 -0.055 0.976 0.235
gran_pwy99_pc3 2 2 0.143 0.046 0.95 0.256
hct_pwy10_pc2 2 2 0.982 -0.003 0.001 0.941
hct_pwy117_pc1 5 5 0.667 -0.029 0.051 0.659
hct_pwy13_pc1 2 2 0.837 -0.022 0.064 0.638
hct_pwy13_pc2 2 2 0.251 0.069 0.853 0.401
hct_pwy17_pc1 2 2 0.012 -0.097 1 0.045
hct_pwy187_pc1 2 2 0.989 0.001 0 0.951
hct_pwy21_pc4 2 2 0.913 -0.012 0.018 0.746
hct_pwy224_pc2 2 2 0.975 -0.004 0.002 0.91
hct_pwy241_pc1 2 2 0.944 0.014 0.008 0.922
hct_pwy310_pc1 2 2 0.124 0.106 0.962 0.325
hct_pwy49_pc1 3 3 0.596 -0.049 0.163 0.509
hct_pwy63_pc5 2 2 0.023 -0.122 0.999 0.058
hct_pwy85_pc1 2 2 0.03 -0.092 0.998 0.113
hct_pwy88_pc1 2 2 0.761 -0.04 0.135 0.624
hgb_pwy10_pc2 2 2 0.991 0.001 0 0.968
hgb_pwy127_pc5 2 2 0.117 0.066 0.966 0.298
hgb_pwy135_pc2 2 2 0.002 0.067 1 0
hgb_pwy159_pc1 2 2 0.067 -0.11 0.989 0.131
hgb_pwy187_pc1 2 2 0.179 -0.093 0.923 0.275
hgb_pwy1_pc3 3 3 0.608 -0.033 0.154 0.591
hgb_pwy241_pc2 3 3 0.819 0.017 0.033 0.888
hgb_pwy241_pc5 2 2 0.036 0.089 0.997 0.114
hgb_pwy250_pc2 2 2 0.927 -0.017 0.013 0.792
hgb_pwy253_pc3 2 2 0.077 -0.073 0.985 0.078
hgb_pwy30_pc2 3 3 0.539 -0.044 0.213 0.477
hgb_pwy313_pc4 2 1 0.846 -0.02 0.058 0.644
hgb_pwy320_pc3 2 2 0.823 -0.017 0.076 0.696
hgb_pwy328_pc2 2 2 0.909 0.014 0.02 0.717
hgb_pwy331_pc3 2 2 0.863 -0.014 0.046 0.68
hgb_pwy331_pc5 2 1 0.744 -0.029 0.153 0.545
hgb_pwy43_pc5 2 1 0.167 -0.121 0.933 0.384
hgb_pwy6_pc1 2 2 0.034 0.113 0.997 0.027
hgb_pwy70_pc5 2 1 0.56 0.116 0.406 0.523
lymph_pwy102_pc3 2 2 0.88 0.012 0.035 0.676
lymph_pwy10_pc1 2 2 0.018 0.14 0.999 0.035
lymph_pwy111_pc4 2 2 0.891 -0.006 0.029 0.692
lymph_pwy112_pc2 4 4 0.882 0.011 0.009 0.853
lymph_pwy116_pc5 2 2 0.066 -0.048 0.989 0.162
lymph_pwy117_pc1 2 2 0.182 -0.13 0.92 0.42
lymph_pwy118_pc1 2 2 0.051 -0.079 0.994 0.111
lymph_pwy124_pc1 2 2 0.904 0.019 0.023 0.841
lymph_pwy125_pc3 2 2 0.066 -0.043 0.989 0.162
lymph_pwy126_pc3 3 3 0.978 0.001 0 0.982
lymph_pwy127_pc4 2 2 0.817 0.016 0.08 0.651
lymph_pwy128_pc3 2 2 0.869 0.01 0.041 0.654
lymph_pwy135_pc4 2 2 0.15 0.051 0.946 0.333
lymph_pwy136_pc4 2 2 0.892 0.007 0.028 0.695
lymph_pwy139_pc3 2 2 0.843 0.009 0.059 0.638
lymph_pwy140_pc1 3 3 0.003 0.075 0.993 0.014
lymph_pwy143_pc3 2 2 0.082 -0.026 0.983 0.208
lymph_pwy151_pc1 2 2 0.155 0.099 0.942 0.393
lymph_pwy151_pc3 2 2 0.066 0.034 0.989 0.162
lymph_pwy155_pc4 2 2 0.064 0.041 0.99 0.158
lymph_pwy158_pc1 2 2 0.803 -0.021 0.093 0.637
lymph_pwy158_pc4 2 2 0.073 0.061 0.987 0.162
lymph_pwy159_pc4 3 3 0.601 -0.021 0.159 0.553
lymph_pwy159_pc5 2 2 0.063 -0.082 0.99 0.158
lymph_pwy162_pc4 2 2 0.895 0.008 0.027 0.7
lymph_pwy163_pc5 2 2 0.083 -0.089 0.983 0.2
lymph_pwy164_pc4 2 2 0.032 0.065 0.997 0.11
lymph_pwy165_pc3 2 2 0.847 -0.01 0.057 0.641
lymph_pwy167_pc3 2 2 0.789 -0.022 0.106 0.604
lymph_pwy168_pc5 3 3 0.945 0.007 0.003 0.948
lymph_pwy169_pc4 2 2 0.848 0.013 0.056 0.641
lymph_pwy171_pc1 3 3 0.639 -0.032 0.13 0.617
lymph_pwy172_pc2 2 2 0.911 0.009 0.02 0.736
lymph_pwy174_pc1 2 2 0.267 0.108 0.834 0.499
lymph_pwy180_pc4 3 3 0.887 0.005 0.013 0.887
lymph_pwy181_pc2 2 2 0.071 0.093 0.988 0.164
lymph_pwy181_pc3 2 2 0.09 0.039 0.98 0.234
lymph_pwy182_pc5 2 2 0.273 -0.112 0.827 0.456
lymph_pwy186_pc4 2 2 0.092 0.044 0.979 0.239
lymph_pwy18_pc3 2 2 0.96 -0.003 0.004 0.878
lymph_pwy196_pc5 3 3 0.024 0.081 0.952 0.077
lymph_pwy197_pc5 3 3 0.001 0.128 0.997 0.012
lymph_pwy199_pc4 3 3 0.904 0.005 0.009 0.903
lymph_pwy201_pc2 2 2 0.629 0.097 0.303 0.531
lymph_pwy202_pc2 2 2 0.962 0.009 0.004 0.9
lymph_pwy204_pc1 2 2 0.918 -0.012 0.016 0.773
lymph_pwy217_pc2 2 2 0.195 -0.154 0.909 0.431
lymph_pwy217_pc4 2 2 0.856 0.012 0.05 0.644
lymph_pwy219_pc3 2 2 0.091 0.042 0.98 0.235
lymph_pwy21_pc2 2 2 0.948 0.005 0.007 0.832
lymph_pwy220_pc5 2 2 0.089 -0.078 0.981 0.245
lymph_pwy221_pc2 3 3 0.457 -0.068 0.295 0.303
lymph_pwy222_pc2 2 2 0.943 0.012 0.008 0.857
lymph_pwy222_pc5 2 2 0.791 0.046 0.104 0.546
lymph_pwy223_pc5 2 2 0.092 0.045 0.979 0.239
lymph_pwy233_pc4 2 2 0.794 0.016 0.101 0.634
lymph_pwy235_pc3 2 2 0.322 -0.128 0.765 0.458
lymph_pwy237_pc2 2 2 0.015 0.17 0.999 0.049
lymph_pwy247_pc3 2 2 0.796 0.03 0.099 0.601
lymph_pwy248_pc3 2 2 0.794 -0.025 0.101 0.601
lymph_pwy249_pc3 2 2 0.866 -0.015 0.044 0.707
lymph_pwy24_pc1 3 3 0.518 -0.074 0.232 0.457
lymph_pwy250_pc2 2 2 0.829 0.029 0.07 0.665
lymph_pwy256_pc3 2 2 0.056 -0.05 0.992 0.101
lymph_pwy258_pc5 2 2 0.086 0.036 0.982 0.22
lymph_pwy260_pc1 2 2 0.103 0.095 0.974 0.225
lymph_pwy262_pc2 3 3 0.729 0.026 0.073 0.778
lymph_pwy263_pc2 2 2 0.047 -0.071 0.995 0.123
lymph_pwy266_pc4 2 2 0.804 -0.023 0.092 0.617
lymph_pwy269_pc5 2 2 0.088 0.061 0.981 0.231
lymph_pwy270_pc4 2 2 0.048 0.029 0.994 0.101
lymph_pwy271_pc4 2 2 0.071 -0.028 0.988 0.18
lymph_pwy272_pc2 2 2 0.058 -0.08 0.992 0.157
lymph_pwy277_pc2 2 2 0.151 -0.106 0.945 0.284
lymph_pwy278_pc5 2 2 0.16 0.063 0.938 0.288
lymph_pwy279_pc1 2 2 0.257 0.16 0.846 0.441
lymph_pwy282_pc1 3 3 0.658 0.041 0.117 0.589
lymph_pwy286_pc4 2 2 0.098 -0.029 0.976 0.258
lymph_pwy288_pc4 2 2 0.85 -0.009 0.054 0.643
lymph_pwy289_pc4 2 2 0.019 0.027 0.999 0.034
lymph_pwy290_pc4 2 2 0.11 -0.028 0.971 0.293
lymph_pwy291_pc4 3 3 0.004 -0.039 0.993 0.014
lymph_pwy291_pc5 2 2 0.95 0.002 0.006 0.876
lymph_pwy292_pc4 2 2 0.064 0.029 0.99 0.158
lymph_pwy294_pc1 2 2 0.001 -0.06 1 0.004
lymph_pwy294_pc4 3 3 0.976 0.001 0.001 0.985
lymph_pwy295_pc4 2 2 0.875 -0.01 0.038 0.668
lymph_pwy296_pc4 2 2 0.059 -0.029 0.991 0.145
lymph_pwy298_pc3 2 2 0.061 -0.033 0.991 0.15
lymph_pwy299_pc1 2 2 0.007 0.14 1 0.017
lymph_pwy300_pc4 2 2 0.713 -0.03 0.19 0.597
lymph_pwy304_pc1 2 2 0.176 0.102 0.926 0.417
lymph_pwy309_pc2 2 2 0.048 -0.048 0.994 0.101
lymph_pwy310_pc3 2 2 0.064 0.039 0.99 0.158
lymph_pwy314_pc2 2 2 0.044 0.172 0.995 0.143
lymph_pwy314_pc4 2 2 0.118 0.055 0.966 0.219
lymph_pwy319_pc1 2 1 0.36 0.153 0.713 0.446
lymph_pwy321_pc5 3 2 0.566 -0.049 0.189 0.457
lymph_pwy324_pc1 2 2 0.227 0.131 0.878 0.466
lymph_pwy324_pc2 2 2 0.311 0.11 0.779 0.45
lymph_pwy325_pc3 2 2 0.844 -0.033 0.059 0.684
lymph_pwy328_pc3 2 2 0.892 -0.011 0.029 0.755
lymph_pwy330_pc3 2 2 0.9 -0.011 0.024 0.768
lymph_pwy332_pc1 2 2 0.075 0.155 0.986 0.197
lymph_pwy34_pc3 2 2 0.569 0.089 0.393 0.493
lymph_pwy35_pc2 2 2 0.894 -0.019 0.027 0.789
lymph_pwy41_pc1 2 2 0.129 -0.11 0.96 0.351
lymph_pwy41_pc4 2 2 0.072 -0.079 0.987 0.111
lymph_pwy44_pc1 2 2 0.747 -0.044 0.15 0.512
lymph_pwy57_pc3 2 2 0.099 -0.091 0.976 0.236
lymph_pwy6_pc2 2 2 0.892 -0.011 0.028 0.687
lymph_pwy74_pc2 2 2 0.041 -0.067 0.996 0.114
lymph_pwy78_pc1 2 2 0.086 0.095 0.982 0.175
lymph_pwy7_pc3 2 2 0.843 0.023 0.059 0.663
lymph_pwy86_pc1 2 2 0.036 0.128 0.997 0.024
lymph_pwy88_pc3 2 2 0.85 0.011 0.054 0.643
lymph_pwy95_pc4 2 2 0.882 -0.011 0.034 0.719
mch_pwy110_pc3 2 2 0.935 -0.01 0.011 0.911
mch_pwy112_pc2 2 2 0.174 -0.081 0.927 0.214
mch_pwy112_pc5 2 2 0.566 0.071 0.396 0.517
mch_pwy115_pc3 2 2 0.76 -0.037 0.135 0.627
mch_pwy14_pc3 3 3 0.632 0.028 0.136 0.621
mch_pwy156_pc2 2 2 0.791 0.027 0.104 0.741
mch_pwy166_pc2 2 2 0.161 0.072 0.937 0.306
mch_pwy167_pc4 2 2 0.976 -0.005 0.001 0.945
mch_pwy168_pc2 2 2 0.769 -0.078 0.126 0.614
mch_pwy172_pc3 2 2 0.401 0.078 0.653 0.455
mch_pwy173_pc1 2 2 0.982 -0.004 0.001 0.987
mch_pwy174_pc2 2 2 0.912 -0.02 0.019 0.817
mch_pwy182_pc3 3 3 0.396 -0.043 0.364 0.332
mch_pwy184_pc3 2 2 0.465 -0.046 0.554 0.447
mch_pwy186_pc5 3 3 0.995 0 0 0.992
mch_pwy193_pc5 2 2 0.574 0.097 0.385 0.516
mch_pwy214_pc5 3 3 0.5 0.041 0.25 0.502
mch_pwy217_pc1 2 2 0.109 -0.071 0.971 0.147
mch_pwy225_pc2 2 2 0.148 0.131 0.947 0.178
mch_pwy229_pc1 2 2 0.792 -0.05 0.103 0.651
mch_pwy246_pc3 2 2 0.821 0.028 0.077 0.696
mch_pwy282_pc5 2 2 0.763 -0.028 0.133 0.627
mch_pwy321_pc4 2 1 0.029 -0.174 0.998 0.036
mch_pwy322_pc4 2 2 0.095 -0.053 0.978 0.194
mch_pwy331_pc4 3 3 0.112 -0.087 0.788 0.197
mch_pwy47_pc3 3 3 0.795 0.019 0.042 0.795
mch_pwy4_pc1 2 2 0.091 -0.126 0.98 0.204
mch_pwy50_pc3 2 2 0.553 0.056 0.418 0.536
mch_pwy60_pc3 2 2 0.223 0.117 0.882 0.38
mch_pwy63_pc5 2 2 0.234 0.139 0.871 0.365
mch_pwy66_pc1 2 2 0.928 0.014 0.013 0.862
mch_pwy6_pc3 2 2 0.762 -0.054 0.134 0.627
mch_pwy78_pc4 2 2 0.268 0.077 0.833 0.357
mch_pwy80_pc3 3 3 0.267 -0.081 0.537 0.247
mch_pwy82_pc4 2 2 0.851 -0.041 0.054 0.809
mch_pwy90_pc4 2 2 0.618 0.054 0.319 0.559
mch_pwy95_pc3 2 2 0.174 0.066 0.927 0.267
mchc_pwy12_pc2 2 2 0.985 -0.002 0.001 0.959
mchc_pwy142_pc5 3 3 0.082 0.081 0.843 0.183
mchc_pwy167_pc4 3 3 0.497 0.03 0.253 0.495
mchc_pwy172_pc3 2 2 0.002 0.065 1 0.005
mchc_pwy181_pc1 2 2 0.911 0.014 0.019 0.771
mchc_pwy182_pc3 2 2 0.786 0.02 0.109 0.712
mchc_pwy186_pc5 2 2 0.023 0.052 0.999 0.026
mchc_pwy236_pc2 2 2 0 -0.113 1 0.001
mchc_pwy247_pc4 2 2 0.001 -0.094 1 0.003
mchc_pwy24_pc2 2 2 0.837 -0.017 0.064 0.639
mchc_pwy256_pc5 2 2 0.219 0.039 0.886 0.373
mchc_pwy263_pc5 2 2 0.495 0.054 0.508 0.483
mchc_pwy283_pc1 3 3 0.048 -0.199 0.906 0.163
mchc_pwy28_pc2 4 4 0.211 -0.101 0.456 0.171
mchc_pwy297_pc5 2 2 0.058 0.088 0.992 0.082
mchc_pwy30_pc3 2 2 0.163 -0.123 0.936 0.293
mchc_pwy331_pc4 2 2 0.012 -0.075 1 0.02
mchc_pwy41_pc3 2 2 0.107 -0.054 0.972 0.233
mchc_pwy44_pc3 2 2 0.123 0.067 0.963 0.265
mchc_pwy46_pc3 2 2 0.87 0.018 0.041 0.701
mchc_pwy50_pc3 2 2 0.063 -0.081 0.99 0.099
mchc_pwy82_pc4 2 2 0.003 0.112 1 0.002
mchc_pwy90_pc4 2 2 0.092 -0.081 0.979 0.164
mcv_pwy12_pc5 2 2 0.324 -0.098 0.763 0.476
mcv_pwy138_pc1 3 3 0.516 -0.066 0.234 0.528
mcv_pwy167_pc4 2 2 0.978 0.004 0.001 0.938
mcv_pwy173_pc1 2 2 0.879 -0.023 0.036 0.842
mcv_pwy184_pc3 2 2 0.015 0.078 0.999 0.017
mcv_pwy22_pc4 2 2 0.842 -0.026 0.06 0.694
mcv_pwy250_pc3 2 2 0.76 -0.05 0.135 0.63
mcv_pwy258_pc4 2 2 0.097 -0.092 0.977 0.208
mcv_pwy263_pc2 2 2 0.367 0.072 0.703 0.292
mcv_pwy50_pc3 2 2 0.476 0.102 0.537 0.51
mcv_pwy58_pc4 2 2 0.721 -0.026 0.18 0.58
mcv_pwy66_pc1 2 2 0.962 -0.008 0.004 0.926
mcv_pwy78_pc4 2 2 0.232 0.077 0.873 0.339
mcv_pwy79_pc1 2 2 0.718 -0.08 0.183 0.549
mcv_pwy90_pc4 2 2 0.212 0.141 0.893 0.349
mcv_pwy95_pc3 2 2 0.171 0.066 0.929 0.274
mcv_pwy97_pc1 2 2 0.84 0.023 0.062 0.692
mono_pwy101_pc1 2 2 0.63 -0.039 0.301 0.568
mono_pwy12_pc5 2 2 0.984 0.002 0.001 0.97
mono_pwy133_pc3 2 2 0.976 0.003 0.001 0.956
mono_pwy136_pc5 2 2 0.055 -0.059 0.993 0.079
mono_pwy13_pc4 2 2 0.083 -0.086 0.983 0.164
mono_pwy147_pc5 2 2 0.002 -0.098 1 0.003
mono_pwy159_pc3 2 2 0.103 0.057 0.974 0.167
mono_pwy193_pc4 2 2 0.979 0.003 0.001 0.949
mono_pwy221_pc5 2 2 0.675 -0.096 0.239 0.518
mono_pwy231_pc2 3 3 0.524 0.048 0.227 0.436
mono_pwy241_pc4 2 2 0.204 -0.069 0.901 0.36
mono_pwy295_pc1 2 2 0.879 -0.035 0.035 0.81
mono_pwy43_pc3 2 2 0.717 0.025 0.186 0.642
mono_pwy45_pc5 2 2 0.218 -0.163 0.888 0.335
mono_pwy48_pc1 2 2 0.924 0.029 0.014 0.888
mono_pwy54_pc5 2 2 0.001 -0.069 1 0.004
mono_pwy56_pc1 2 2 0.886 0.023 0.032 0.79
mono_pwy62_pc5 3 3 0.049 0.147 0.905 0.104
mono_pwy73_pc1 2 2 0.959 -0.01 0.004 0.912
mono_pwy7_pc5 2 2 0.736 -0.031 0.162 0.603
mono_pwy87_pc2 2 2 0.95 0.005 0.006 0.891
mono_pwy8_pc3 2 2 0.899 -0.016 0.025 0.816
mpv_pwy106_pc2 2 2 0.016 -0.081 0.999 0.04
mpv_pwy166_pc3 2 2 0.008 -0.058 1 0.011
mpv_pwy209_pc3 2 2 0.061 0.121 0.991 0.092
mpv_pwy241_pc2 2 2 0.645 -0.109 0.28 0.558
mpv_pwy317_pc4 2 2 0.914 -0.016 0.018 0.839
mpv_pwy42_pc2 2 2 0.807 0.021 0.089 0.721
mpv_pwy5_pc3 3 3 0.378 -0.063 0.387 0.304
myeloid_wbc_pwy104_pc4 2 2 0.971 0.003 0.002 0.912
myeloid_wbc_pwy105_pc3 2 2 0.068 -0.075 0.988 0.206
myeloid_wbc_pwy10_pc3 2 2 0.993 0.001 0 0.987
myeloid_wbc_pwy117_pc1 2 2 0.045 -0.111 0.995 0.137
myeloid_wbc_pwy127_pc2 3 3 0.942 0.005 0.003 0.972
myeloid_wbc_pwy12_pc5 2 2 0.987 0.001 0 0.955
myeloid_wbc_pwy148_pc5 2 2 0.116 -0.082 0.967 0.282
myeloid_wbc_pwy164_pc3 2 2 0.058 0.096 0.992 0.177
myeloid_wbc_pwy166_pc4 3 3 0.69 -0.022 0.096 0.688
myeloid_wbc_pwy174_pc2 3 2 0.103 0.128 0.804 0.248
myeloid_wbc_pwy179_pc4 2 2 0.393 -0.028 0.665 0.373
myeloid_wbc_pwy18_pc1 2 2 0.927 -0.009 0.013 0.82
myeloid_wbc_pwy191_pc1 2 2 0.886 0.011 0.032 0.705
myeloid_wbc_pwy1_pc4 2 2 0.964 0.003 0.003 0.9
myeloid_wbc_pwy211_pc5 2 2 0.025 0.052 0.999 0.07
myeloid_wbc_pwy220_pc3 2 2 0.093 0.102 0.979 0.268
myeloid_wbc_pwy238_pc4 2 1 0.175 -0.105 0.926 0.335
myeloid_wbc_pwy250_pc2 2 2 0.991 0.001 0 0.981
myeloid_wbc_pwy270_pc2 2 2 0.987 0.001 0 0.965
myeloid_wbc_pwy272_pc1 2 2 0.099 -0.08 0.976 0.259
myeloid_wbc_pwy278_pc3 2 2 0.075 -0.063 0.986 0.189
myeloid_wbc_pwy299_pc5 3 3 0.639 0.016 0.131 0.604
myeloid_wbc_pwy2_pc2 2 2 0.053 -0.087 0.993 0.157
myeloid_wbc_pwy318_pc2 2 2 0.986 -0.001 0 0.962
myeloid_wbc_pwy320_pc4 2 1 0.251 -0.167 0.852 0.436
myeloid_wbc_pwy321_pc4 3 1 0.455 0.068 0.297 0.312
myeloid_wbc_pwy321_pc5 3 1 0.237 -0.098 0.582 0.266
myeloid_wbc_pwy323_pc2 2 2 0.931 0.007 0.012 0.816
myeloid_wbc_pwy325_pc4 3 1 0.378 0.067 0.387 0.287
myeloid_wbc_pwy326_pc4 3 1 0.047 0.142 0.908 0.154
myeloid_wbc_pwy329_pc4 2 2 0.884 -0.015 0.033 0.72
myeloid_wbc_pwy33_pc2 2 2 0.742 -0.024 0.155 0.64
myeloid_wbc_pwy42_pc2 2 2 0.104 0.083 0.974 0.286
myeloid_wbc_pwy57_pc4 2 2 0.939 -0.008 0.009 0.83
myeloid_wbc_pwy60_pc3 2 2 0.788 -0.038 0.107 0.54
myeloid_wbc_pwy63_pc3 2 2 0.911 0.015 0.019 0.778
myeloid_wbc_pwy70_pc3 2 2 0.031 -0.123 0.998 0.071
myeloid_wbc_pwy80_pc1 2 2 0.711 0.12 0.193 0.515
myeloid_wbc_pwy83_pc3 2 2 0.094 0.065 0.978 0.226
myeloid_wbc_pwy84_pc4 2 2 0.053 -0.081 0.993 0.142
myeloid_wbc_pwy85_pc4 2 2 0.088 0.08 0.981 0.237
myeloid_wbc_pwy88_pc1 2 2 0.191 0.15 0.913 0.356
myeloid_wbc_pwy88_pc5 2 2 0.844 0.014 0.059 0.636
myeloid_wbc_pwy95_pc4 2 2 0.145 -0.055 0.949 0.326
myeloid_wbc_pwy97_pc2 2 2 0.129 0.099 0.959 0.305
neut_pwy104_pc4 2 2 0.927 -0.007 0.013 0.798
neut_pwy110_pc2 2 2 0.07 0.095 0.988 0.193
neut_pwy127_pc2 5 5 0.874 -0.007 0.007 0.859
neut_pwy12_pc5 2 2 0.95 0.004 0.006 0.831
neut_pwy139_pc4 2 2 0.02 -0.035 0.999 0.065
neut_pwy156_pc2 3 3 0.491 -0.041 0.259 0.365
neut_pwy166_pc4 2 2 0.962 0.004 0.004 0.875
neut_pwy18_pc1 2 2 0.943 -0.008 0.008 0.826
neut_pwy191_pc1 2 2 0.918 0.009 0.016 0.772
neut_pwy216_pc4 3 3 0.674 0.02 0.106 0.689
neut_pwy219_pc4 3 3 0.013 0.07 0.974 0.063
neut_pwy228_pc3 2 2 0.07 -0.037 0.988 0.201
neut_pwy232_pc4 3 3 0.655 0.025 0.119 0.628
neut_pwy238_pc4 2 1 0.168 -0.1 0.932 0.303
neut_pwy250_pc2 2 2 0.962 0.006 0.004 0.885
neut_pwy253_pc5 2 2 0.019 0.067 0.999 0.039
neut_pwy270_pc2 2 2 0.958 -0.005 0.004 0.906
neut_pwy274_pc4 3 3 0.604 0.013 0.157 0.531
neut_pwy278_pc3 2 2 0.011 -0.063 1 0.028
neut_pwy299_pc5 3 3 0.701 0.014 0.089 0.708
neut_pwy318_pc2 2 2 0.939 -0.007 0.009 0.811
neut_pwy320_pc4 2 1 0.214 -0.166 0.891 0.42
neut_pwy320_pc5 2 1 0.114 -0.095 0.968 0.238
neut_pwy321_pc4 2 0 0.09 0.122 0.98 0.169
neut_pwy321_pc5 2 0 0.015 -0.127 0.999 0.055
neut_pwy323_pc2 2 2 0.96 0.004 0.004 0.885
neut_pwy325_pc4 2 0 0.079 0.099 0.985 0.155
neut_pwy326_pc4 3 1 0.042 0.134 0.918 0.13
neut_pwy329_pc4 2 2 0.992 -0.001 0 0.972
neut_pwy33_pc2 2 2 0.745 -0.026 0.152 0.65
neut_pwy63_pc3 5 5 0.247 -0.054 0.314 0.264
neut_pwy74_pc2 2 2 0.844 -0.028 0.059 0.64
neut_pwy80_pc1 4 4 0.21 0.14 0.458 0.162
neut_pwy83_pc3 2 2 0.113 0.065 0.969 0.257
neut_pwy84_pc4 3 3 0.627 -0.028 0.139 0.571
neut_pwy87_pc4 2 2 0.005 0.076 1 0.015
neut_pwy88_pc1 2 2 0.131 0.139 0.958 0.274
neut_pwy88_pc5 2 2 0.799 0.017 0.097 0.604
neut_pwy99_pc3 2 2 0.125 0.048 0.962 0.248
pct_pwy100_pc4 2 2 0.11 -0.068 0.971 0.253
pct_pwy116_pc2 2 2 0.093 0.104 0.979 0.148
pct_pwy143_pc5 2 2 0.459 -0.055 0.565 0.473
pct_pwy150_pc2 2 2 0.006 0.059 1 0.018
pct_pwy164_pc3 3 3 0.592 0.059 0.166 0.575
pct_pwy218_pc5 2 2 0.815 0.021 0.082 0.656
pct_pwy241_pc2 2 2 0.911 0.017 0.02 0.817
pct_pwy254_pc1 2 2 0.893 0.02 0.028 0.742
pct_pwy326_pc3 2 2 0.106 0.066 0.972 0.257
pct_pwy40_pc4 2 2 0.62 0.175 0.316 0.501
pct_pwy50_pc1 2 2 0.097 -0.127 0.977 0.217
pct_pwy50_pc3 2 2 0.559 0.043 0.408 0.521
pct_pwy60_pc3 2 2 0.04 -0.131 0.996 0.089
pdw_pwy115_pc2 2 2 0.753 0.034 0.143 0.655
pdw_pwy121_pc1 2 2 0.201 -0.221 0.903 0.312
pdw_pwy123_pc5 2 2 0.889 -0.009 0.03 0.778
pdw_pwy128_pc2 2 2 0.374 0.26 0.693 0.515
pdw_pwy140_pc5 2 2 0.969 0.004 0.002 0.914
pdw_pwy146_pc4 2 2 0.173 -0.12 0.928 0.205
pdw_pwy152_pc5 2 2 0.132 -0.14 0.958 0.288
pdw_pwy157_pc4 2 2 0.799 -0.042 0.096 0.626
pdw_pwy158_pc5 3 3 0.488 0.049 0.262 0.382
pdw_pwy159_pc5 2 2 0.062 0.06 0.991 0.105
pdw_pwy207_pc3 2 2 0.451 0.139 0.576 0.449
pdw_pwy215_pc3 2 2 0.108 0.121 0.971 0.236
pdw_pwy245_pc1 2 2 0.598 -0.178 0.349 0.535
pdw_pwy24_pc2 4 3 0.261 -0.045 0.389 0.186
pdw_pwy251_pc1 2 2 0.838 -0.028 0.063 0.694
pdw_pwy261_pc2 2 2 0.857 -0.037 0.05 0.749
pdw_pwy262_pc2 3 3 0.719 -0.025 0.079 0.741
pdw_pwy26_pc3 2 1 0.806 0.021 0.09 0.658
pdw_pwy282_pc2 3 3 0.693 -0.037 0.095 0.683
pdw_pwy286_pc1 2 2 0.024 0.071 0.999 0.058
pdw_pwy290_pc5 3 3 0.071 0.074 0.864 0.175
pdw_pwy302_pc5 3 3 0.53 -0.03 0.221 0.443
pdw_pwy325_pc5 2 2 0.3 0.136 0.793 0.482
pdw_pwy43_pc5 2 2 0.768 -0.036 0.127 0.623
pdw_pwy60_pc1 2 2 0.009 -0.099 1 0.017
pdw_pwy63_pc1 2 2 0.791 0.06 0.104 0.584
pdw_pwy65_pc3 2 2 0.253 0.141 0.851 0.449
pdw_pwy68_pc2 3 3 0.522 0.042 0.229 0.468
pdw_pwy74_pc3 4 4 0.743 -0.02 0.041 0.736
pdw_pwy96_pc4 2 2 0.618 0.044 0.318 0.561
plt_pwy143_pc5 2 2 0.409 -0.085 0.64 0.453
plt_pwy150_pc2 2 2 0.039 0.057 0.996 0.106
plt_pwy151_pc1 3 3 0.609 0.037 0.153 0.581
plt_pwy175_pc5 2 2 0.985 0.002 0.001 0.962
plt_pwy181_pc5 2 2 0.795 -0.014 0.1 0.658
plt_pwy218_pc5 2 2 0.885 0.011 0.032 0.771
plt_pwy245_pc1 2 2 0.758 0.072 0.137 0.6
plt_pwy261_pc2 2 2 0.923 0.017 0.014 0.842
plt_pwy330_pc2 2 2 0.009 0.09 1 0.016
plt_pwy330_pc4 2 2 0.977 0.003 0.001 0.947
plt_pwy42_pc2 2 2 0.361 0.234 0.712 0.476
plt_pwy55_pc1 2 2 0.738 0.082 0.16 0.589
plt_pwy60_pc3 2 2 0.013 -0.138 1 0.031
rbc_pwy100_pc3 2 2 0.927 -0.007 0.013 0.798
rbc_pwy105_pc3 2 2 0.504 0.093 0.493 0.51
rbc_pwy12_pc5 2 2 0.11 0.123 0.97 0.251
rbc_pwy140_pc1 2 2 0.005 0.061 1 0.012
rbc_pwy172_pc3 2 2 0.218 -0.082 0.887 0.418
rbc_pwy174_pc2 2 2 0.727 0.051 0.173 0.552
rbc_pwy228_pc1 2 2 0.009 -0.081 1 0.021
rbc_pwy229_pc1 2 2 0.057 0.117 0.992 0.103
rbc_pwy246_pc3 2 2 0.928 -0.007 0.013 0.831
rbc_pwy248_pc3 2 2 0.21 0.089 0.895 0.386
rbc_pwy253_pc5 2 2 0.681 -0.026 0.231 0.621
rbc_pwy28_pc2 2 2 0.078 0.119 0.985 0.198
rbc_pwy310_pc1 2 2 0.984 0.003 0.001 0.956
rbc_pwy32_pc1 2 2 0.132 -0.143 0.957 0.271
rbc_pwy45_pc5 2 2 0.791 0.027 0.104 0.658
rbc_pwy95_pc3 3 3 0.057 -0.051 0.89 0.104
rdw_pwy118_pc1 2 2 0.158 0.083 0.94 0.273
rdw_pwy118_pc5 2 2 0.006 -0.038 1 0.009
rdw_pwy177_pc2 2 2 0.974 0.003 0.002 0.95
rdw_pwy186_pc4 2 2 0.063 -0.047 0.99 0.075
rdw_pwy215_pc2 4 4 0.466 -0.067 0.188 0.467
rdw_pwy225_pc5 2 2 0.034 0.084 0.997 0.07
rdw_pwy250_pc3 2 2 0.097 0.076 0.977 0.194
rdw_pwy253_pc3 3 3 0.005 -0.102 0.99 0.012
rdw_pwy261_pc1 2 2 0.137 0.125 0.955 0.266
rdw_pwy325_pc4 2 2 0.888 0.018 0.031 0.765
rdw_pwy46_pc3 2 2 0.847 -0.019 0.056 0.703
rdw_pwy4_pc2 3 3 0.005 -0.096 0.99 0.011
rdw_pwy77_pc2 2 2 0.081 -0.081 0.984 0.149
rdw_pwy7_pc4 2 2 0.834 0.024 0.067 0.695
ret_pwy112_pc5 3 3 0.389 0.039 0.374 0.411
ret_pwy143_pc4 2 2 0.433 -0.044 0.605 0.476
ret_pwy153_pc1 2 2 0.1 0.145 0.975 0.225
ret_pwy174_pc2 2 2 0.979 0.003 0.001 0.962
ret_pwy202_pc4 2 2 0.273 -0.113 0.827 0.439
ret_pwy205_pc1 3 3 0.389 0.167 0.373 0.298
ret_pwy231_pc4 2 2 0.406 -0.074 0.645 0.423
ret_pwy263_pc2 3 3 0.006 0.098 0.988 0.008
ret_pwy265_pc4 2 2 0.42 -0.051 0.624 0.455
ret_pwy320_pc5 2 2 0.875 0.014 0.038 0.791
ret_pwy327_pc3 2 2 0.152 0.157 0.944 0.24
ret_pwy50_pc1 2 2 0.051 0.102 0.994 0.114
ukb.allasthma_pwy118_pc4 2 2 0.969 0.005 0.002 0.96
ukb.allasthma_pwy151_pc1 2 2 0.165 -0.244 0.934 0.335
ukb.allasthma_pwy155_pc1 2 2 0.005 -0.209 1 0.008
ukb.allasthma_pwy176_pc3 2 2 0.865 0.022 0.044 0.713
ukb.allasthma_pwy202_pc5 2 2 0.888 -0.024 0.031 0.768
ukb.allasthma_pwy226_pc5 2 2 0.583 0.123 0.371 0.559
ukb.allasthma_pwy237_pc2 2 2 0.711 -0.145 0.193 0.57
ukb.allasthma_pwy260_pc4 3 3 0.409 0.097 0.349 0.277
ukb.allasthma_pwy276_pc3 3 3 0.786 -0.024 0.046 0.788
ukb.allasthma_pwy282_pc2 4 4 0.241 0.126 0.415 0.17
ukb.allasthma_pwy288_pc2 2 2 0.896 0.022 0.027 0.778
ukb.allasthma_pwy306_pc5 3 3 0.009 0.126 0.982 0.031
ukb.allasthma_pwy327_pc5 2 2 0.087 -0.136 0.981 0.225
ukb.allasthma_pwy52_pc1 2 2 0.551 0.148 0.42 0.543
ukb.allasthma_pwy54_pc2 2 2 0.761 -0.11 0.135 0.59
ukb.allasthma_pwy76_pc1 2 2 0.14 0.183 0.952 0.305
wbc_pwy10_pc3 2 2 0.058 0.071 0.992 0.167
wbc_pwy119_pc3 2 2 0.855 -0.024 0.051 0.628
wbc_pwy12_pc3 2 2 0.242 0.144 0.862 0.476
wbc_pwy151_pc1 2 2 0.902 0.015 0.024 0.709
wbc_pwy155_pc5 2 2 0.031 0.054 0.998 0.086
wbc_pwy15_pc5 2 2 0.808 0.019 0.088 0.631
wbc_pwy198_pc5 2 2 0.924 -0.008 0.014 0.761
wbc_pwy1_pc4 2 2 0.104 0.063 0.974 0.304
wbc_pwy241_pc4 2 2 0.079 -0.06 0.985 0.244
wbc_pwy265_pc2 2 2 0.066 -0.078 0.989 0.106
wbc_pwy30_pc2 2 2 0.01 -0.093 1 0.018
wbc_pwy321_pc4 3 1 0.381 0.094 0.383 0.264
wbc_pwy321_pc5 3 1 0.183 -0.13 0.667 0.239
wbc_pwy325_pc4 3 1 0.31 0.09 0.477 0.247
wbc_pwy33_pc3 2 2 0.118 0.072 0.966 0.26
wbc_pwy42_pc2 2 2 0.15 0.083 0.946 0.326
wbc_pwy4_pc4 2 2 0.963 -0.005 0.003 0.888
wbc_pwy63_pc3 3 3 0.877 -0.011 0.015 0.919
wbc_pwy71_pc1 2 2 0.018 0.094 0.999 0.053
wbc_pwy83_pc3 2 2 0.08 0.061 0.984 0.205
wbc_pwy84_pc4 3 3 0.558 -0.035 0.195 0.449
wbc_pwy87_pc4 2 2 0.035 0.076 0.997 0.078
wbc_pwy88_pc1 2 2 0.133 0.135 0.957 0.24
wbc_pwy88_pc5 2 2 0.881 0.011 0.035 0.719
wbc_pwy9_pc4 2 2 0.837 0.017 0.064 0.643
