factor num_snp_fdr<0.2 num_snp_noMHC pval_in_fitting slope_in_fitting rsq_in_fitting pval_in_resampling
EUR.CD_pwy1030_pc2 2 2 0.927 0.073 0.013 0.96
EUR.CD_pwy1048_pc5 2 2 0.107 0.668 0.972 0.296
EUR.CD_pwy1076_pc1 2 2 0.004 0.584 1 0
EUR.CD_pwy107_pc3 2 1 0.052 -0.591 0.993 0.216
EUR.CD_pwy108_pc1 2 2 0.273 0.963 0.827 0.408
EUR.CD_pwy1150_pc1 2 2 0.017 0.481 0.999 0.034
EUR.CD_pwy1161_pc5 2 2 0.064 0.586 0.99 0.076
EUR.CD_pwy1180_pc3 2 2 0.027 -0.52 0.998 0.047
EUR.CD_pwy125_pc2 2 2 0.975 -0.042 0.002 0.885
EUR.CD_pwy13_pc1 2 2 0.359 0.708 0.715 0.547
EUR.CD_pwy141_pc5 2 2 0.383 -2.328 0.68 0.458
EUR.CD_pwy143_pc5 2 2 0.383 -2.328 0.68 0.458
EUR.CD_pwy144_pc5 2 2 0.383 -2.328 0.68 0.458
EUR.CD_pwy174_pc4 2 2 0.806 -0.12 0.09 0.663
EUR.CD_pwy198_pc4 2 2 0.033 0.558 0.997 0.092
EUR.CD_pwy232_pc1 2 2 0.019 -0.391 0.999 0.038
EUR.CD_pwy243_pc4 2 2 0.921 -0.069 0.015 0.684
EUR.CD_pwy272_pc2 2 2 0.96 -0.045 0.004 0.883
EUR.CD_pwy278_pc3 2 2 0.05 0.448 0.994 0.144
EUR.CD_pwy287_pc1 2 2 0.09 -0.542 0.98 0.207
EUR.CD_pwy296_pc1 2 2 0.098 -0.234 0.976 0.245
EUR.CD_pwy303_pc3 2 2 0.013 -0.47 1 0.005
EUR.CD_pwy307_pc1 2 2 0.863 0.116 0.046 0.663
EUR.CD_pwy307_pc2 2 2 0.937 -0.053 0.01 0.745
EUR.CD_pwy325_pc2 2 2 0.798 0.162 0.097 0.557
EUR.CD_pwy355_pc1 2 2 0.032 -0.529 0.997 0.09
EUR.CD_pwy355_pc5 2 2 0.842 0.105 0.06 0.564
EUR.CD_pwy385_pc3 2 2 0.011 -0.377 1 0.026
EUR.CD_pwy407_pc3 2 2 0.85 0.125 0.055 0.67
EUR.CD_pwy425_pc3 2 2 0.847 0.107 0.057 0.662
EUR.CD_pwy43_pc1 2 2 0.101 -0.23 0.975 0.245
EUR.CD_pwy44_pc5 2 2 0.385 -0.47 0.677 0.548
EUR.CD_pwy479_pc5 2 2 0.958 -0.035 0.004 0.847
EUR.CD_pwy511_pc4 2 2 0.023 -0.277 0.999 0.02
EUR.CD_pwy522_pc4 2 2 0.057 0.225 0.992 0.038
EUR.CD_pwy525_pc1 2 2 0.016 -0.334 0.999 0.011
EUR.CD_pwy549_pc4 2 2 0.032 -0.351 0.997 0.025
EUR.CD_pwy559_pc1 2 2 0.865 -0.273 0.044 0.685
EUR.CD_pwy560_pc1 2 1 0.977 0.03 0.001 0.911
EUR.CD_pwy596_pc4 4 3 0.395 0.285 0.246 0.387
EUR.CD_pwy598_pc4 2 2 0.952 -0.046 0.006 0.832
EUR.CD_pwy62_pc3 2 2 0.06 0.646 0.991 0.151
EUR.CD_pwy637_pc5 3 3 0.75 0.133 0.063 0.753
EUR.CD_pwy678_pc2 2 2 0.863 -0.116 0.045 0.664
EUR.CD_pwy678_pc3 3 3 0.603 0.209 0.158 0.502
EUR.CD_pwy71_pc2 2 2 0.007 0.772 1 0.012
EUR.CD_pwy723_pc1 2 2 0.04 -0.277 0.996 0.144
EUR.CD_pwy723_pc3 2 2 0.05 0.233 0.994 0.038
EUR.CD_pwy785_pc1 2 2 0.045 0.574 0.995 0.086
EUR.CD_pwy785_pc5 2 2 0.01 -0.516 1 0.004
EUR.CD_pwy804_pc2 2 1 0.913 0.081 0.019 0.76
EUR.CD_pwy859_pc4 2 2 0.135 0.389 0.956 0.293
EUR.CD_pwy860_pc4 2 2 0.135 0.389 0.956 0.293
EUR.CD_pwy88_pc1 2 2 0.039 -0.236 0.996 0.117
EUR.CD_pwy897_pc4 2 2 0.061 0.597 0.991 0.086
EUR.CD_pwy8_pc5 2 2 0.028 -0.561 0.998 0.01
EUR.CD_pwy91_pc5 2 2 0.001 -0.352 1 0
EUR.CD_pwy943_pc3 2 2 0.075 -0.601 0.986 0.293
EUR.CD_pwy94_pc1 2 2 0.027 -0.314 0.998 0.029
EUR.CD_pwy965_pc3 2 2 0.037 0.55 0.997 0.061
EUR.CD_pwy969_pc4 2 2 0.41 1.45 0.64 0.443
EUR.CD_pwy990_pc4 2 2 0.076 0.222 0.986 0.048
EUR.CD_pwy99_pc3 3 2 0.655 0.175 0.119 0.609
EUR.IBD_pwy108_pc1 3 3 0.939 0.04 0.004 0.926
EUR.IBD_pwy1099_pc2 2 2 0.214 0.551 0.892 0.438
EUR.IBD_pwy1119_pc5 3 3 0.93 0.01 0.005 0.92
EUR.IBD_pwy1126_pc5 2 2 0.886 0.084 0.032 0.846
EUR.IBD_pwy1127_pc5 2 2 0.886 0.084 0.032 0.846
EUR.IBD_pwy1128_pc5 2 2 0.886 0.084 0.032 0.846
EUR.IBD_pwy1161_pc5 2 2 0.228 0.459 0.877 0.41
EUR.IBD_pwy168_pc2 2 2 0.95 0.095 0.006 0.84
EUR.IBD_pwy174_pc4 2 2 0.887 0.064 0.031 0.846
EUR.IBD_pwy181_pc3 4 4 0.724 -0.094 0.048 0.714
EUR.IBD_pwy183_pc4 3 3 0.002 0.502 0.996 0.005
EUR.IBD_pwy184_pc4 3 3 0.853 0.065 0.022 0.784
EUR.IBD_pwy186_pc4 3 3 0.002 0.502 0.996 0.005
EUR.IBD_pwy198_pc4 4 4 0.927 -0.029 0.003 0.904
EUR.IBD_pwy1_pc3 3 3 0.898 0.05 0.01 0.893
EUR.IBD_pwy207_pc2 2 2 0.976 0.016 0.001 0.899
EUR.IBD_pwy240_pc3 2 2 0.025 -0.494 0.998 0.018
EUR.IBD_pwy242_pc1 2 2 0.97 -0.021 0.002 0.925
EUR.IBD_pwy243_pc4 2 2 0.82 -0.123 0.078 0.595
EUR.IBD_pwy280_pc4 3 3 0.006 -0.386 0.988 0.024
EUR.IBD_pwy286_pc5 2 2 0.095 -0.576 0.978 0.028
EUR.IBD_pwy29_pc5 2 2 0.753 0.132 0.143 0.55
EUR.IBD_pwy307_pc1 3 3 0.882 -0.048 0.014 0.956
EUR.IBD_pwy322_pc3 2 2 0.025 -0.494 0.998 0.018
EUR.IBD_pwy345_pc5 2 2 0.841 0.103 0.061 0.588
EUR.IBD_pwy351_pc2 2 2 0.09 0.568 0.98 0.131
EUR.IBD_pwy355_pc1 2 2 0.829 -0.158 0.07 0.584
EUR.IBD_pwy35_pc3 2 2 0.741 -0.19 0.156 0.623
EUR.IBD_pwy36_pc3 2 2 0.097 -0.519 0.977 0.143
EUR.IBD_pwy403_pc5 2 2 0.094 0.525 0.978 0.313
EUR.IBD_pwy406_pc3 2 2 0.01 0.518 1 0.013
EUR.IBD_pwy430_pc3 2 2 0.085 0.366 0.982 0.173
EUR.IBD_pwy443_pc1 2 2 0.09 -0.6 0.98 0.313
EUR.IBD_pwy481_pc2 2 2 0.696 0.184 0.211 0.623
EUR.IBD_pwy484_pc5 2 2 0.763 -0.128 0.132 0.552
EUR.IBD_pwy486_pc5 2 2 0.763 -0.128 0.132 0.552
EUR.IBD_pwy521_pc1 2 2 0.028 0.63 0.998 0.108
EUR.IBD_pwy529_pc1 3 3 0.943 -0.024 0.003 0.939
EUR.IBD_pwy531_pc5 2 2 0.932 -0.015 0.011 0.859
EUR.IBD_pwy566_pc5 3 3 0.551 0.202 0.202 0.412
EUR.IBD_pwy579_pc1 2 2 0.97 -0.021 0.002 0.925
EUR.IBD_pwy596_pc4 2 2 0.14 0.506 0.953 0.36
EUR.IBD_pwy637_pc5 2 2 0.246 0.447 0.858 0.414
EUR.IBD_pwy641_pc1 2 2 0.934 -0.059 0.011 0.769
EUR.IBD_pwy650_pc4 3 3 0.845 0.066 0.024 0.927
EUR.IBD_pwy674_pc1 2 2 0.867 -0.11 0.043 0.666
EUR.IBD_pwy678_pc2 3 3 0.879 0.049 0.015 0.954
EUR.IBD_pwy719_pc3 4 4 0.999 0 0 1
EUR.IBD_pwy71_pc2 2 2 0.949 0.058 0.006 0.823
EUR.IBD_pwy802_pc5 2 2 0.051 0.238 0.994 0.168
EUR.IBD_pwy837_pc5 2 2 0.915 0.056 0.018 0.689
EUR.IBD_pwy907_pc4 2 2 0.024 0.612 0.999 0.063
EUR.IBD_pwy969_pc4 2 2 0.434 1.034 0.602 0.49
EUR.IBD_pwy971_pc4 2 2 0.02 -0.602 0.999 0.05
EUR.IBD_pwy976_pc2 2 2 0.025 0.452 0.998 0.074
EUR.IBD_pwy983_pc5 2 2 0.837 0.155 0.064 0.646
EUR.IBD_pwy984_pc1 2 2 0.862 0.125 0.046 0.604
EUR.IBD_pwy985_pc5 2 2 0.022 -0.581 0.999 0.016
EUR.UC_pwy100_pc2 2 2 0.106 -0.463 0.973 0.242
EUR.UC_pwy100_pc3 2 2 0.704 -0.209 0.201 0.519
EUR.UC_pwy1042_pc5 2 2 0.06 0.301 0.991 0.117
EUR.UC_pwy1075_pc1 2 2 0.869 -0.071 0.042 0.695
EUR.UC_pwy1097_pc2 2 2 0.927 -0.079 0.013 0.752
EUR.UC_pwy1101_pc4 2 2 0.002 -0.334 1 0.003
EUR.UC_pwy1106_pc1 2 2 0.104 0.781 0.973 0.197
EUR.UC_pwy1108_pc5 2 2 0.073 0.39 0.987 0.256
EUR.UC_pwy1113_pc2 4 4 0.275 0.31 0.371 0.198
EUR.UC_pwy1119_pc5 2 2 0.026 0.179 0.998 0.028
EUR.UC_pwy1120_pc4 2 2 0.077 -0.341 0.985 0.168
EUR.UC_pwy1159_pc5 2 2 0.062 0.346 0.991 0.123
EUR.UC_pwy115_pc5 2 2 0.037 0.339 0.997 0.06
EUR.UC_pwy1160_pc5 2 2 0.059 -0.346 0.991 0.117
EUR.UC_pwy116_pc3 2 2 0.068 -0.7 0.989 0.185
EUR.UC_pwy1174_pc2 2 2 0.004 -0.44 1 0.003
EUR.UC_pwy1177_pc4 3 3 0.858 0.099 0.02 0.949
EUR.UC_pwy1182_pc5 3 3 0.003 -0.365 0.994 0.024
EUR.UC_pwy121_pc4 2 2 0.002 -0.144 1 0.023
EUR.UC_pwy134_pc3 2 2 0.094 0.55 0.978 0.248
EUR.UC_pwy139_pc1 3 3 0 0.359 0.999 0
EUR.UC_pwy168_pc2 4 4 0.937 -0.066 0.002 0.899
EUR.UC_pwy176_pc4 2 2 0.042 0.713 0.996 0.097
EUR.UC_pwy181_pc3 2 2 0.003 -0.534 1 0
EUR.UC_pwy182_pc3 2 2 0.01 0.358 1 0.04
EUR.UC_pwy183_pc4 2 2 0.044 0.548 0.995 0.097
EUR.UC_pwy186_pc4 2 2 0.044 0.548 0.995 0.097
EUR.UC_pwy187_pc5 2 2 0.114 -0.424 0.968 0.214
EUR.UC_pwy188_pc4 2 2 0.016 -0.251 0.999 0.057
EUR.UC_pwy205_pc1 2 2 0.875 -0.06 0.038 0.709
EUR.UC_pwy213_pc3 3 3 0.638 0.142 0.131 0.59
EUR.UC_pwy221_pc3 2 2 0.051 0.346 0.994 0.142
EUR.UC_pwy242_pc1 2 2 0.895 -0.088 0.027 0.755
EUR.UC_pwy258_pc2 2 2 0.073 0.648 0.987 0.177
EUR.UC_pwy259_pc2 2 2 0.073 0.648 0.987 0.177
EUR.UC_pwy269_pc5 2 2 0.075 0.279 0.986 0.123
EUR.UC_pwy271_pc4 2 2 0.969 -0.029 0.002 0.974
EUR.UC_pwy271_pc5 2 2 0.07 -0.284 0.988 0.114
EUR.UC_pwy273_pc4 2 2 0.06 0.498 0.991 0.16
EUR.UC_pwy274_pc3 2 2 0.044 0.258 0.995 0.108
EUR.UC_pwy280_pc4 2 2 0.078 -0.419 0.985 0.219
EUR.UC_pwy286_pc5 2 2 0.772 -0.304 0.123 0.533
EUR.UC_pwy28_pc5 2 2 0.022 -0.361 0.999 0.014
EUR.UC_pwy29_pc5 2 2 0.695 0.167 0.212 0.519
EUR.UC_pwy300_pc2 2 2 0.032 0.295 0.997 0.123
EUR.UC_pwy301_pc2 2 2 0.032 0.73 0.997 0.094
EUR.UC_pwy301_pc4 2 2 0.034 -0.534 0.997 0.074
EUR.UC_pwy304_pc5 2 2 0.125 0.301 0.962 0.293
EUR.UC_pwy328_pc5 3 3 0.003 0.336 0.993 0.031
EUR.UC_pwy329_pc5 2 2 0.134 0.324 0.957 0.282
EUR.UC_pwy330_pc3 2 2 0.975 -0.019 0.001 0.983
EUR.UC_pwy341_pc4 2 2 0.085 0.364 0.982 0.171
EUR.UC_pwy345_pc5 2 2 0.911 0.069 0.019 0.707
EUR.UC_pwy348_pc5 2 2 0.021 0.32 0.999 0.071
EUR.UC_pwy349_pc5 3 3 0.008 -0.351 0.984 0.041
EUR.UC_pwy350_pc5 2 2 0.049 -0.353 0.994 0.088
EUR.UC_pwy355_pc1 2 2 0.9 -0.111 0.025 0.661
EUR.UC_pwy36_pc3 2 2 0.072 -0.586 0.987 0.12
EUR.UC_pwy403_pc5 2 2 0.094 0.578 0.978 0.279
EUR.UC_pwy405_pc5 2 2 0.047 0.367 0.995 0.1
EUR.UC_pwy424_pc5 2 2 0.116 0.559 0.967 0.276
EUR.UC_pwy472_pc1 2 2 0.094 -0.353 0.978 0.188
EUR.UC_pwy484_pc5 2 2 0.706 -0.163 0.199 0.519
EUR.UC_pwy486_pc5 2 2 0.706 -0.163 0.199 0.519
EUR.UC_pwy493_pc2 2 2 0.102 -0.603 0.975 0.274
EUR.UC_pwy495_pc3 2 2 0.731 0.19 0.168 0.519
EUR.UC_pwy499_pc5 2 2 0.107 0.269 0.972 0.242
EUR.UC_pwy514_pc1 2 2 0.909 -0.17 0.02 0.809
EUR.UC_pwy515_pc1 2 2 0.909 -0.17 0.02 0.809
EUR.UC_pwy518_pc2 2 2 0.085 1.251 0.982 0.048
EUR.UC_pwy519_pc2 2 2 0.085 1.251 0.982 0.048
EUR.UC_pwy521_pc1 2 2 0.034 0.75 0.997 0.083
EUR.UC_pwy530_pc5 2 2 0.023 0.127 0.999 0.023
EUR.UC_pwy535_pc5 3 3 0.771 -0.122 0.053 0.788
EUR.UC_pwy538_pc1 2 2 0.138 -0.493 0.954 0.214
EUR.UC_pwy540_pc3 2 2 0.03 -0.312 0.998 0.091
EUR.UC_pwy561_pc3 3 3 0.707 0.104 0.086 0.696
EUR.UC_pwy566_pc5 3 3 0.465 0.257 0.286 0.312
EUR.UC_pwy571_pc4 2 2 0.017 -0.489 0.999 0.04
EUR.UC_pwy573_pc5 2 2 0.033 -0.228 0.997 0.097
EUR.UC_pwy579_pc1 2 2 0.895 -0.088 0.027 0.755
EUR.UC_pwy58_pc3 2 1 0.743 -0.425 0.155 0.573
EUR.UC_pwy595_pc1 2 2 0.107 0.713 0.972 0.259
EUR.UC_pwy597_pc5 2 2 0.031 0.494 0.998 0.063
EUR.UC_pwy603_pc5 2 2 0.113 -0.307 0.969 0.248
EUR.UC_pwy607_pc4 2 1 0.874 0.187 0.039 0.687
EUR.UC_pwy609_pc5 2 2 0.02 -0.562 0.999 0.054
EUR.UC_pwy628_pc5 2 2 0.877 0.065 0.037 0.709
EUR.UC_pwy638_pc5 2 2 0.151 0.322 0.945 0.319
EUR.UC_pwy641_pc5 2 2 0.078 0.619 0.985 0.219
EUR.UC_pwy642_pc4 2 2 0.005 -0.145 1 0.014
EUR.UC_pwy644_pc2 2 2 0.658 0.245 0.262 0.519
EUR.UC_pwy650_pc4 2 2 0.954 0.046 0.005 0.863
EUR.UC_pwy655_pc5 2 2 0.875 -0.069 0.038 0.709
EUR.UC_pwy657_pc1 2 2 0.03 0.75 0.998 0.085
EUR.UC_pwy660_pc4 2 2 0.067 -0.298 0.989 0.162
EUR.UC_pwy670_pc1 4 4 0.204 0.429 0.467 0.122
EUR.UC_pwy67_pc4 2 2 0.077 -0.341 0.985 0.168
EUR.UC_pwy686_pc4 2 2 0.075 0.263 0.986 0.168
EUR.UC_pwy719_pc2 2 2 0.076 -0.34 0.986 0.168
EUR.UC_pwy719_pc3 2 2 0.01 0.477 1 0.006
EUR.UC_pwy738_pc4 2 2 0.1 0.311 0.976 0.091
EUR.UC_pwy776_pc2 2 2 0.056 0.501 0.992 0.137
EUR.UC_pwy796_pc3 2 2 0.083 0.519 0.983 0.137
EUR.UC_pwy802_pc5 3 3 0.007 0.25 0.987 0.051
EUR.UC_pwy806_pc2 2 2 0.898 -0.15 0.026 0.724
EUR.UC_pwy806_pc3 2 2 0.664 0.209 0.254 0.519
EUR.UC_pwy810_pc1 2 2 0.875 -0.06 0.038 0.709
EUR.UC_pwy811_pc1 2 2 0.055 -0.599 0.993 0.191
EUR.UC_pwy816_pc3 2 2 0.003 0.623 1 0.011
EUR.UC_pwy826_pc2 3 3 0.014 -0.716 0.973 0.098
EUR.UC_pwy850_pc3 2 2 0.9 -0.076 0.025 0.67
EUR.UC_pwy867_pc4 2 2 0.085 0.364 0.982 0.171
EUR.UC_pwy869_pc4 2 2 0.085 0.364 0.982 0.171
EUR.UC_pwy872_pc4 2 2 0.085 0.364 0.982 0.171
EUR.UC_pwy873_pc4 2 2 0.085 0.364 0.982 0.171
EUR.UC_pwy874_pc4 2 2 0.085 0.364 0.982 0.171
EUR.UC_pwy881_pc3 2 1 0.823 0.284 0.075 0.578
EUR.UC_pwy907_pc4 2 2 0.023 0.673 0.999 0.071
EUR.UC_pwy908_pc1 3 3 0.545 0.173 0.207 0.42
EUR.UC_pwy909_pc5 2 2 0.874 -0.161 0.039 0.678
EUR.UC_pwy915_pc3 2 2 0.073 0.566 0.987 0.191
EUR.UC_pwy923_pc5 2 2 0.074 -0.643 0.986 0.251
EUR.UC_pwy929_pc1 3 3 0.491 0.277 0.259 0.316
EUR.UC_pwy932_pc5 3 3 0.003 0.355 0.994 0.033
EUR.UC_pwy935_pc3 2 2 0.046 -0.743 0.995 0.1
EUR.UC_pwy950_pc5 2 2 0.075 0.345 0.986 0.151
EUR.UC_pwy964_pc5 2 2 0.086 0.357 0.982 0.177
EUR.UC_pwy965_pc5 3 3 0.037 0.911 0.927 0.08
EUR.UC_pwy971_pc4 2 2 0.019 -0.662 0.999 0.06
EUR.UC_pwy97_pc5 3 3 0.004 0.216 0.991 0.037
EUR.UC_pwy981_pc2 2 2 0.903 -0.105 0.023 0.746
EUR.UC_pwy984_pc1 2 2 0.933 0.073 0.011 0.755
EUR.UC_pwy989_pc1 2 2 0.054 0.344 0.993 0.174
EUR.UC_pwy989_pc2 4 4 0.894 -0.049 0.007 0.836
T1D_pwy1012_pc2 2 2 0.053 0.434 0.993 0.126
T1D_pwy1035_pc5 2 2 0.141 -0.601 0.952 0.335
T1D_pwy1062_pc2 2 2 0.003 -0.36 1 0.009
T1D_pwy1088_pc2 2 2 0.008 -0.362 1 0.028
T1D_pwy1096_pc1 2 2 0.186 0.305 0.917 0.206
T1D_pwy148_pc5 2 2 0.008 -0.515 1 0.025
T1D_pwy187_pc3 2 2 0.142 0.539 0.951 0.317
T1D_pwy222_pc4 2 2 0.615 0.501 0.323 0.495
T1D_pwy256_pc5 2 2 0.734 0.171 0.165 0.588
T1D_pwy429_pc1 2 2 0.126 -0.573 0.961 0.277
T1D_pwy439_pc4 2 2 0.786 -0.259 0.109 0.597
T1D_pwy456_pc4 2 2 0.03 0.743 0.998 0.065
T1D_pwy475_pc5 2 2 0.008 -0.515 1 0.025
T1D_pwy535_pc3 2 2 0.086 0.406 0.982 0.225
T1D_pwy558_pc4 2 2 0.975 -0.017 0.002 0.929
T1D_pwy559_pc4 2 2 1 0 0 1
T1D_pwy564_pc2 3 3 0.769 -0.129 0.053 0.829
T1D_pwy588_pc2 2 2 0.003 -0.36 1 0.009
T1D_pwy681_pc3 2 2 0.161 -0.606 0.937 0.372
T1D_pwy728_pc3 2 2 0.824 -0.162 0.075 0.634
T1D_pwy759_pc4 2 2 0.033 0.393 0.997 0.015
T1D_pwy772_pc3 2 2 0.076 -0.686 0.986 0.194
T1D_pwy77_pc5 2 2 0.057 0.723 0.992 0.163
T1D_pwy892_pc3 2 2 0.049 -0.728 0.994 0.065
T1D_pwy89_pc4 2 2 0.981 0.007 0.001 0.957
T1D_pwy914_pc2 2 2 0.097 -0.465 0.977 0.222
T1D_pwy946_pc1 2 2 0.921 -0.055 0.015 0.785
T1D_pwy973_pc5 2 2 0.865 -0.117 0.044 0.649
allergy_pwy1017_pc5 2 2 0.166 0.23 0.934 0.414
allergy_pwy1033_pc2 2 2 0.148 -0.177 0.947 0.341
allergy_pwy1036_pc1 2 2 0.01 0.155 1 0.035
allergy_pwy104_pc2 2 2 0.16 -0.176 0.938 0.408
allergy_pwy1057_pc1 4 4 0.231 0.132 0.428 0.177
allergy_pwy1096_pc1 2 2 0.055 -0.096 0.992 0.177
allergy_pwy111_pc1 2 2 0.17 0.182 0.93 0.397
allergy_pwy1124_pc3 2 2 0.111 0.116 0.97 0.326
allergy_pwy1126_pc2 2 2 0.096 -0.255 0.977 0.269
allergy_pwy1127_pc2 2 2 0.096 -0.255 0.977 0.269
allergy_pwy1128_pc2 2 2 0.096 -0.255 0.977 0.269
allergy_pwy1175_pc1 2 2 0.039 0.093 0.996 0.104
allergy_pwy1177_pc3 2 2 0.885 -0.025 0.032 0.816
allergy_pwy120_pc2 2 2 0.159 0.123 0.939 0.393
allergy_pwy127_pc2 2 2 0.654 0.132 0.267 0.507
allergy_pwy128_pc1 2 2 0.012 0.17 1 0.03
allergy_pwy151_pc1 2 2 0.821 -0.076 0.077 0.569
allergy_pwy185_pc1 2 2 0.073 0.113 0.987 0.181
allergy_pwy195_pc5 2 2 0.964 0.009 0.003 0.879
allergy_pwy197_pc5 3 3 0.567 -0.081 0.188 0.461
allergy_pwy205_pc1 2 2 0.104 0.084 0.974 0.313
allergy_pwy219_pc3 2 2 0.904 0.024 0.023 0.813
allergy_pwy239_pc2 2 2 0.96 -0.01 0.004 0.872
allergy_pwy246_pc4 2 2 0.147 0.099 0.948 0.309
allergy_pwy274_pc3 2 2 0.094 0.057 0.978 0.282
allergy_pwy300_pc3 3 3 0.474 0.102 0.276 0.417
allergy_pwy333_pc3 2 2 0.148 -0.142 0.947 0.316
allergy_pwy336_pc2 2 2 0.96 -0.01 0.004 0.872
allergy_pwy353_pc1 2 2 0.732 0.068 0.167 0.571
allergy_pwy354_pc4 2 2 0.929 0.007 0.012 0.811
allergy_pwy398_pc3 2 2 0.955 -0.002 0.005 0.862
allergy_pwy445_pc3 2 2 0.804 0.027 0.091 0.678
allergy_pwy459_pc1 2 2 0.872 0.028 0.04 0.71
allergy_pwy459_pc4 2 2 0.947 0.012 0.007 0.852
allergy_pwy464_pc3 2 2 0.861 -0.015 0.047 0.808
allergy_pwy482_pc1 2 2 0.632 -0.09 0.298 0.527
allergy_pwy508_pc2 2 2 0.046 -0.113 0.995 0.116
allergy_pwy512_pc2 2 2 0.152 -0.126 0.944 0.386
allergy_pwy52_pc1 2 2 0.045 0.16 0.995 0.149
allergy_pwy582_pc1 2 2 0.968 0.008 0.003 0.894
allergy_pwy584_pc2 2 2 0.064 0.124 0.99 0.181
allergy_pwy612_pc1 2 2 0.136 0.124 0.955 0.368
allergy_pwy660_pc1 2 2 0.034 0.1 0.997 0.092
allergy_pwy663_pc4 2 2 0.77 0.038 0.125 0.678
allergy_pwy681_pc1 2 2 0.838 0.02 0.063 0.628
allergy_pwy71_pc4 2 2 0.022 0.158 0.999 0.073
allergy_pwy737_pc2 2 2 0.05 0.07 0.994 0.157
allergy_pwy763_pc4 2 2 0.219 0.178 0.886 0.462
allergy_pwy800_pc3 2 2 0.065 -0.27 0.99 0.202
allergy_pwy810_pc1 2 2 0.104 0.084 0.974 0.313
allergy_pwy853_pc4 2 1 0.938 -0.015 0.01 0.8
allergy_pwy895_pc3 2 2 0.108 -0.24 0.972 0.287
allergy_pwy914_pc2 2 2 0.638 0.091 0.29 0.527
allergy_pwy918_pc2 2 2 0.96 -0.01 0.004 0.872
allergy_pwy939_pc3 2 2 0.87 -0.019 0.041 0.712
allergy_pwy968_pc1 2 2 0.016 -0.116 0.999 0.044
eo_pwy1062_pc1 2 2 0.615 0.047 0.323 0.608
eo_pwy1077_pc1 2 2 0.894 0.023 0.028 0.737
eo_pwy1087_pc1 2 2 0.618 -0.044 0.319 0.609
eo_pwy1088_pc1 2 2 0.624 0.047 0.31 0.614
eo_pwy1093_pc1 2 2 0.618 -0.044 0.319 0.609
eo_pwy1094_pc1 2 2 0.627 -0.043 0.305 0.614
eo_pwy1096_pc5 2 2 0.831 -0.037 0.069 0.637
eo_pwy111_pc2 2 2 0.148 0.088 0.947 0.334
eo_pwy1142_pc3 2 2 0.917 0.014 0.017 0.796
eo_pwy1143_pc1 2 2 0.788 -0.029 0.107 0.575
eo_pwy1148_pc5 2 2 0.975 0.004 0.002 0.921
eo_pwy1181_pc4 2 2 0.19 -0.076 0.914 0.392
eo_pwy1190_pc2 2 2 0.065 0.149 0.99 0.162
eo_pwy229_pc5 2 2 0.035 0.042 0.997 0.09
eo_pwy22_pc2 2 2 0.964 0.005 0.003 0.907
eo_pwy23_pc3 2 2 0.85 0.023 0.055 0.661
eo_pwy299_pc4 2 2 0.911 -0.015 0.019 0.77
eo_pwy352_pc2 2 2 0.914 -0.017 0.018 0.818
eo_pwy399_pc1 2 2 0.677 0.06 0.236 0.525
eo_pwy496_pc3 2 2 0.001 0.089 1 0.005
eo_pwy506_pc3 2 2 0.793 -0.065 0.102 0.589
eo_pwy507_pc2 2 2 0.663 0.1 0.256 0.5
eo_pwy536_pc1 2 2 0.81 -0.064 0.087 0.632
eo_pwy549_pc4 3 3 0.612 0.024 0.15 0.648
eo_pwy558_pc4 2 2 0.129 -0.081 0.96 0.295
eo_pwy559_pc4 2 2 0.068 0.071 0.989 0.03
eo_pwy567_pc5 2 2 0.04 -0.05 0.996 0.105
eo_pwy568_pc5 2 2 0.04 -0.049 0.996 0.106
eo_pwy588_pc1 2 2 0.615 0.047 0.323 0.608
eo_pwy589_pc1 2 2 0.627 -0.043 0.305 0.614
eo_pwy615_pc2 4 4 0.878 0.017 0.009 0.822
eo_pwy665_pc5 2 2 0.982 0.002 0.001 0.949
eo_pwy666_pc2 2 2 0.617 -0.03 0.321 0.57
eo_pwy694_pc3 2 2 0.535 -0.03 0.445 0.521
eo_pwy751_pc3 2 2 0.172 0.077 0.929 0.373
eo_pwy779_pc4 2 2 0.039 -0.053 0.996 0.104
eo_pwy781_pc4 2 2 0.896 0.023 0.026 0.741
eo_pwy795_pc4 2 2 0.8 0.053 0.096 0.61
eo_pwy798_pc2 2 2 0.852 0.021 0.053 0.655
eo_pwy815_pc4 2 2 0.834 0.02 0.066 0.654
eo_pwy883_pc4 2 2 0.644 0.066 0.281 0.5
eo_pwy896_pc4 2 2 0.105 -0.051 0.973 0.108
eo_pwy903_pc1 4 4 0.332 0.071 0.307 0.401
eo_pwy924_pc3 3 3 0.841 0.022 0.025 0.87
eo_pwy935_pc5 2 2 0.752 -0.077 0.144 0.588
eo_pwy944_pc3 2 2 0.657 -0.062 0.263 0.532
eo_pwy969_pc4 2 2 0.896 -0.02 0.027 0.778
eo_pwy985_pc4 2 2 0.85 0.037 0.055 0.666
eo_pwy99_pc5 2 2 0.085 0.132 0.982 0.224
gran_pwy1026_pc3 2 2 0.007 0.031 1 0.03
gran_pwy1039_pc5 2 2 0.442 -0.041 0.591 0.466
gran_pwy1042_pc5 2 2 0.909 0.006 0.02 0.717
gran_pwy1047_pc1 3 3 0.71 0.037 0.084 0.748
gran_pwy1059_pc4 2 2 0.83 0.01 0.069 0.621
gran_pwy1062_pc3 2 2 0.07 -0.044 0.988 0.166
gran_pwy106_pc4 2 2 0.038 -0.018 0.996 0.113
gran_pwy1075_pc5 3 3 0.441 -0.046 0.312 0.397
gran_pwy1082_pc2 2 2 0.049 0.044 0.994 0.133
gran_pwy1088_pc3 2 2 0.06 -0.04 0.991 0.149
gran_pwy1089_pc5 2 2 0.013 -0.022 1 0.056
gran_pwy1091_pc4 2 2 0.837 -0.009 0.064 0.625
gran_pwy1095_pc3 2 2 0.87 0.012 0.041 0.657
gran_pwy1105_pc5 3 3 0.414 0.013 0.343 0.413
gran_pwy1107_pc5 2 2 0.91 0.006 0.02 0.743
gran_pwy1108_pc2 2 2 0.435 0.044 0.602 0.46
gran_pwy1125_pc2 2 2 0.819 -0.026 0.078 0.606
gran_pwy1126_pc3 2 2 0.838 -0.018 0.063 0.621
gran_pwy1127_pc3 2 2 0.838 -0.018 0.063 0.621
gran_pwy1128_pc3 2 2 0.838 -0.018 0.063 0.621
gran_pwy1141_pc3 2 2 0.059 0.032 0.991 0.149
gran_pwy1142_pc2 2 2 0.14 0.071 0.952 0.334
gran_pwy1145_pc4 2 2 0.064 -0.014 0.99 0.159
gran_pwy1148_pc3 2 2 0.013 0.044 1 0.048
gran_pwy1149_pc2 2 2 0.004 -0.047 1 0.019
gran_pwy1156_pc3 2 2 0.005 -0.045 1 0.024
gran_pwy1159_pc5 2 2 0.882 0.009 0.034 0.676
gran_pwy1160_pc5 2 2 0.884 -0.009 0.033 0.678
gran_pwy1162_pc4 2 2 0.881 -0.008 0.035 0.673
gran_pwy1165_pc2 2 2 0.034 0.092 0.997 0.132
gran_pwy1167_pc3 3 3 0.438 0.02 0.316 0.446
gran_pwy1168_pc2 2 2 0.457 -0.056 0.567 0.48
gran_pwy118_pc5 3 3 0.847 -0.006 0.023 0.892
gran_pwy1199_pc2 2 2 0.434 0.054 0.603 0.469
gran_pwy122_pc5 2 2 0.989 0.001 0 0.957
gran_pwy125_pc5 2 2 0.607 -0.039 0.335 0.545
gran_pwy132_pc4 2 2 0.062 -0.023 0.99 0.154
gran_pwy151_pc5 2 2 0.969 -0.003 0.002 0.907
gran_pwy157_pc4 2 2 0.979 0.003 0.001 0.964
gran_pwy159_pc2 3 3 0.398 0.044 0.363 0.388
gran_pwy15_pc2 2 2 0.412 0.071 0.636 0.433
gran_pwy163_pc4 2 2 0.902 -0.024 0.024 0.73
gran_pwy164_pc5 2 2 0.049 0.031 0.994 0.133
gran_pwy174_pc2 2 2 0.067 -0.047 0.989 0.162
gran_pwy177_pc4 2 2 0.959 -0.007 0.004 0.894
gran_pwy178_pc3 3 3 0.58 0.041 0.176 0.506
gran_pwy18_pc5 2 2 0.034 0.032 0.997 0.109
gran_pwy191_pc2 2 2 0.979 -0.002 0.001 0.929
gran_pwy198_pc5 2 2 0.977 0.003 0.001 0.961
gran_pwy199_pc5 2 2 0.008 -0.033 1 0.037
gran_pwy207_pc5 2 2 0.022 -0.039 0.999 0.078
gran_pwy208_pc3 2 2 0.44 -0.054 0.594 0.464
gran_pwy20_pc5 2 2 0.043 -0.032 0.995 0.12
gran_pwy21_pc5 2 2 0.008 -0.033 1 0.037
gran_pwy227_pc3 3 3 0.612 0.025 0.151 0.559
gran_pwy228_pc3 3 3 0.612 0.025 0.151 0.559
gran_pwy235_pc5 2 2 0.012 0.016 1 0.054
gran_pwy23_pc1 2 2 0.042 -0.064 0.996 0.119
gran_pwy275_pc5 2 2 0.91 0.005 0.02 0.717
gran_pwy279_pc1 2 2 0.068 0.065 0.989 0.163
gran_pwy293_pc4 2 2 0.879 0.005 0.036 0.667
gran_pwy299_pc2 2 2 0.808 -0.021 0.088 0.632
gran_pwy300_pc3 3 3 0.416 -0.048 0.341 0.401
gran_pwy304_pc5 2 2 0.913 0.006 0.019 0.723
gran_pwy319_pc3 2 2 0.421 0.048 0.623 0.44
gran_pwy325_pc4 2 2 0.1 -0.113 0.976 0.265
gran_pwy327_pc5 2 2 0.893 -0.008 0.028 0.691
gran_pwy32_pc3 2 2 0.421 0.048 0.623 0.44
gran_pwy344_pc2 2 2 0.987 -0.001 0 0.969
gran_pwy345_pc5 3 3 0.216 0.047 0.614 0.244
gran_pwy346_pc5 2 2 0.021 -0.052 0.999 0.072
gran_pwy349_pc5 2 2 0.92 -0.005 0.016 0.748
gran_pwy360_pc5 3 3 0.815 -0.006 0.034 0.863
gran_pwy366_pc4 2 2 0.063 -0.046 0.99 0.158
gran_pwy381_pc1 2 2 0.438 0.073 0.597 0.482
gran_pwy384_pc1 2 2 0.862 -0.014 0.046 0.676
gran_pwy392_pc2 2 2 0.463 -0.054 0.558 0.478
gran_pwy393_pc1 2 2 0.438 0.073 0.597 0.482
gran_pwy403_pc3 2 2 0.032 -0.058 0.998 0.106
gran_pwy405_pc3 2 2 0.051 -0.053 0.994 0.136
gran_pwy416_pc5 2 2 0.103 0.036 0.974 0.199
gran_pwy426_pc2 2 2 0.009 -0.061 1 0.042
gran_pwy426_pc3 2 2 0.07 -0.053 0.988 0.165
gran_pwy428_pc4 3 3 0.912 -0.006 0.008 0.951
gran_pwy434_pc5 2 2 0.091 -0.044 0.98 0.191
gran_pwy437_pc2 2 2 0.014 -0.041 1 0.053
gran_pwy444_pc3 2 2 0.884 -0.028 0.033 0.685
gran_pwy445_pc5 2 2 0.017 -0.019 0.999 0.061
gran_pwy458_pc4 2 2 0.978 0.003 0.001 0.932
gran_pwy466_pc2 2 2 0.469 0.045 0.549 0.484
gran_pwy469_pc2 2 2 0.04 -0.05 0.996 0.14
gran_pwy470_pc5 2 2 0.715 -0.023 0.187 0.571
gran_pwy472_pc3 2 2 0.012 -0.023 1 0.054
gran_pwy473_pc2 2 2 0.015 0.036 0.999 0.059
gran_pwy474_pc3 2 2 0.057 -0.035 0.992 0.146
gran_pwy477_pc3 3 3 0.425 -0.033 0.331 0.434
gran_pwy480_pc4 2 2 0.127 0.126 0.961 0.204
gran_pwy491_pc2 2 2 0.005 -0.055 1 0.022
gran_pwy492_pc1 2 2 0.118 -0.099 0.966 0.302
gran_pwy494_pc4 2 2 0.009 0.018 1 0.042
gran_pwy495_pc2 2 2 0.016 -0.053 0.999 0.056
gran_pwy497_pc4 2 2 0.004 0.019 1 0.016
gran_pwy511_pc3 2 2 0.061 -0.063 0.991 0.151
gran_pwy527_pc4 2 2 0.862 -0.017 0.046 0.679
gran_pwy52_pc2 2 2 0.038 0.041 0.996 0.113
gran_pwy537_pc3 2 2 0.067 0.033 0.989 0.223
gran_pwy541_pc2 2 2 0.027 -0.06 0.998 0.088
gran_pwy545_pc3 2 2 0 -0.04 1 0.001
gran_pwy54_pc5 2 2 0.887 -0.007 0.031 0.681
gran_pwy556_pc2 3 3 0.641 0.026 0.129 0.635
gran_pwy587_pc4 2 2 0.823 -0.01 0.075 0.614
gran_pwy588_pc3 2 2 0.07 -0.044 0.988 0.166
gran_pwy591_pc2 3 3 0.404 0.033 0.355 0.407
gran_pwy603_pc5 2 2 0.903 -0.007 0.023 0.71
gran_pwy613_pc4 2 2 0.951 0.007 0.006 0.828
gran_pwy626_pc2 2 2 0.975 -0.003 0.002 0.923
gran_pwy632_pc1 2 2 0.92 -0.023 0.016 0.785
gran_pwy651_pc4 2 2 0.034 0.013 0.997 0.11
gran_pwy666_pc3 3 3 0.778 -0.024 0.049 0.823
gran_pwy676_pc5 2 2 0.138 -0.067 0.953 0.234
gran_pwy681_pc4 2 2 0.986 -0.002 0 0.976
gran_pwy684_pc4 2 2 0.051 0.055 0.994 0.136
gran_pwy685_pc3 2 2 0.053 -0.03 0.993 0.141
gran_pwy686_pc3 2 2 0.09 -0.033 0.98 0.189
gran_pwy689_pc4 2 2 0.097 0.122 0.977 0.269
gran_pwy690_pc4 2 2 0.097 0.122 0.977 0.269
gran_pwy697_pc5 2 2 0.862 0.008 0.046 0.645
gran_pwy6_pc1 2 2 0.42 0.074 0.624 0.438
gran_pwy701_pc3 3 3 0.485 0.031 0.265 0.329
gran_pwy709_pc4 2 2 0.064 -0.101 0.99 0.173
gran_pwy713_pc5 2 2 0.066 0.021 0.989 0.161
gran_pwy724_pc5 3 3 0.926 -0.003 0.005 0.961
gran_pwy725_pc2 2 2 0.021 -0.083 0.999 0.042
gran_pwy728_pc2 2 2 0.051 0.13 0.994 0.099
gran_pwy731_pc3 2 2 0.057 -0.035 0.992 0.146
gran_pwy739_pc3 2 2 0.969 0.003 0.002 0.909
gran_pwy745_pc4 2 2 0.485 0.034 0.523 0.489
gran_pwy753_pc1 2 2 0.377 -0.053 0.688 0.365
gran_pwy761_pc3 2 2 0.026 0.021 0.998 0.086
gran_pwy765_pc5 2 2 0.844 0.023 0.059 0.693
gran_pwy769_pc5 2 2 0.971 0.002 0.002 0.911
gran_pwy782_pc4 2 2 0.014 0.045 1 0.058
gran_pwy78_pc5 3 3 0.904 0.008 0.009 0.937
gran_pwy792_pc2 2 2 0.431 0.091 0.608 0.452
gran_pwy803_pc5 3 3 0.453 -0.041 0.299 0.45
gran_pwy822_pc5 2 2 0.811 0.029 0.086 0.643
gran_pwy824_pc4 2 2 0.016 0.02 0.999 0.056
gran_pwy847_pc3 2 2 0.032 0.054 0.997 0.106
gran_pwy883_pc3 2 2 0.18 -0.147 0.922 0.403
gran_pwy891_pc5 2 2 0.893 0.008 0.028 0.691
gran_pwy892_pc2 2 2 0.009 -0.054 1 0.038
gran_pwy894_pc4 2 2 0.083 0.042 0.983 0.182
gran_pwy900_pc2 2 2 0.965 -0.005 0.003 0.876
gran_pwy901_pc1 2 2 0.966 0.006 0.003 0.874
gran_pwy905_pc1 2 2 0.997 0 0 0.992
gran_pwy90_pc2 2 2 0.015 0.036 0.999 0.059
gran_pwy910_pc3 3 3 0.004 -0.148 0.991 0.014
gran_pwy910_pc4 2 2 0.032 -0.09 0.997 0.12
gran_pwy924_pc5 2 2 0.061 0.133 0.991 0.11
gran_pwy938_pc5 2 2 0.895 -0.008 0.027 0.696
gran_pwy939_pc2 3 3 0.002 -0.05 0.996 0.025
gran_pwy949_pc5 2 2 0.841 -0.011 0.061 0.628
gran_pwy94_pc5 2 2 0.895 -0.004 0.027 0.696
gran_pwy950_pc5 2 2 0.885 0.009 0.033 0.678
gran_pwy956_pc3 2 2 0.106 0.04 0.973 0.201
gran_pwy956_pc4 3 3 0.899 0.003 0.01 0.945
gran_pwy960_pc3 2 2 0.029 0.041 0.998 0.099
gran_pwy963_pc3 2 2 0.022 -0.035 0.999 0.078
gran_pwy966_pc3 2 2 0.779 0.017 0.115 0.598
gran_pwy96_pc4 2 2 0.119 -0.041 0.965 0.295
gran_pwy991_pc2 2 2 0.024 0.104 0.999 0.01
gran_pwy992_pc2 2 2 0.024 0.104 0.999 0.01
gran_pwy993_pc2 2 2 0.024 0.104 0.999 0.01
gran_pwy994_pc2 2 2 0.024 0.104 0.999 0.01
gran_pwy995_pc2 2 2 0.024 0.104 0.999 0.01
gran_pwy996_pc2 2 2 0.024 0.104 0.999 0.01
gran_pwy997_pc2 2 2 0.024 0.104 0.999 0.01
gran_pwy998_pc2 2 2 0.024 0.104 0.999 0.01
lymph_pwy1018_pc1 3 3 0.003 -0.064 0.995 0.024
lymph_pwy1019_pc1 2 2 0.978 0.003 0.001 0.925
lymph_pwy1043_pc5 2 2 0.869 -0.016 0.042 0.645
lymph_pwy1071_pc2 2 2 0.858 -0.025 0.049 0.691
lymph_pwy1120_pc1 3 3 0.002 -0.067 0.997 0.012
lymph_pwy137_pc3 2 2 0.026 -0.052 0.998 0.083
lymph_pwy206_pc2 2 2 0.967 -0.002 0.003 0.885
lymph_pwy211_pc1 2 2 0.059 0.071 0.992 0.183
lymph_pwy229_pc2 2 2 0.89 0.014 0.03 0.72
lymph_pwy255_pc1 2 2 0.045 -0.14 0.995 0.147
lymph_pwy278_pc3 2 2 0.082 -0.085 0.984 0.235
lymph_pwy396_pc3 3 3 0.793 -0.02 0.043 0.819
lymph_pwy399_pc1 2 2 0.697 0.056 0.21 0.511
lymph_pwy444_pc3 2 2 0.933 -0.012 0.011 0.797
lymph_pwy44_pc5 2 2 0.684 -0.068 0.226 0.516
lymph_pwy481_pc2 2 2 0.034 0.081 0.997 0.112
lymph_pwy488_pc1 2 2 0.197 0.118 0.907 0.402
lymph_pwy489_pc2 2 2 0.015 -0.072 0.999 0.03
lymph_pwy509_pc5 2 2 0.015 -0.086 0.999 0.048
lymph_pwy534_pc2 2 2 0.063 -0.12 0.99 0.188
lymph_pwy542_pc1 2 2 0.062 -0.067 0.991 0.153
lymph_pwy564_pc3 2 2 0.213 0.116 0.892 0.425
lymph_pwy565_pc5 2 2 0.07 0.045 0.988 0.214
lymph_pwy596_pc4 2 2 0.868 0.026 0.042 0.692
lymph_pwy606_pc4 3 3 0.013 0.07 0.975 0.055
lymph_pwy617_pc5 2 2 0.115 -0.082 0.968 0.259
lymph_pwy62_pc3 2 2 0.187 -0.178 0.916 0.401
lymph_pwy665_pc1 2 2 0.06 0.086 0.991 0.173
lymph_pwy667_pc2 2 2 0.812 -0.045 0.085 0.577
lymph_pwy67_pc1 3 3 0.002 -0.067 0.997 0.012
lymph_pwy680_pc1 2 2 0.749 0.086 0.148 0.546
lymph_pwy698_pc4 2 2 0.01 0.057 1 0.024
lymph_pwy717_pc1 2 2 0.074 0.122 0.986 0.221
lymph_pwy71_pc3 2 2 0.957 -0.014 0.005 0.868
lymph_pwy741_pc2 2 2 0.964 -0.006 0.003 0.874
lymph_pwy782_pc2 2 2 0.974 -0.002 0.002 0.913
lymph_pwy795_pc2 2 2 0.896 0.012 0.027 0.716
lymph_pwy805_pc2 2 2 0.063 0.072 0.99 0.191
lymph_pwy896_pc4 2 2 0.873 -0.011 0.039 0.674
lymph_pwy914_pc1 2 2 0.006 -0.102 1 0.018
lymph_pwy939_pc4 2 2 0.041 -0.036 0.996 0.135
lymph_pwy940_pc4 2 2 0.832 0.032 0.068 0.616
lymph_pwy99_pc3 2 2 0.863 0.028 0.046 0.688
myeloid_wbc_pwy1018_pc5 2 2 0.003 0.044 1 0.002
myeloid_wbc_pwy1026_pc3 2 2 0.021 0.033 0.999 0.075
myeloid_wbc_pwy1026_pc5 2 2 0.028 0.031 0.998 0.101
myeloid_wbc_pwy1039_pc5 2 2 0.463 -0.04 0.558 0.495
myeloid_wbc_pwy1042_pc5 2 2 0.934 0.004 0.011 0.81
myeloid_wbc_pwy1047_pc1 4 4 0.334 0.084 0.306 0.292
myeloid_wbc_pwy1057_pc2 2 2 0.087 -0.059 0.981 0.259
myeloid_wbc_pwy1059_pc4 2 2 0.855 0.009 0.051 0.672
myeloid_wbc_pwy1062_pc3 2 2 0.043 -0.046 0.996 0.096
myeloid_wbc_pwy1062_pc4 2 2 0.053 -0.035 0.993 0.145
myeloid_wbc_pwy106_pc4 2 2 0.01 -0.019 1 0.026
myeloid_wbc_pwy1074_pc2 2 2 0.072 0.065 0.987 0.215
myeloid_wbc_pwy1075_pc5 3 3 0.545 -0.04 0.207 0.556
myeloid_wbc_pwy1082_pc2 2 2 0.022 0.047 0.999 0.064
myeloid_wbc_pwy1082_pc4 2 2 0.464 -0.054 0.556 0.495
myeloid_wbc_pwy1084_pc3 2 2 0.878 -0.016 0.036 0.875
myeloid_wbc_pwy1087_pc5 2 2 0.046 0.037 0.995 0.127
myeloid_wbc_pwy1088_pc3 2 2 0.032 -0.042 0.997 0.082
myeloid_wbc_pwy1088_pc4 2 2 0.037 -0.039 0.997 0.101
myeloid_wbc_pwy1089_pc5 2 2 0.041 -0.023 0.996 0.12
myeloid_wbc_pwy108_pc5 2 2 0.967 0.004 0.003 0.888
myeloid_wbc_pwy1091_pc4 2 2 0.862 -0.008 0.046 0.681
myeloid_wbc_pwy1093_pc5 2 2 0.046 0.037 0.995 0.127
myeloid_wbc_pwy1095_pc3 2 2 0.895 0.01 0.027 0.728
myeloid_wbc_pwy1103_pc4 3 3 0.76 0.016 0.057 0.787
myeloid_wbc_pwy1105_pc5 3 3 0.435 0.012 0.32 0.455
myeloid_wbc_pwy1107_pc5 2 2 0.912 0.007 0.019 0.778
myeloid_wbc_pwy1108_pc2 2 2 0.455 0.043 0.57 0.49
myeloid_wbc_pwy1108_pc4 2 2 0.042 0.043 0.996 0.128
myeloid_wbc_pwy1120_pc5 2 2 0.02 -0.043 0.999 0.048
myeloid_wbc_pwy1125_pc2 2 2 0.841 -0.025 0.061 0.629
myeloid_wbc_pwy1126_pc3 2 2 0.86 -0.017 0.047 0.654
myeloid_wbc_pwy1127_pc3 2 2 0.86 -0.017 0.047 0.654
myeloid_wbc_pwy1128_pc3 2 2 0.86 -0.017 0.047 0.654
myeloid_wbc_pwy1133_pc3 3 3 0.967 -0.003 0.001 0.949
myeloid_wbc_pwy1141_pc3 2 2 0.031 0.033 0.998 0.082
myeloid_wbc_pwy1142_pc2 2 2 0.262 0.091 0.84 0.432
myeloid_wbc_pwy1143_pc1 3 3 0.695 -0.023 0.093 0.68
myeloid_wbc_pwy1145_pc4 2 2 0.036 -0.014 0.997 0.088
myeloid_wbc_pwy1148_pc3 3 3 0.012 0.052 0.976 0.092
myeloid_wbc_pwy1149_pc2 2 2 0.031 -0.05 0.998 0.105
myeloid_wbc_pwy1156_pc3 2 2 0.033 -0.047 0.997 0.111
myeloid_wbc_pwy115_pc4 2 2 0.02 0.057 0.999 0.065
myeloid_wbc_pwy1160_pc5 2 2 0.909 -0.007 0.02 0.747
myeloid_wbc_pwy1162_pc4 2 2 0.906 -0.007 0.022 0.742
myeloid_wbc_pwy1167_pc3 3 3 0.46 0.019 0.292 0.491
myeloid_wbc_pwy1168_pc2 2 2 0.478 -0.054 0.534 0.504
myeloid_wbc_pwy1186_pc4 2 2 0.035 0.083 0.997 0.062
myeloid_wbc_pwy118_pc5 3 3 0.823 -0.007 0.031 0.871
myeloid_wbc_pwy1195_pc3 3 3 0.059 0.073 0.885 0.195
myeloid_wbc_pwy1199_pc2 4 4 0.616 0.024 0.094 0.631
myeloid_wbc_pwy119_pc4 2 2 0.044 -0.058 0.995 0.12
myeloid_wbc_pwy122_pc5 2 2 0.982 -0.001 0.001 0.94
myeloid_wbc_pwy132_pc4 2 2 0.035 -0.024 0.997 0.086
myeloid_wbc_pwy154_pc5 2 2 0.054 0.032 0.993 0.152
myeloid_wbc_pwy159_pc2 4 4 0.616 0.025 0.094 0.646
myeloid_wbc_pwy15_pc2 2 2 0.415 0.07 0.631 0.454
myeloid_wbc_pwy163_pc4 2 2 0.885 -0.03 0.032 0.707
myeloid_wbc_pwy164_pc5 2 2 0.021 0.033 0.999 0.064
myeloid_wbc_pwy167_pc3 2 2 0.083 0.032 0.983 0.246
myeloid_wbc_pwy174_pc2 2 2 0.04 -0.05 0.996 0.095
myeloid_wbc_pwy177_pc4 2 2 0.889 -0.018 0.03 0.719
myeloid_wbc_pwy178_pc3 2 2 0.074 0.102 0.987 0.201
myeloid_wbc_pwy18_pc5 2 2 0.006 0.034 1 0.018
myeloid_wbc_pwy198_pc5 2 2 0.982 0.003 0.001 0.943
myeloid_wbc_pwy199_pc5 2 2 0.02 -0.034 0.999 0.064
myeloid_wbc_pwy19_pc5 2 2 0.045 -0.037 0.995 0.134
myeloid_wbc_pwy207_pc5 2 2 0.006 -0.041 1 0.02
myeloid_wbc_pwy208_pc3 2 2 0.461 -0.052 0.561 0.494
myeloid_wbc_pwy20_pc5 2 2 0.015 -0.034 0.999 0.046
myeloid_wbc_pwy21_pc5 2 2 0.02 -0.034 0.999 0.064
myeloid_wbc_pwy227_pc3 2 2 0.928 0.007 0.013 0.785
myeloid_wbc_pwy228_pc3 2 2 0.928 0.007 0.013 0.785
myeloid_wbc_pwy235_pc5 2 2 0.04 0.017 0.996 0.119
myeloid_wbc_pwy237_pc1 2 2 0.922 0.018 0.015 0.77
myeloid_wbc_pwy23_pc1 2 2 0.014 -0.068 0.999 0.042
myeloid_wbc_pwy241_pc5 2 2 0.95 0.008 0.006 0.865
myeloid_wbc_pwy269_pc3 2 2 0.107 0.036 0.972 0.308
myeloid_wbc_pwy270_pc4 2 2 0.073 -0.042 0.987 0.137
myeloid_wbc_pwy274_pc4 2 2 0.004 0.014 1 0.014
myeloid_wbc_pwy275_pc5 2 2 0.935 0.004 0.01 0.81
myeloid_wbc_pwy279_pc1 2 2 0.04 0.069 0.996 0.095
myeloid_wbc_pwy293_pc4 2 2 0.904 0.004 0.022 0.74
myeloid_wbc_pwy299_pc2 2 2 0.767 -0.028 0.128 0.607
myeloid_wbc_pwy300_pc3 3 3 0.524 -0.042 0.227 0.582
myeloid_wbc_pwy304_pc5 2 2 0.938 0.004 0.01 0.815
myeloid_wbc_pwy319_pc3 2 2 0.441 0.047 0.592 0.477
myeloid_wbc_pwy324_pc3 2 2 0.995 0.001 0 0.98
myeloid_wbc_pwy325_pc4 3 3 0.531 -0.065 0.22 0.371
myeloid_wbc_pwy327_pc4 2 2 0.022 -0.059 0.999 0.048
myeloid_wbc_pwy327_pc5 2 2 0.918 -0.007 0.017 0.759
myeloid_wbc_pwy32_pc3 2 2 0.441 0.047 0.592 0.477
myeloid_wbc_pwy339_pc2 2 2 0.072 -0.051 0.987 0.205
myeloid_wbc_pwy345_pc5 3 3 0.224 0.047 0.601 0.23
myeloid_wbc_pwy346_pc5 2 2 0.007 -0.055 1 0.024
myeloid_wbc_pwy360_pc5 2 2 0.071 -0.027 0.988 0.131
myeloid_wbc_pwy366_pc4 2 2 0.035 -0.049 0.997 0.086
myeloid_wbc_pwy368_pc2 2 2 0.152 -0.086 0.944 0.342
myeloid_wbc_pwy369_pc2 2 2 0.152 -0.086 0.944 0.342
myeloid_wbc_pwy381_pc1 2 2 0.466 0.071 0.554 0.509
myeloid_wbc_pwy382_pc4 2 2 0.918 -0.007 0.016 0.779
myeloid_wbc_pwy384_pc1 2 2 0.845 -0.017 0.058 0.664
myeloid_wbc_pwy393_pc1 2 2 0.466 0.071 0.554 0.509
myeloid_wbc_pwy394_pc5 2 2 0.176 -0.178 0.925 0.359
myeloid_wbc_pwy403_pc3 3 3 0.007 -0.067 0.986 0.055
myeloid_wbc_pwy405_pc3 2 2 0.023 -0.056 0.999 0.069
myeloid_wbc_pwy416_pc5 2 2 0.076 0.038 0.986 0.143
myeloid_wbc_pwy418_pc3 2 2 0.041 -0.074 0.996 0.079
myeloid_wbc_pwy41_pc2 2 2 0.896 -0.025 0.026 0.716
myeloid_wbc_pwy426_pc2 2 2 0.037 -0.064 0.997 0.113
myeloid_wbc_pwy426_pc3 2 2 0.042 -0.056 0.996 0.096
myeloid_wbc_pwy428_pc4 2 2 0.844 0.019 0.059 0.636
myeloid_wbc_pwy42_pc2 2 2 0.896 -0.025 0.026 0.716
myeloid_wbc_pwy430_pc1 2 2 0.974 -0.002 0.002 0.919
myeloid_wbc_pwy434_pc5 3 3 0.077 -0.062 0.852 0.215
myeloid_wbc_pwy437_pc2 2 2 0.014 -0.043 1 0.046
myeloid_wbc_pwy438_pc1 2 2 0.921 -0.007 0.015 0.787
myeloid_wbc_pwy439_pc1 2 2 0.948 -0.004 0.007 0.841
myeloid_wbc_pwy444_pc3 2 2 0.827 -0.044 0.072 0.605
myeloid_wbc_pwy445_pc5 2 2 0.011 -0.02 1 0.035
myeloid_wbc_pwy447_pc4 2 2 0.073 -0.057 0.987 0.22
myeloid_wbc_pwy453_pc2 2 2 0.02 0.071 0.999 0.063
myeloid_wbc_pwy453_pc3 2 2 0.055 -0.052 0.993 0.158
myeloid_wbc_pwy45_pc5 2 2 0.045 -0.037 0.995 0.134
myeloid_wbc_pwy461_pc4 2 2 0.035 0.083 0.997 0.062
myeloid_wbc_pwy466_pc2 2 2 0.49 0.044 0.516 0.511
myeloid_wbc_pwy469_pc2 2 2 0.068 -0.053 0.989 0.194
myeloid_wbc_pwy470_pc5 2 2 0.724 -0.024 0.176 0.566
myeloid_wbc_pwy472_pc3 2 2 0.04 -0.024 0.996 0.119
myeloid_wbc_pwy473_pc2 2 2 0.042 0.038 0.996 0.127
myeloid_wbc_pwy474_pc3 2 2 0.029 -0.037 0.998 0.076
myeloid_wbc_pwy477_pc3 3 3 0.465 -0.031 0.287 0.506
myeloid_wbc_pwy480_pc4 2 2 0.15 0.136 0.945 0.228
myeloid_wbc_pwy491_pc2 2 2 0.033 -0.058 0.997 0.11
myeloid_wbc_pwy492_pc1 2 2 0.152 -0.098 0.944 0.353
myeloid_wbc_pwy494_pc4 3 3 0.008 0.02 0.984 0.061
myeloid_wbc_pwy495_pc1 2 2 0.951 0.008 0.006 0.848
myeloid_wbc_pwy495_pc2 2 2 0.012 -0.056 1 0.039
myeloid_wbc_pwy497_pc4 3 3 0.008 0.022 0.984 0.06
myeloid_wbc_pwy499_pc4 2 2 0.062 -0.034 0.991 0.18
myeloid_wbc_pwy511_pc3 2 2 0.034 -0.066 0.997 0.083
myeloid_wbc_pwy521_pc2 2 2 0.007 0.059 1 0.02
myeloid_wbc_pwy527_pc4 2 2 0.859 -0.018 0.048 0.674
myeloid_wbc_pwy52_pc2 2 2 0.01 0.043 1 0.026
myeloid_wbc_pwy533_pc3 2 2 0 0.093 1 0
myeloid_wbc_pwy537_pc3 2 2 0.055 0.035 0.992 0.168
myeloid_wbc_pwy545_pc3 2 2 0.028 -0.042 0.998 0.101
myeloid_wbc_pwy54_pc4 2 2 0.048 0.037 0.994 0.13
myeloid_wbc_pwy54_pc5 2 2 0.912 -0.006 0.019 0.752
myeloid_wbc_pwy556_pc2 3 3 0.564 0.04 0.19 0.466
myeloid_wbc_pwy584_pc3 2 2 0.047 0.036 0.995 0.128
myeloid_wbc_pwy587_pc4 2 2 0.849 -0.009 0.056 0.665
myeloid_wbc_pwy588_pc3 2 2 0.043 -0.046 0.996 0.096
myeloid_wbc_pwy588_pc4 2 2 0.053 -0.035 0.993 0.145
myeloid_wbc_pwy591_pc2 3 3 0.424 0.032 0.332 0.439
myeloid_wbc_pwy604_pc4 2 2 0.011 0.057 1 0.028
myeloid_wbc_pwy60_pc1 2 2 0.017 0.092 0.999 0.056
myeloid_wbc_pwy613_pc4 2 2 0.947 0.008 0.007 0.843
myeloid_wbc_pwy626_pc2 2 2 0.946 -0.008 0.007 0.852
myeloid_wbc_pwy638_pc4 2 2 0.055 0.046 0.993 0.157
myeloid_wbc_pwy651_pc4 2 2 0.006 0.014 1 0.018
myeloid_wbc_pwy666_pc3 3 3 0.803 -0.021 0.039 0.842
myeloid_wbc_pwy676_pc5 2 2 0.157 -0.073 0.941 0.241
myeloid_wbc_pwy67_pc5 2 2 0.02 -0.043 0.999 0.048
myeloid_wbc_pwy681_pc4 2 2 0.968 -0.006 0.003 0.898
myeloid_wbc_pwy684_pc4 2 2 0.023 0.058 0.999 0.068
myeloid_wbc_pwy685_pc3 3 3 0.009 -0.035 0.982 0.065
myeloid_wbc_pwy686_pc3 2 2 0.062 -0.035 0.991 0.123
myeloid_wbc_pwy689_pc4 2 2 0.114 0.131 0.968 0.311
myeloid_wbc_pwy690_pc4 2 2 0.114 0.131 0.968 0.311
myeloid_wbc_pwy697_pc5 2 2 0.887 0.007 0.031 0.717
myeloid_wbc_pwy698_pc3 2 2 0.915 -0.009 0.018 0.89
myeloid_wbc_pwy701_pc3 3 3 0.502 0.032 0.248 0.355
myeloid_wbc_pwy709_pc4 2 2 0.009 -0.098 1 0.027
myeloid_wbc_pwy713_pc5 2 2 0.038 0.022 0.996 0.09
myeloid_wbc_pwy724_pc5 3 3 0.904 -0.003 0.009 0.947
myeloid_wbc_pwy728_pc2 2 2 0.012 0.131 1 0.017
myeloid_wbc_pwy728_pc3 3 3 0.246 0.083 0.569 0.267
myeloid_wbc_pwy731_pc3 2 2 0.029 -0.037 0.998 0.076
myeloid_wbc_pwy735_pc5 2 2 0.015 -0.037 0.999 0.036
myeloid_wbc_pwy739_pc3 2 2 0.981 0.002 0.001 0.937
myeloid_wbc_pwy745_pc4 2 2 0.506 0.033 0.491 0.517
myeloid_wbc_pwy750_pc5 2 2 0.018 0.03 0.999 0.046
myeloid_wbc_pwy753_pc1 2 2 0.38 -0.052 0.684 0.366
myeloid_wbc_pwy753_pc5 2 2 0.07 -0.089 0.988 0.202
myeloid_wbc_pwy761_pc3 2 2 0.002 0.022 1 0.006
myeloid_wbc_pwy769_pc5 2 2 0.942 0.004 0.008 0.846
myeloid_wbc_pwy782_pc4 2 2 0.042 0.047 0.996 0.125
myeloid_wbc_pwy78_pc5 3 3 0.881 0.01 0.014 0.93
myeloid_wbc_pwy792_pc2 2 2 0.429 0.09 0.611 0.469
myeloid_wbc_pwy796_pc4 2 2 0.06 -0.022 0.991 0.174
myeloid_wbc_pwy797_pc2 2 2 0.001 -0.094 1 0.006
myeloid_wbc_pwy803_pc5 3 3 0.552 -0.036 0.201 0.606
myeloid_wbc_pwy805_pc4 2 2 0.062 0.029 0.99 0.182
myeloid_wbc_pwy822_pc5 4 4 0.264 0.064 0.386 0.21
myeloid_wbc_pwy824_pc4 2 2 0.012 0.021 1 0.04
myeloid_wbc_pwy847_pc3 2 2 0.004 0.057 1 0.015
myeloid_wbc_pwy852_pc2 2 2 0.987 -0.001 0 0.949
myeloid_wbc_pwy883_pc3 2 2 0.146 -0.149 0.948 0.355
myeloid_wbc_pwy891_pc5 2 2 0.918 0.006 0.017 0.76
myeloid_wbc_pwy892_pc2 3 3 0.007 -0.063 0.985 0.058
myeloid_wbc_pwy893_pc1 2 2 0.102 -0.099 0.974 0.296
myeloid_wbc_pwy894_pc4 2 2 0.055 0.045 0.993 0.113
myeloid_wbc_pwy901_pc1 2 2 0.965 0.007 0.003 0.878
myeloid_wbc_pwy905_pc1 2 2 0.878 0.018 0.036 0.686
myeloid_wbc_pwy90_pc2 2 2 0.042 0.038 0.996 0.127
myeloid_wbc_pwy91_pc4 2 2 0.009 0.061 1 0.021
myeloid_wbc_pwy924_pc5 2 2 0.054 0.131 0.993 0.082
myeloid_wbc_pwy931_pc5 2 2 0.048 0.036 0.994 0.139
myeloid_wbc_pwy933_pc4 2 2 0.034 0.076 0.997 0.089
myeloid_wbc_pwy939_pc2 3 3 0.003 -0.052 0.994 0.047
myeloid_wbc_pwy941_pc1 2 2 0.056 0.099 0.992 0.127
myeloid_wbc_pwy94_pc5 2 2 0.92 -0.003 0.016 0.765
myeloid_wbc_pwy956_pc3 2 2 0.078 0.042 0.985 0.147
myeloid_wbc_pwy956_pc4 3 3 0.879 0.004 0.015 0.93
myeloid_wbc_pwy960_pc3 2 2 0.002 0.043 1 0.007
myeloid_wbc_pwy963_pc3 2 2 0.006 -0.037 1 0.021
myeloid_wbc_pwy966_pc3 2 2 0.756 0.02 0.14 0.593
myeloid_wbc_pwy972_pc4 2 2 0.038 0.079 0.996 0.098
myeloid_wbc_pwy97_pc4 2 2 0.111 0.022 0.97 0.313
myeloid_wbc_pwy991_pc2 2 2 0.029 0.103 0.998 0.022
myeloid_wbc_pwy992_pc2 2 2 0.029 0.103 0.998 0.022
myeloid_wbc_pwy993_pc2 2 2 0.029 0.103 0.998 0.022
myeloid_wbc_pwy994_pc2 2 2 0.029 0.103 0.998 0.022
myeloid_wbc_pwy995_pc2 2 2 0.029 0.103 0.998 0.022
myeloid_wbc_pwy996_pc2 2 2 0.029 0.103 0.998 0.022
myeloid_wbc_pwy997_pc2 2 2 0.029 0.103 0.998 0.022
myeloid_wbc_pwy998_pc2 2 2 0.029 0.103 0.998 0.022
neut_pwy1026_pc3 2 2 0.012 0.032 1 0.039
neut_pwy1039_pc5 2 2 0.45 -0.042 0.579 0.461
neut_pwy1042_pc5 2 2 0.925 0.005 0.014 0.787
neut_pwy1047_pc1 3 3 0.747 0.032 0.064 0.793
neut_pwy1059_pc4 2 2 0.846 0.009 0.057 0.668
neut_pwy1062_pc3 2 2 0.051 -0.045 0.994 0.115
neut_pwy106_pc4 2 2 0.019 -0.019 0.999 0.057
neut_pwy1075_pc5 3 3 0.425 -0.048 0.331 0.396
neut_pwy1082_pc2 2 2 0.03 0.046 0.998 0.08
neut_pwy1088_pc3 2 2 0.041 -0.042 0.996 0.104
neut_pwy1089_pc5 2 2 0.032 -0.023 0.997 0.105
neut_pwy1095_pc3 2 2 0.886 0.011 0.032 0.718
neut_pwy1105_pc5 3 3 0.418 0.013 0.339 0.387
neut_pwy1107_pc5 2 2 0.928 0.005 0.013 0.804
neut_pwy1108_pc2 2 2 0.442 0.045 0.59 0.458
neut_pwy1125_pc2 2 2 0.864 -0.017 0.045 0.685
neut_pwy1126_pc3 2 2 0.883 -0.011 0.033 0.713
neut_pwy1127_pc3 2 2 0.883 -0.011 0.033 0.713
neut_pwy1128_pc3 2 2 0.883 -0.011 0.033 0.713
neut_pwy1141_pc3 2 2 0.04 0.033 0.996 0.102
neut_pwy1142_pc2 2 2 0.129 0.07 0.96 0.281
neut_pwy1145_pc4 2 2 0.045 -0.014 0.995 0.106
neut_pwy1148_pc3 2 2 0.006 0.045 1 0.017
neut_pwy1149_pc2 2 2 0.023 -0.049 0.999 0.073
neut_pwy1156_pc3 2 2 0.024 -0.046 0.999 0.08
neut_pwy1159_pc5 2 2 0.898 0.008 0.025 0.734
neut_pwy1160_pc5 2 2 0.9 -0.008 0.024 0.736
neut_pwy1162_pc4 2 2 0.897 -0.007 0.026 0.734
neut_pwy1167_pc3 3 3 0.442 0.021 0.311 0.428
neut_pwy1168_pc2 2 2 0.465 -0.057 0.555 0.485
neut_pwy118_pc5 3 3 0.833 -0.007 0.028 0.897
neut_pwy1190_pc1 2 2 0.027 0.087 0.998 0.084
neut_pwy132_pc4 2 2 0.043 -0.024 0.995 0.105
neut_pwy133_pc3 2 2 0.867 -0.017 0.043 0.69
neut_pwy157_pc4 2 2 0.968 -0.004 0.002 0.881
neut_pwy159_pc2 3 3 0.384 0.046 0.38 0.381
neut_pwy163_pc4 2 2 0.906 -0.023 0.022 0.764
neut_pwy164_pc5 2 2 0.03 0.032 0.998 0.077
neut_pwy174_pc2 2 2 0.048 -0.049 0.994 0.111
neut_pwy177_pc4 2 2 0.953 -0.008 0.005 0.867
neut_pwy178_pc3 2 2 0.121 0.095 0.964 0.285
neut_pwy18_pc5 2 2 0.014 0.034 0.999 0.047
neut_pwy198_pc5 2 2 0.99 0.002 0 0.971
neut_pwy199_pc5 2 2 0.011 -0.034 1 0.033
neut_pwy207_pc5 2 2 0.003 -0.041 1 0.011
neut_pwy208_pc3 2 2 0.448 -0.055 0.582 0.46
neut_pwy20_pc5 2 2 0.024 -0.033 0.999 0.066
neut_pwy21_pc5 2 2 0.011 -0.034 1 0.033
neut_pwy227_pc3 3 3 0.575 0.028 0.18 0.488
neut_pwy228_pc3 3 3 0.575 0.028 0.18 0.488
neut_pwy235_pc5 2 2 0.031 0.017 0.998 0.104
neut_pwy23_pc1 2 2 0.023 -0.067 0.999 0.064
neut_pwy275_pc5 2 2 0.926 0.004 0.014 0.788
neut_pwy279_pc1 2 2 0.049 0.068 0.994 0.112
neut_pwy293_pc4 2 2 0.895 0.005 0.027 0.729
neut_pwy300_pc3 3 3 0.402 -0.05 0.358 0.394
neut_pwy304_pc5 2 2 0.928 0.005 0.013 0.795
neut_pwy319_pc3 2 2 0.428 0.049 0.612 0.442
neut_pwy325_pc4 5 5 0.745 -0.02 0.029 0.748
neut_pwy327_pc5 2 2 0.908 -0.007 0.021 0.755
neut_pwy32_pc3 2 2 0.428 0.049 0.612 0.442
neut_pwy345_pc5 3 3 0.208 0.049 0.627 0.232
neut_pwy346_pc5 2 2 0.002 -0.054 1 0.004
neut_pwy349_pc5 2 2 0.936 -0.004 0.01 0.823
neut_pwy360_pc5 2 2 0.08 -0.026 0.984 0.151
neut_pwy366_pc4 2 2 0.044 -0.048 0.995 0.106
neut_pwy381_pc1 2 2 0.422 0.076 0.621 0.456
neut_pwy381_pc5 2 2 0.85 -0.02 0.054 0.664
neut_pwy382_pc4 2 2 0.956 -0.003 0.005 0.886
neut_pwy384_pc1 2 2 0.865 -0.014 0.044 0.706
neut_pwy392_pc2 2 2 0.453 -0.055 0.573 0.464
neut_pwy393_pc1 2 2 0.422 0.076 0.621 0.456
neut_pwy393_pc5 2 2 0.85 -0.02 0.054 0.664
neut_pwy403_pc3 2 2 0.013 -0.06 1 0.042
neut_pwy405_pc3 3 3 0.003 -0.058 0.994 0.011
neut_pwy416_pc5 2 2 0.084 0.037 0.983 0.154
neut_pwy426_pc2 2 2 0.028 -0.063 0.998 0.096
neut_pwy426_pc3 2 2 0.051 -0.055 0.994 0.115
neut_pwy428_pc4 3 3 0.861 -0.009 0.019 0.921
neut_pwy434_pc5 2 2 0.072 -0.046 0.987 0.143
neut_pwy437_pc2 2 2 0.005 -0.042 1 0.016
neut_pwy444_pc3 2 2 0.9 -0.025 0.024 0.716
neut_pwy445_pc5 2 2 0.002 -0.019 1 0.007
neut_pwy466_pc2 3 3 0.24 0.048 0.578 0.232
neut_pwy469_pc2 2 2 0.059 -0.052 0.991 0.162
neut_pwy472_pc3 2 2 0.031 -0.024 0.998 0.104
neut_pwy473_pc2 2 2 0.034 0.038 0.997 0.112
neut_pwy474_pc3 2 2 0.038 -0.036 0.996 0.097
neut_pwy477_pc3 3 3 0.42 -0.034 0.336 0.424
neut_pwy480_pc4 2 2 0.148 0.131 0.947 0.201
neut_pwy491_pc2 2 2 0.024 -0.057 0.999 0.079
neut_pwy492_pc1 2 2 0.053 -0.089 0.993 0.168
neut_pwy494_pc4 2 2 0.028 0.018 0.998 0.096
neut_pwy495_pc2 2 2 0.003 -0.055 1 0.011
neut_pwy497_pc4 2 2 0.015 0.02 0.999 0.045
neut_pwy511_pc3 2 2 0.042 -0.065 0.996 0.104
neut_pwy527_pc4 2 2 0.853 -0.019 0.053 0.647
neut_pwy52_pc2 2 2 0.019 0.043 0.999 0.057
neut_pwy537_pc3 2 2 0.039 0.033 0.996 0.13
neut_pwy545_pc3 2 2 0.02 -0.042 0.999 0.059
neut_pwy54_pc5 2 2 0.903 -0.006 0.023 0.74
neut_pwy556_pc2 2 2 0.044 0.075 0.995 0.142
neut_pwy588_pc3 2 2 0.051 -0.045 0.994 0.115
neut_pwy591_pc2 3 3 0.407 0.034 0.351 0.378
neut_pwy596_pc4 2 2 0.898 0.014 0.026 0.728
neut_pwy603_pc5 2 2 0.919 -0.006 0.016 0.777
neut_pwy609_pc4 2 2 0.085 -0.132 0.982 0.228
neut_pwy618_pc5 2 2 0.807 -0.02 0.089 0.619
neut_pwy626_pc2 2 2 0.935 -0.009 0.01 0.821
neut_pwy632_pc1 2 2 0.887 -0.033 0.031 0.726
neut_pwy649_pc3 2 2 0.085 0.036 0.982 0.155
neut_pwy651_pc4 2 2 0.015 0.014 0.999 0.049
neut_pwy666_pc3 3 3 0.788 -0.023 0.045 0.839
neut_pwy676_pc5 2 2 0.148 -0.07 0.947 0.21
neut_pwy685_pc3 2 2 0.034 -0.031 0.997 0.088
neut_pwy686_pc3 2 2 0.071 -0.034 0.988 0.142
neut_pwy689_pc4 2 2 0.159 0.111 0.939 0.38
neut_pwy690_pc4 2 2 0.159 0.111 0.939 0.38
neut_pwy697_pc5 2 2 0.878 0.007 0.036 0.705
neut_pwy6_pc1 2 2 0.417 0.077 0.63 0.438
neut_pwy701_pc3 3 3 0.518 0.029 0.232 0.384
neut_pwy713_pc5 2 2 0.047 0.022 0.995 0.111
neut_pwy724_pc5 3 3 0.913 -0.003 0.008 0.948
neut_pwy728_pc2 2 2 0.043 0.131 0.995 0.075
neut_pwy731_pc3 2 2 0.038 -0.036 0.996 0.097
neut_pwy745_pc4 2 2 0.493 0.034 0.511 0.5
neut_pwy74_pc2 2 2 0.89 -0.032 0.029 0.699
neut_pwy753_pc1 2 2 0.373 -0.055 0.694 0.356
neut_pwy753_pc5 3 3 0.002 -0.084 0.996 0.027
neut_pwy761_pc3 2 2 0.007 0.022 1 0.022
neut_pwy769_pc5 2 2 0.932 0.004 0.011 0.813
neut_pwy778_pc2 2 2 0.001 -0.063 1 0.005
neut_pwy782_pc4 2 2 0.033 0.047 0.997 0.107
neut_pwy78_pc5 3 3 0.89 0.009 0.012 0.937
neut_pwy792_pc2 2 2 0.416 0.095 0.631 0.434
neut_pwy803_pc5 3 3 0.441 -0.043 0.313 0.44
neut_pwy822_pc5 2 2 0.803 0.03 0.092 0.651
neut_pwy824_pc4 2 2 0.004 0.02 1 0.012
neut_pwy847_pc3 2 2 0.013 0.056 1 0.044
neut_pwy850_pc1 2 2 0.813 0.029 0.084 0.616
neut_pwy883_pc3 2 2 0.205 -0.144 0.9 0.421
neut_pwy891_pc5 2 2 0.909 0.007 0.02 0.755
neut_pwy892_pc2 2 2 0.01 -0.056 1 0.03
neut_pwy894_pc4 2 2 0.064 0.044 0.99 0.135
neut_pwy909_pc1 2 2 0.955 0.007 0.005 0.877
neut_pwy90_pc2 2 2 0.034 0.038 0.997 0.112
neut_pwy910_pc3 3 3 0.003 -0.153 0.994 0.013
neut_pwy924_pc5 2 2 0.062 0.134 0.99 0.081
neut_pwy938_pc5 2 2 0.911 -0.007 0.019 0.76
neut_pwy939_pc2 3 3 0.001 -0.05 0.998 0.018
neut_pwy949_pc5 2 2 0.857 -0.01 0.049 0.686
neut_pwy94_pc5 2 2 0.911 -0.003 0.019 0.76
neut_pwy950_pc5 2 2 0.9 0.008 0.024 0.736
neut_pwy956_pc3 2 2 0.087 0.041 0.982 0.16
neut_pwy956_pc4 3 3 0.887 0.004 0.013 0.937
neut_pwy960_pc3 2 2 0.01 0.043 1 0.034
neut_pwy963_pc3 2 2 0.003 -0.037 1 0.011
neut_pwy96_pc4 2 2 0.1 -0.042 0.975 0.256
neut_pwy991_pc2 2 2 0.02 0.106 0.999 0.016
neut_pwy992_pc2 2 2 0.02 0.106 0.999 0.016
neut_pwy993_pc2 2 2 0.02 0.106 0.999 0.016
neut_pwy994_pc2 2 2 0.02 0.106 0.999 0.016
neut_pwy995_pc2 2 2 0.02 0.106 0.999 0.016
neut_pwy996_pc2 2 2 0.02 0.106 0.999 0.016
neut_pwy997_pc2 2 2 0.02 0.106 0.999 0.016
neut_pwy998_pc2 2 2 0.02 0.106 0.999 0.016
neut_pwy99_pc1 2 2 0.475 -0.048 0.54 0.493
plt_pwy1036_pc2 2 2 0.28 -0.156 0.819 0.454
plt_pwy106_pc4 2 2 0.589 0.016 0.362 0.544
plt_pwy1102_pc4 2 2 0.074 0.044 0.986 0.178
plt_pwy1109_pc4 2 2 0.052 -0.027 0.993 0.11
plt_pwy1125_pc3 3 3 0.977 -0.002 0.001 0.973
plt_pwy1132_pc3 3 3 0.447 -0.072 0.306 0.307
plt_pwy1137_pc5 2 2 0.591 -0.037 0.359 0.544
plt_pwy1146_pc5 2 2 0.622 0.045 0.313 0.544
plt_pwy114_pc1 2 2 0.145 0.113 0.949 0.289
plt_pwy115_pc4 2 2 0.016 0.054 0.999 0.039
plt_pwy116_pc2 2 2 0.8 0.032 0.096 0.625
plt_pwy1182_pc4 2 2 0.135 0.065 0.956 0.298
plt_pwy165_pc4 2 2 0.157 0.074 0.94 0.335
plt_pwy16_pc5 2 2 0.594 0.028 0.354 0.544
plt_pwy180_pc2 2 2 0.92 -0.014 0.016 0.81
plt_pwy209_pc4 2 2 0.913 0.018 0.018 0.796
plt_pwy20_pc5 2 2 0.732 0.021 0.167 0.588
plt_pwy210_pc5 3 3 0.704 0.01 0.088 0.686
plt_pwy214_pc3 2 2 0.632 -0.025 0.299 0.544
plt_pwy225_pc1 2 2 0.108 0.068 0.971 0.231
plt_pwy235_pc5 2 2 0.643 -0.013 0.283 0.544
plt_pwy24_pc4 2 2 0.092 -0.361 0.979 0.217
plt_pwy252_pc2 2 2 0.662 0.034 0.256 0.544
plt_pwy257_pc2 3 3 0.337 0.082 0.44 0.29
plt_pwy266_pc4 2 2 0.1 0.085 0.976 0.237
plt_pwy269_pc3 3 3 0.756 -0.01 0.059 0.743
plt_pwy26_pc2 2 2 0.822 -0.036 0.076 0.643
plt_pwy271_pc3 2 2 0.615 0.024 0.323 0.544
plt_pwy28_pc4 2 2 0.761 0.026 0.134 0.585
plt_pwy291_pc2 2 2 0.799 -0.04 0.096 0.593
plt_pwy291_pc5 2 2 0.557 0.035 0.41 0.538
plt_pwy305_pc3 2 2 0.3 0.163 0.794 0.447
plt_pwy311_pc4 2 2 0.133 -0.062 0.957 0.297
plt_pwy31_pc1 2 2 0.013 -0.07 1 0.032
plt_pwy325_pc4 3 3 0.668 -0.052 0.11 0.65
plt_pwy326_pc4 2 2 0.143 0.073 0.95 0.316
plt_pwy34_pc3 2 2 0.097 -0.095 0.977 0.225
plt_pwy350_pc4 2 2 0.125 -0.065 0.962 0.28
plt_pwy356_pc4 2 2 0.145 -0.073 0.949 0.317
plt_pwy357_pc4 2 2 0.145 -0.073 0.949 0.317
plt_pwy377_pc1 2 2 0.029 0.101 0.998 0.041
plt_pwy394_pc2 2 2 0.084 0.161 0.983 0.218
plt_pwy3_pc4 2 2 0.139 -0.062 0.953 0.308
plt_pwy401_pc5 2 2 0.622 0.044 0.313 0.544
plt_pwy405_pc3 2 2 0.343 0.118 0.737 0.436
plt_pwy456_pc2 2 2 0.209 -0.048 0.896 0.24
plt_pwy460_pc5 3 3 0.848 0.018 0.023 0.867
plt_pwy490_pc4 2 2 0.143 0.025 0.95 0.318
plt_pwy510_pc3 2 2 0.021 0.063 0.999 0.055
plt_pwy522_pc4 2 2 0.641 0.031 0.286 0.544
plt_pwy535_pc4 2 2 0.083 -0.085 0.983 0.201
plt_pwy536_pc1 2 2 0.061 0.125 0.991 0.146
plt_pwy549_pc4 2 2 0.976 -0.003 0.001 0.947
plt_pwy551_pc5 2 2 0.033 -0.132 0.997 0.053
plt_pwy577_pc5 3 3 0.794 -0.009 0.042 0.785
plt_pwy59_pc4 2 2 0.269 0.241 0.832 0.447
plt_pwy605_pc4 2 2 0.89 0.017 0.03 0.732
plt_pwy629_pc5 2 2 0.051 0.158 0.994 0.107
plt_pwy638_pc4 2 2 0.001 0.043 1 0.004
plt_pwy650_pc3 2 2 0.754 -0.039 0.142 0.58
plt_pwy656_pc2 2 2 0.815 -0.026 0.082 0.615
plt_pwy660_pc5 2 2 0.001 0.06 1 0.002
plt_pwy672_pc4 3 3 0.047 0.112 0.907 0.14
plt_pwy678_pc4 2 2 0.824 -0.044 0.075 0.647
plt_pwy681_pc2 2 2 0.042 -0.093 0.996 0.105
plt_pwy684_pc4 2 2 0.576 -0.038 0.382 0.542
plt_pwy685_pc3 2 2 0.588 0.024 0.364 0.544
plt_pwy688_pc3 4 4 0.279 -0.066 0.366 0.256
plt_pwy692_pc3 2 2 0.896 0.016 0.026 0.763
plt_pwy694_pc4 2 2 0.588 -0.024 0.364 0.544
plt_pwy728_pc4 2 2 0.003 0.099 1 0.001
plt_pwy735_pc5 3 3 0.928 0.004 0.005 0.931
plt_pwy741_pc2 2 2 0.425 0.044 0.616 0.393
plt_pwy743_pc3 3 3 0.607 0.055 0.154 0.557
plt_pwy746_pc5 2 2 0.844 -0.024 0.059 0.686
plt_pwy753_pc1 2 2 0.696 -0.039 0.211 0.573
plt_pwy772_pc1 2 2 0.678 -0.091 0.235 0.558
plt_pwy782_pc2 2 2 0.187 0.065 0.916 0.378
plt_pwy784_pc4 2 2 0.897 0.029 0.026 0.775
plt_pwy817_pc3 2 2 0.696 0.037 0.212 0.591
plt_pwy823_pc4 2 2 0.082 0.121 0.983 0.119
plt_pwy854_pc2 2 2 0.001 -0.121 1 0.002
plt_pwy86_pc4 3 3 0.867 0.008 0.018 0.877
plt_pwy87_pc4 3 3 0.867 0.008 0.018 0.877
plt_pwy891_pc4 2 2 0.169 0.089 0.931 0.35
plt_pwy897_pc2 2 2 0.644 0.121 0.282 0.506
plt_pwy898_pc2 3 3 0.674 0.034 0.106 0.68
plt_pwy901_pc2 3 3 0.285 0.065 0.511 0.268
plt_pwy905_pc3 2 2 0.043 0.084 0.995 0.1
plt_pwy916_pc5 2 2 0.075 -0.126 0.986 0.183
plt_pwy920_pc2 3 3 0.425 0.067 0.33 0.32
plt_pwy921_pc5 2 2 0.674 0.025 0.24 0.547
plt_pwy932_pc4 2 2 0.145 0.074 0.949 0.319
plt_pwy947_pc2 2 2 0.016 -0.11 0.999 0.015
plt_pwy964_pc4 2 2 0.132 0.075 0.958 0.295
plt_pwy978_pc5 2 2 0.594 0.028 0.354 0.544
rbc_pwy1004_pc3 2 2 0.055 -0.105 0.993 0.165
rbc_pwy1015_pc5 2 2 0.895 -0.009 0.027 0.761
rbc_pwy1036_pc2 2 2 0.048 -0.057 0.994 0.097
rbc_pwy1040_pc5 2 2 0.04 0.071 0.996 0.119
rbc_pwy1048_pc1 2 2 0.043 -0.14 0.995 0.088
rbc_pwy1059_pc4 2 2 0.02 -0.044 0.999 0.065
rbc_pwy1060_pc2 2 2 0.928 -0.008 0.013 0.78
rbc_pwy1067_pc1 2 2 0.028 0.121 0.998 0.047
rbc_pwy1068_pc1 2 2 0.99 -0.002 0 0.972
rbc_pwy1083_pc2 2 2 0.783 0.028 0.112 0.602
rbc_pwy1087_pc3 2 2 0.956 -0.002 0.005 0.857
rbc_pwy1091_pc4 2 2 0.048 0.041 0.994 0.154
rbc_pwy1092_pc4 2 2 0.012 0.044 1 0.036
rbc_pwy1093_pc3 2 2 0.956 -0.002 0.005 0.857
rbc_pwy1094_pc4 2 2 0.002 0.073 1 0.003
rbc_pwy1106_pc1 2 2 0.032 0.081 0.997 0.093
rbc_pwy1108_pc2 2 2 0.935 -0.007 0.01 0.81
rbc_pwy110_pc4 3 3 0.472 0.133 0.279 0.364
rbc_pwy1114_pc2 2 2 0.011 0.059 1 0.031
rbc_pwy1115_pc3 2 2 0.108 0.1 0.972 0.273
rbc_pwy1117_pc3 2 2 0.727 -0.028 0.173 0.57
rbc_pwy1121_pc4 2 2 0.072 0.085 0.987 0.222
rbc_pwy1122_pc4 2 2 0.072 0.085 0.987 0.222
rbc_pwy1141_pc1 2 2 0.025 0.084 0.999 0.08
rbc_pwy1148_pc2 2 2 0.027 0.067 0.998 0.088
rbc_pwy1148_pc5 2 2 0.969 -0.004 0.002 0.906
rbc_pwy1160_pc4 2 2 0.044 0.058 0.995 0.141
rbc_pwy1165_pc2 3 3 0.773 0.021 0.052 0.834
rbc_pwy1172_pc1 2 2 0.782 -0.021 0.113 0.622
rbc_pwy1185_pc2 2 2 0.005 0.079 1 0.012
rbc_pwy1188_pc2 2 2 0.901 0.016 0.024 0.724
rbc_pwy1188_pc3 2 2 0.01 0.083 1 0.036
rbc_pwy1199_pc1 2 2 0.931 0.01 0.012 0.812
rbc_pwy1199_pc4 2 2 0.028 -0.052 0.998 0.08
rbc_pwy11_pc1 2 2 0.933 0.011 0.011 0.838
rbc_pwy121_pc2 2 2 0.887 0.008 0.031 0.761
rbc_pwy126_pc3 2 2 0.128 0.074 0.96 0.281
rbc_pwy134_pc2 2 2 0.914 -0.013 0.018 0.738
rbc_pwy162_pc4 2 2 0.044 0.046 0.995 0.142
rbc_pwy168_pc2 2 2 0.035 0.134 0.997 0.099
rbc_pwy168_pc4 2 2 0.132 -0.136 0.958 0.308
rbc_pwy172_pc1 2 2 0.837 0.019 0.064 0.624
rbc_pwy192_pc2 2 2 0.195 -0.156 0.909 0.324
rbc_pwy201_pc1 2 2 0.069 0.062 0.988 0.211
rbc_pwy206_pc5 2 2 0.972 -0.001 0.002 0.907
rbc_pwy208_pc3 2 2 0.029 0.084 0.998 0.09
rbc_pwy220_pc1 2 2 0.498 -0.149 0.504 0.501
rbc_pwy221_pc2 3 3 0.615 -0.026 0.148 0.566
rbc_pwy222_pc1 2 2 0.968 0.002 0.003 0.891
rbc_pwy243_pc1 2 2 0.015 0.092 0.999 0.044
rbc_pwy243_pc5 2 2 0.885 -0.022 0.032 0.715
rbc_pwy256_pc4 2 2 0.849 -0.015 0.055 0.693
rbc_pwy258_pc3 4 4 0.919 -0.004 0.004 0.909
rbc_pwy259_pc3 4 4 0.919 -0.004 0.004 0.909
rbc_pwy262_pc4 2 2 0.796 0.025 0.1 0.612
rbc_pwy272_pc4 2 2 0.968 0.005 0.003 0.907
rbc_pwy274_pc1 2 2 0.11 0.052 0.971 0.313
rbc_pwy278_pc3 2 2 0.77 -0.046 0.125 0.552
rbc_pwy279_pc1 2 2 0.875 -0.016 0.038 0.735
rbc_pwy28_pc4 2 2 0.046 0.063 0.995 0.143
rbc_pwy307_pc3 2 2 0.105 0.096 0.973 0.284
rbc_pwy328_pc2 2 2 0.864 0.021 0.045 0.758
rbc_pwy340_pc1 2 2 0.028 0.121 0.998 0.047
rbc_pwy343_pc3 2 2 0.086 0.131 0.982 0.212
rbc_pwy345_pc1 2 2 0.006 -0.059 1 0.024
rbc_pwy349_pc2 2 2 0.038 -0.077 0.996 0.1
rbc_pwy349_pc3 2 2 0.048 -0.063 0.994 0.146
rbc_pwy34_pc5 2 2 0.02 0.077 0.999 0.065
rbc_pwy353_pc1 2 2 0.477 0.174 0.535 0.469
rbc_pwy361_pc2 2 2 0.08 0.133 0.984 0.203
rbc_pwy371_pc2 2 2 0.927 -0.008 0.013 0.776
rbc_pwy37_pc5 3 3 0.895 0.007 0.011 0.925
rbc_pwy382_pc2 2 2 0.947 -0.007 0.007 0.876
rbc_pwy384_pc4 2 2 0.893 -0.015 0.028 0.711
rbc_pwy386_pc2 2 2 0.885 -0.007 0.032 0.731
rbc_pwy422_pc2 2 2 0.937 0.004 0.01 0.806
rbc_pwy434_pc5 2 2 0 -0.057 1 0
rbc_pwy437_pc3 2 2 0.772 0.03 0.123 0.59
rbc_pwy451_pc4 2 2 0.066 -0.037 0.989 0.204
rbc_pwy454_pc4 2 2 0.861 -0.009 0.047 0.716
rbc_pwy464_pc4 2 2 0.973 0.004 0.002 0.911
rbc_pwy487_pc1 2 2 0.985 -0.002 0.001 0.963
rbc_pwy487_pc5 2 2 0.906 0.018 0.022 0.714
rbc_pwy48_pc2 2 2 0.87 -0.012 0.041 0.752
rbc_pwy509_pc3 2 2 0.106 -0.107 0.973 0.306
rbc_pwy50_pc1 3 3 0.737 -0.031 0.069 0.757
rbc_pwy510_pc1 2 2 0.082 0.088 0.984 0.257
rbc_pwy525_pc1 2 2 0.785 -0.021 0.11 0.622
rbc_pwy530_pc1 2 2 0.013 0.047 1 0.037
rbc_pwy530_pc2 2 2 0.912 0.005 0.019 0.772
rbc_pwy534_pc2 2 2 0.932 0.015 0.011 0.785
rbc_pwy543_pc2 2 2 0.921 0.004 0.015 0.786
rbc_pwy545_pc2 2 2 0.028 -0.077 0.998 0.06
rbc_pwy545_pc5 2 2 0.07 -0.04 0.988 0.213
rbc_pwy550_pc5 2 2 0.996 0.001 0 0.984
rbc_pwy553_pc5 2 2 0.079 -0.1 0.985 0.242
rbc_pwy554_pc4 2 2 0.949 -0.009 0.006 0.859
rbc_pwy577_pc1 2 2 0.013 0.077 1 0.044
rbc_pwy578_pc2 2 2 0.067 -0.079 0.989 0.174
rbc_pwy587_pc4 2 2 0.024 0.043 0.999 0.077
rbc_pwy589_pc4 2 2 0.002 0.073 1 0.003
rbc_pwy59_pc4 5 5 0.134 0.089 0.469 0.105
rbc_pwy605_pc4 2 2 0.015 -0.072 0.999 0.041
rbc_pwy606_pc5 2 2 0.923 -0.012 0.014 0.796
rbc_pwy608_pc4 2 2 0.009 -0.06 1 0.029
rbc_pwy60_pc3 3 3 0.232 -0.133 0.589 0.26
rbc_pwy624_pc2 2 2 0.999 0 0 0.998
rbc_pwy635_pc3 2 2 0.502 -0.112 0.498 0.501
rbc_pwy636_pc2 2 2 0.936 -0.013 0.01 0.834
rbc_pwy638_pc2 2 2 0.067 -0.089 0.989 0.113
rbc_pwy642_pc2 2 2 0.885 0.008 0.032 0.757
rbc_pwy651_pc2 2 2 0.537 -0.048 0.441 0.486
rbc_pwy666_pc2 2 2 0.133 -0.061 0.957 0.318
rbc_pwy667_pc2 2 2 0.015 0.114 0.999 0.045
rbc_pwy677_pc3 3 3 0.368 0.103 0.399 0.275
rbc_pwy69_pc3 2 2 0.942 -0.012 0.008 0.835
rbc_pwy6_pc1 2 2 0.896 -0.013 0.026 0.71
rbc_pwy701_pc1 2 2 0.816 -0.027 0.081 0.641
rbc_pwy714_pc5 2 2 0.221 -0.122 0.884 0.443
rbc_pwy728_pc4 2 2 0.015 0.081 0.999 0.042
rbc_pwy737_pc3 3 3 0.574 0.027 0.182 0.47
rbc_pwy737_pc4 3 3 0.003 0.084 0.993 0.018
rbc_pwy73_pc1 2 2 0.87 0.039 0.041 0.688
rbc_pwy753_pc5 2 2 0.016 -0.081 0.999 0.052
rbc_pwy761_pc4 2 2 0.966 -0.002 0.003 0.894
rbc_pwy770_pc1 2 2 0.13 0.135 0.959 0.351
rbc_pwy773_pc2 2 2 0.026 -0.068 0.998 0.073
rbc_pwy776_pc3 2 2 0.985 0.002 0.001 0.958
rbc_pwy781_pc3 2 2 0.983 0.003 0.001 0.936
rbc_pwy789_pc2 2 2 0.065 0.066 0.99 0.164
rbc_pwy789_pc5 2 2 0.057 0.027 0.992 0.172
rbc_pwy790_pc4 2 2 0.067 -0.069 0.989 0.203
rbc_pwy801_pc2 3 3 0.549 0.032 0.204 0.433
rbc_pwy806_pc4 2 2 0.915 -0.01 0.018 0.794
rbc_pwy817_pc5 2 2 0.003 0.042 1 0.013
rbc_pwy820_pc3 2 2 0.01 -0.08 1 0.033
rbc_pwy820_pc4 2 2 0.067 -0.043 0.989 0.206
rbc_pwy828_pc4 2 2 0.06 0.021 0.991 0.185
rbc_pwy83_pc2 2 2 0.272 -0.269 0.829 0.402
rbc_pwy850_pc5 2 2 0.069 -0.056 0.988 0.209
rbc_pwy854_pc3 2 2 0.059 0.063 0.991 0.185
rbc_pwy855_pc3 2 2 0.983 0.001 0.001 0.952
rbc_pwy871_pc1 2 2 0.952 -0.009 0.006 0.852
rbc_pwy886_pc1 4 4 0.89 0.011 0.007 0.87
rbc_pwy891_pc4 2 2 0.061 -0.069 0.991 0.186
rbc_pwy893_pc1 2 2 0.953 -0.007 0.005 0.872
rbc_pwy895_pc3 2 2 0.77 0.107 0.125 0.573
rbc_pwy901_pc2 4 4 0.408 0.038 0.235 0.403
rbc_pwy905_pc1 3 3 0.576 0.031 0.18 0.483
rbc_pwy933_pc4 2 2 0.074 0.076 0.987 0.228
rbc_pwy945_pc5 2 2 0.125 0.043 0.962 0.343
rbc_pwy952_pc2 4 4 0.777 -0.015 0.031 0.777
rbc_pwy957_pc5 2 2 0.078 0.097 0.985 0.241
rbc_pwy958_pc1 3 3 0.001 -0.129 0.998 0.001
rbc_pwy959_pc3 2 2 0.99 -0.002 0 0.982
rbc_pwy95_pc3 3 3 0.759 -0.013 0.058 0.803
rbc_pwy961_pc4 2 2 0.82 0.015 0.078 0.664
rbc_pwy964_pc2 2 2 0.067 -0.088 0.989 0.113
rbc_pwy969_pc3 4 4 0.59 0.03 0.108 0.607
rbc_pwy970_pc1 2 2 0.933 0.011 0.011 0.838
rbc_pwy97_pc1 2 2 0.013 0.082 1 0.041
ukb.allasthma_pwy1013_pc5 2 2 0.045 -0.136 0.995 0.13
ukb.allasthma_pwy1017_pc5 2 2 0.34 0.363 0.74 0.491
ukb.allasthma_pwy1024_pc1 2 2 0.081 0.215 0.984 0.185
ukb.allasthma_pwy1026_pc3 2 2 0.933 -0.007 0.011 0.852
ukb.allasthma_pwy1036_pc1 2 2 0.087 0.176 0.981 0.2
ukb.allasthma_pwy1047_pc5 2 2 0.872 -0.025 0.04 0.727
ukb.allasthma_pwy1050_pc5 2 2 0.975 -0.006 0.001 0.919
ukb.allasthma_pwy1057_pc1 4 4 0.86 0.027 0.012 0.851
ukb.allasthma_pwy1059_pc4 2 2 0.674 -0.052 0.24 0.59
ukb.allasthma_pwy1092_pc4 2 2 0.137 -0.076 0.954 0.278
ukb.allasthma_pwy109_pc3 2 2 0.651 -0.082 0.271 0.541
ukb.allasthma_pwy1116_pc1 2 2 0.029 -0.157 0.998 0.074
ukb.allasthma_pwy114_pc2 2 2 0.722 -0.088 0.179 0.671
ukb.allasthma_pwy1194_pc1 2 1 0.551 0.167 0.421 0.531
ukb.allasthma_pwy1194_pc4 2 2 0.885 -0.029 0.032 0.77
ukb.allasthma_pwy125_pc2 3 3 0.826 -0.064 0.03 0.822
ukb.allasthma_pwy193_pc3 2 2 0.928 -0.01 0.013 0.846
ukb.allasthma_pwy29_pc5 2 2 0.14 -0.151 0.952 0.22
ukb.allasthma_pwy324_pc4 2 2 0.033 0.15 0.997 0.041
ukb.allasthma_pwy462_pc4 2 2 0.714 -0.076 0.188 0.671
ukb.allasthma_pwy484_pc5 3 3 0.349 0.097 0.423 0.322
ukb.allasthma_pwy486_pc5 3 3 0.349 0.097 0.423 0.322
ukb.allasthma_pwy500_pc3 2 2 0.63 0.093 0.302 0.59
ukb.allasthma_pwy50_pc3 4 4 0.175 -0.135 0.51 0.158
ukb.allasthma_pwy626_pc4 2 1 0.135 -0.239 0.955 0.149
ukb.allasthma_pwy694_pc1 2 2 0.012 -0.134 1 0.027
ukb.allasthma_pwy76_pc2 2 2 0.594 0.078 0.354 0.59
ukb.allasthma_pwy771_pc5 2 2 0.671 0.098 0.244 0.59
ukb.allasthma_pwy77_pc3 2 2 0.066 -0.173 0.989 0.079
ukb.allasthma_pwy785_pc3 2 2 0.092 0.176 0.979 0.136
ukb.allasthma_pwy798_pc5 2 1 0.501 -0.154 0.498 0.502
ukb.allasthma_pwy800_pc3 4 4 0 -0.201 0.992 0.002
ukb.allasthma_pwy846_pc3 2 2 0.954 0.009 0.005 0.888
ukb.allasthma_pwy86_pc3 2 2 0.076 0.152 0.986 0.091
ukb.allasthma_pwy87_pc3 2 2 0.076 0.152 0.986 0.091
ukb.allasthma_pwy888_pc2 2 2 0.047 0.148 0.995 0.129
ukb.allasthma_pwy899_pc2 2 2 0.866 -0.024 0.044 0.732
ukb.allasthma_pwy907_pc1 2 2 0.722 0.123 0.179 0.599
ukb.allasthma_pwy914_pc2 2 2 0.619 0.113 0.317 0.519
ukb.allasthma_pwy954_pc4 2 2 0.941 0.015 0.009 0.843
ukb.allasthma_pwy968_pc1 2 2 0.141 -0.133 0.951 0.268
ukb.allasthma_pwy971_pc1 2 2 0.075 0.212 0.986 0.198
wbc_pwy1001_pc2 2 2 0.056 -0.067 0.992 0.17
wbc_pwy1002_pc4 2 2 0.053 0.109 0.993 0.089
wbc_pwy1015_pc3 2 2 0.004 -0.062 1 0.013
wbc_pwy1018_pc5 2 2 0.012 0.043 1 0.025
wbc_pwy101_pc4 2 2 0 -0.054 1 0.001
wbc_pwy1026_pc3 3 3 0.001 0.032 0.997 0.014
wbc_pwy1026_pc5 2 2 0.045 0.031 0.995 0.131
wbc_pwy1027_pc3 3 3 0.005 0.035 0.991 0.05
wbc_pwy1036_pc2 3 3 0.002 0.047 0.995 0.016
wbc_pwy1037_pc3 2 2 0.052 0.082 0.993 0.077
wbc_pwy1039_pc5 5 5 0.339 -0.025 0.227 0.4
wbc_pwy103_pc3 2 2 0.947 -0.005 0.007 0.845
wbc_pwy1040_pc5 2 2 0.471 -0.047 0.545 0.508
wbc_pwy1042_pc5 3 3 0.629 0.015 0.137 0.574
wbc_pwy1047_pc1 3 3 0.55 0.07 0.202 0.444
wbc_pwy1057_pc2 3 3 0.005 -0.056 0.991 0.046
wbc_pwy1059_pc4 2 2 0.888 0.007 0.031 0.751
wbc_pwy1061_pc2 2 2 0.019 -0.103 0.999 0.047
wbc_pwy1062_pc3 2 2 0.025 -0.047 0.998 0.044
wbc_pwy1062_pc4 3 3 0.004 -0.032 0.993 0.016
wbc_pwy106_pc4 4 4 0.683 0.005 0.063 0.688
wbc_pwy1074_pc2 2 2 0.062 0.063 0.99 0.192
wbc_pwy1075_pc5 2 2 0.588 -0.05 0.364 0.549
wbc_pwy1077_pc3 2 2 0.954 0.007 0.005 0.892
wbc_pwy1079_pc4 2 2 0.947 -0.006 0.007 0.824
wbc_pwy1082_pc2 2 2 0.004 0.048 1 0.011
wbc_pwy1084_pc3 2 2 0.758 -0.036 0.138 0.66
wbc_pwy1086_pc4 2 2 0.028 0.044 0.998 0.081
wbc_pwy1087_pc5 2 2 0.037 0.036 0.997 0.092
wbc_pwy1088_pc3 2 2 0.015 -0.043 0.999 0.029
wbc_pwy1088_pc4 3 3 0.003 -0.036 0.995 0.009
wbc_pwy1089_pc5 2 2 0.058 -0.023 0.992 0.176
wbc_pwy1090_pc4 2 2 0.028 0.044 0.998 0.081
wbc_pwy1091_pc4 2 2 0.894 -0.006 0.027 0.76
wbc_pwy1091_pc5 3 3 0.603 -0.015 0.158 0.528
wbc_pwy1093_pc5 2 2 0.037 0.036 0.997 0.092
wbc_pwy1094_pc5 2 2 0.019 0.035 0.999 0.049
wbc_pwy1099_pc3 3 3 0.996 0 0 0.995
wbc_pwy1100_pc4 2 2 0.089 -0.087 0.98 0.144
wbc_pwy1103_pc4 3 3 0.765 0.015 0.055 0.806
wbc_pwy1105_pc5 3 3 0.464 0.011 0.288 0.476
wbc_pwy1107_pc5 2 2 0.955 0.003 0.005 0.888
wbc_pwy1108_pc2 3 3 0.473 0.028 0.277 0.488
wbc_pwy1108_pc4 3 3 0.004 0.042 0.993 0.024
wbc_pwy1109_pc4 2 2 0.049 -0.023 0.994 0.125
wbc_pwy1116_pc1 2 2 0.456 -0.061 0.569 0.43
wbc_pwy1120_pc5 2 2 0.011 -0.042 1 0.029
wbc_pwy1133_pc3 3 3 0.781 -0.021 0.048 0.786
wbc_pwy1134_pc1 2 2 0.042 -0.092 0.996 0.121
wbc_pwy1135_pc5 3 3 0.552 0.024 0.2 0.583
wbc_pwy1136_pc1 2 2 0.065 0.075 0.99 0.162
wbc_pwy1137_pc5 3 3 0.569 -0.021 0.186 0.593
wbc_pwy1139_pc3 2 2 0.083 -0.068 0.983 0.211
wbc_pwy1141_pc3 2 2 0.014 0.034 1 0.027
wbc_pwy1142_pc2 2 2 0.251 0.087 0.852 0.442
wbc_pwy1145_pc4 2 2 0.019 -0.015 0.999 0.036
wbc_pwy1148_pc3 3 3 0.008 0.051 0.983 0.081
wbc_pwy1149_pc2 2 2 0.049 -0.05 0.994 0.136
wbc_pwy1156_pc3 2 2 0.05 -0.048 0.994 0.146
wbc_pwy1156_pc5 2 2 0.977 -0.001 0.001 0.933
wbc_pwy1157_pc4 2 2 0.946 -0.003 0.007 0.845
wbc_pwy1159_pc4 2 2 0.044 0.063 0.995 0.125
wbc_pwy1159_pc5 3 3 0.568 0.022 0.186 0.447
wbc_pwy115_pc5 2 2 0.006 0.05 1 0.012
wbc_pwy1160_pc5 3 3 0.568 -0.022 0.187 0.448
wbc_pwy1162_pc4 3 3 0.56 -0.019 0.193 0.433
wbc_pwy1166_pc2 2 2 0.047 -0.092 0.995 0.146
wbc_pwy1167_pc3 3 3 0.49 0.018 0.26 0.502
wbc_pwy1168_pc2 2 2 0.502 -0.049 0.498 0.516
wbc_pwy1171_pc3 2 2 0.804 -0.018 0.092 0.624
wbc_pwy1172_pc3 2 2 0.047 -0.029 0.995 0.082
wbc_pwy1172_pc4 2 2 0.058 -0.014 0.992 0.098
wbc_pwy1173_pc4 2 2 0.031 0.063 0.998 0.081
wbc_pwy1176_pc2 2 2 0.892 0.012 0.029 0.718
wbc_pwy1179_pc4 2 2 0.873 -0.018 0.039 0.677
wbc_pwy1182_pc5 2 2 0.027 -0.05 0.998 0.075
wbc_pwy1189_pc3 3 3 0.706 -0.016 0.086 0.703
wbc_pwy118_pc5 4 4 0.825 0.006 0.019 0.763
wbc_pwy1192_pc4 2 2 0.067 -0.089 0.989 0.19
wbc_pwy1195_pc3 3 3 0.055 0.07 0.894 0.209
wbc_pwy1199_pc2 4 4 0.633 0.02 0.085 0.617
wbc_pwy119_pc4 2 2 0.034 -0.056 0.997 0.085
wbc_pwy119_pc5 2 2 0.028 0.05 0.998 0.081
wbc_pwy130_pc3 2 2 0.953 0.007 0.005 0.867
wbc_pwy131_pc3 2 2 0.953 0.007 0.005 0.867
wbc_pwy132_pc4 3 3 0 -0.025 0.999 0.003
wbc_pwy139_pc5 2 2 0.88 0.017 0.035 0.733
wbc_pwy154_pc5 3 3 0.003 0.032 0.994 0.031
wbc_pwy157_pc4 2 2 0.021 -0.071 0.999 0.084
wbc_pwy159_pc2 5 5 0.721 0.014 0.035 0.757
wbc_pwy164_pc5 3 3 0.729 0.01 0.073 0.75
wbc_pwy167_pc3 2 2 0.073 0.031 0.987 0.229
wbc_pwy171_pc4 3 3 0.659 -0.018 0.117 0.683
wbc_pwy174_pc2 2 2 0.022 -0.051 0.999 0.039
wbc_pwy182_pc5 2 2 0.011 0.098 1 0.034
wbc_pwy18_pc5 4 4 0.425 0.018 0.22 0.435
wbc_pwy191_pc5 2 2 0.035 -0.055 0.997 0.085
wbc_pwy198_pc5 2 2 0.992 0.001 0 0.966
wbc_pwy199_pc5 3 3 0.001 -0.036 0.997 0.019
wbc_pwy19_pc5 3 3 0.003 -0.037 0.994 0.032
wbc_pwy201_pc5 2 2 0.966 -0.001 0.003 0.903
wbc_pwy204_pc1 2 2 0.019 0.074 0.999 0.03
wbc_pwy207_pc5 2 2 0.023 -0.042 0.999 0.067
wbc_pwy208_pc3 2 2 0.484 -0.048 0.525 0.502
wbc_pwy209_pc1 2 2 0.002 0.052 1 0.006
wbc_pwy20_pc5 4 4 0.428 -0.017 0.218 0.434
wbc_pwy210_pc5 2 2 0.064 -0.029 0.99 0.194
wbc_pwy21_pc5 3 3 0.001 -0.036 0.997 0.019
wbc_pwy220_pc4 2 2 0.063 -0.041 0.99 0.086
wbc_pwy221_pc5 2 2 0.915 -0.007 0.018 0.777
wbc_pwy223_pc2 3 3 0.001 -0.077 0.997 0.013
wbc_pwy227_pc4 3 3 0.615 -0.01 0.148 0.533
wbc_pwy228_pc4 3 3 0.615 -0.01 0.148 0.533
wbc_pwy235_pc3 3 3 0.003 -0.03 0.994 0.014
wbc_pwy235_pc5 4 4 0.001 0.019 0.981 0.019
wbc_pwy237_pc5 2 2 0.94 -0.003 0.009 0.819
wbc_pwy243_pc1 3 3 0.69 -0.03 0.096 0.691
wbc_pwy254_pc2 2 2 0.098 -0.063 0.977 0.146
wbc_pwy255_pc5 2 2 0.602 -0.045 0.343 0.534
wbc_pwy257_pc2 2 2 0.046 -0.063 0.995 0.073
wbc_pwy269_pc3 3 3 0.009 0.034 0.983 0.06
wbc_pwy270_pc4 3 3 0.002 -0.042 0.996 0.005
wbc_pwy271_pc3 3 3 0.009 -0.032 0.981 0.059
wbc_pwy274_pc4 2 2 0.021 0.014 0.999 0.063
wbc_pwy275_pc5 2 2 0.967 0.002 0.003 0.905
wbc_pwy279_pc1 3 3 0.798 0.015 0.041 0.854
wbc_pwy283_pc2 2 2 0.023 -0.056 0.999 0.073
wbc_pwy285_pc5 2 2 0.017 0.041 0.999 0.03
wbc_pwy28_pc5 2 2 0.026 -0.049 0.998 0.071
wbc_pwy290_pc4 2 2 0.021 0.058 0.999 0.042
wbc_pwy291_pc5 3 3 0.006 -0.039 0.987 0.047
wbc_pwy293_pc4 2 2 0.937 0.003 0.01 0.828
wbc_pwy294_pc2 2 2 0.448 0.054 0.581 0.49
wbc_pwy298_pc4 2 2 0.563 -0.046 0.402 0.585
wbc_pwy299_pc2 2 2 0.699 -0.042 0.208 0.543
wbc_pwy300_pc3 5 5 0.916 -0.005 0.003 0.922
wbc_pwy300_pc5 3 3 0.004 -0.043 0.991 0.011
wbc_pwy304_pc5 3 3 0.615 0.017 0.149 0.534
wbc_pwy311_pc5 2 2 0.029 -0.049 0.998 0.082
wbc_pwy319_pc3 2 2 0.465 0.043 0.555 0.475
wbc_pwy325_pc4 2 2 0.978 -0.006 0.001 0.948
wbc_pwy326_pc5 2 2 0.026 -0.051 0.998 0.071
wbc_pwy327_pc4 2 2 0.012 -0.057 1 0.03
wbc_pwy327_pc5 3 3 0.59 -0.021 0.168 0.483
wbc_pwy328_pc5 2 2 0.872 0.01 0.04 0.675
wbc_pwy32_pc3 2 2 0.465 0.043 0.555 0.475
wbc_pwy330_pc4 3 3 0.626 -0.014 0.14 0.57
wbc_pwy338_pc5 2 2 0.033 -0.026 0.997 0.096
wbc_pwy345_pc5 3 3 0.165 0.051 0.698 0.216
wbc_pwy346_pc5 2 2 0.024 -0.055 0.999 0.071
wbc_pwy349_pc5 3 3 0.627 -0.017 0.139 0.558
wbc_pwy350_pc5 2 2 0.014 -0.052 0.999 0.046
wbc_pwy356_pc5 2 2 0.016 -0.051 0.999 0.051
wbc_pwy357_pc5 2 2 0.016 -0.051 0.999 0.051
wbc_pwy360_pc5 3 3 0.751 -0.008 0.062 0.771
wbc_pwy366_pc4 2 2 0.018 -0.05 0.999 0.034
wbc_pwy367_pc1 2 2 0.987 -0.003 0 0.941
wbc_pwy368_pc2 2 2 0.149 -0.082 0.946 0.36
wbc_pwy369_pc2 2 2 0.149 -0.082 0.946 0.36
wbc_pwy373_pc3 2 2 0.966 0.003 0.003 0.915
wbc_pwy377_pc5 2 2 0.087 -0.038 0.982 0.217
wbc_pwy381_pc1 2 2 0.452 0.067 0.574 0.497
wbc_pwy383_pc4 2 2 0.947 -0.006 0.007 0.824
wbc_pwy385_pc4 3 3 0.003 -0.066 0.993 0.016
wbc_pwy386_pc5 2 2 0.019 -0.014 0.999 0.049
wbc_pwy392_pc1 2 2 0.694 -0.043 0.214 0.54
wbc_pwy393_pc1 2 2 0.452 0.067 0.574 0.497
wbc_pwy396_pc3 2 2 0.053 0.08 0.993 0.087
wbc_pwy399_pc4 2 2 0.024 0.057 0.999 0.072
wbc_pwy3_pc5 2 2 0.037 -0.047 0.997 0.096
wbc_pwy401_pc5 3 3 0.002 -0.059 0.996 0.017
wbc_pwy403_pc3 3 3 0.004 -0.066 0.992 0.036
wbc_pwy405_pc3 3 3 0.003 -0.053 0.994 0.014
wbc_pwy416_pc5 2 2 0.058 0.039 0.992 0.099
wbc_pwy41_pc5 2 2 0.959 0.006 0.004 0.883
wbc_pwy421_pc4 2 2 0.049 -0.036 0.994 0.16
wbc_pwy426_pc2 2 2 0.054 -0.065 0.993 0.16
wbc_pwy426_pc3 2 2 0.025 -0.057 0.998 0.043
wbc_pwy426_pc4 2 2 0.006 -0.052 1 0.017
wbc_pwy428_pc4 2 2 0.868 0.016 0.043 0.683
wbc_pwy42_pc5 2 2 0.959 0.006 0.004 0.883
wbc_pwy434_pc5 2 2 0.046 -0.048 0.995 0.081
wbc_pwy437_pc2 2 2 0.031 -0.043 0.998 0.092
wbc_pwy445_pc5 3 3 0.001 -0.02 0.999 0.012
wbc_pwy447_pc4 2 2 0.064 -0.055 0.99 0.193
wbc_pwy453_pc3 2 2 0.045 -0.05 0.995 0.126
wbc_pwy455_pc2 2 2 0.01 -0.048 1 0.019
wbc_pwy457_pc4 3 3 0.007 -0.068 0.986 0.011
wbc_pwy45_pc5 3 3 0.003 -0.037 0.994 0.032
wbc_pwy464_pc5 2 2 0.876 0.007 0.037 0.695
wbc_pwy466_pc2 2 2 0.513 0.04 0.48 0.517
wbc_pwy469_pc2 2 2 0.085 -0.054 0.982 0.244
wbc_pwy470_pc5 2 2 0.679 -0.032 0.234 0.558
wbc_pwy472_pc3 2 2 0.057 -0.025 0.992 0.171
wbc_pwy473_pc2 2 2 0.06 0.039 0.991 0.181
wbc_pwy474_pc3 2 2 0.012 -0.037 1 0.023
wbc_pwy477_pc3 3 3 0.476 -0.029 0.275 0.51
wbc_pwy490_pc5 2 2 0.962 0.001 0.003 0.891
wbc_pwy491_pc2 2 2 0.05 -0.059 0.994 0.142
wbc_pwy492_pc1 2 2 0.168 -0.095 0.932 0.393
wbc_pwy492_pc2 2 2 0.039 -0.047 0.996 0.11
wbc_pwy492_pc4 2 2 0.978 0.002 0.001 0.934
wbc_pwy493_pc4 2 2 0.025 -0.054 0.998 0.092
wbc_pwy494_pc4 4 4 0.001 0.019 0.987 0.009
wbc_pwy495_pc1 2 2 0.796 0.048 0.1 0.662
wbc_pwy495_pc2 2 2 0.029 -0.057 0.998 0.087
wbc_pwy496_pc3 2 2 0.023 0.095 0.999 0.063
wbc_pwy497_pc4 4 4 0.001 0.021 0.986 0.008
wbc_pwy499_pc4 2 2 0.052 -0.033 0.993 0.146
wbc_pwy500_pc3 3 3 0.85 0.01 0.023 0.895
wbc_pwy508_pc2 3 3 0.005 -0.077 0.99 0.049
wbc_pwy511_pc3 2 2 0.016 -0.067 0.999 0.03
wbc_pwy516_pc1 2 2 0.828 -0.032 0.071 0.598
wbc_pwy517_pc1 2 2 0.828 -0.032 0.071 0.598
wbc_pwy521_pc2 3 3 0 0.059 1 0.001
wbc_pwy525_pc3 2 2 0.045 0.027 0.995 0.079
wbc_pwy527_pc4 2 2 0.853 -0.019 0.053 0.643
wbc_pwy529_pc2 3 3 0 0.072 0.999 0.008
wbc_pwy52_pc2 2 2 0.007 0.044 1 0.017
wbc_pwy544_pc4 2 2 0.04 -0.088 0.996 0.07
wbc_pwy545_pc3 2 2 0.045 -0.043 0.995 0.131
wbc_pwy549_pc4 2 2 0.057 0.06 0.992 0.175
wbc_pwy54_pc4 2 2 0.039 0.035 0.996 0.098
wbc_pwy54_pc5 3 3 0.566 -0.017 0.189 0.445
wbc_pwy556_pc2 2 2 0.166 0.095 0.933 0.38
wbc_pwy557_pc1 2 2 0.013 -0.119 1 0.041
wbc_pwy568_pc5 2 2 0.034 -0.052 0.997 0.104
wbc_pwy577_pc5 4 4 0.001 0.035 0.982 0.017
wbc_pwy578_pc5 2 2 0.202 -0.066 0.903 0.4
wbc_pwy584_pc3 2 2 0.037 0.034 0.997 0.096
wbc_pwy585_pc4 2 2 0.028 0.044 0.998 0.081
wbc_pwy588_pc3 2 2 0.025 -0.047 0.998 0.044
wbc_pwy588_pc4 3 3 0.004 -0.032 0.993 0.016
wbc_pwy589_pc5 2 2 0.019 0.035 0.999 0.049
wbc_pwy591_pc2 4 4 0.672 0.013 0.068 0.657
wbc_pwy596_pc4 3 3 1 0 0 1
wbc_pwy602_pc2 2 2 0.041 0.074 0.996 0.118
wbc_pwy603_pc5 3 3 0.597 -0.018 0.163 0.499
wbc_pwy604_pc4 2 2 0.001 0.055 1 0.003
wbc_pwy60_pc1 2 2 0.974 -0.004 0.002 0.934
wbc_pwy610_pc3 2 2 0.061 -0.07 0.991 0.183
wbc_pwy626_pc2 2 2 0.944 -0.008 0.008 0.832
wbc_pwy62_pc1 2 2 0.942 -0.007 0.008 0.802
wbc_pwy62_pc3 2 2 0.758 -0.042 0.137 0.566
wbc_pwy634_pc4 2 2 0.079 0.059 0.985 0.25
wbc_pwy635_pc2 3 3 0.005 -0.036 0.991 0.031
wbc_pwy638_pc4 2 2 0.045 0.044 0.995 0.126
wbc_pwy640_pc3 2 2 0.031 0.042 0.998 0.094
wbc_pwy640_pc4 2 2 0.056 0.048 0.992 0.145
wbc_pwy643_pc4 2 2 0.088 0.076 0.981 0.219
wbc_pwy650_pc5 3 3 0.003 -0.062 0.994 0.02
wbc_pwy651_pc4 2 2 0.011 0.014 1 0.029
wbc_pwy672_pc1 3 3 0.557 -0.034 0.197 0.514
wbc_pwy674_pc3 2 2 0.046 -0.058 0.995 0.128
wbc_pwy674_pc4 2 2 0.433 -0.023 0.605 0.446
wbc_pwy676_pc5 2 2 0.156 -0.072 0.941 0.256
wbc_pwy679_pc4 2 2 0.024 -0.058 0.999 0.071
wbc_pwy67_pc5 2 2 0.011 -0.042 1 0.029
wbc_pwy680_pc3 2 2 0.967 0.004 0.003 0.907
wbc_pwy680_pc4 2 2 0.019 0.079 0.999 0.055
wbc_pwy681_pc4 2 2 0.022 -0.106 0.999 0.041
wbc_pwy684_pc4 4 4 0.001 0.062 0.985 0.027
wbc_pwy685_pc3 4 4 0.001 -0.032 0.98 0.01
wbc_pwy686_pc3 3 3 0.002 -0.036 0.995 0.015
wbc_pwy693_pc2 2 2 0.048 -0.074 0.994 0.159
wbc_pwy694_pc4 4 4 0.002 0.034 0.976 0.032
wbc_pwy697_pc5 2 2 0.919 0.005 0.016 0.795
wbc_pwy698_pc3 2 2 0.794 -0.023 0.101 0.662
wbc_pwy701_pc3 3 3 0.535 0.029 0.216 0.376
wbc_pwy713_pc5 2 2 0.021 0.023 0.999 0.038
wbc_pwy717_pc5 2 2 0.799 0.025 0.096 0.633
wbc_pwy719_pc2 2 2 0.146 0.055 0.949 0.328
wbc_pwy724_pc5 4 4 0.724 0.008 0.048 0.652
wbc_pwy728_pc2 2 2 0.069 0.147 0.988 0.127
wbc_pwy730_pc2 2 2 0.022 0.038 0.999 0.071
wbc_pwy731_pc3 2 2 0.012 -0.037 1 0.023
wbc_pwy735_pc5 2 2 0.006 -0.035 1 0.012
wbc_pwy736_pc1 2 2 0.026 -0.068 0.998 0.072
wbc_pwy736_pc4 3 3 0.944 -0.003 0.003 0.947
wbc_pwy745_pc4 2 2 0.529 0.03 0.454 0.518
wbc_pwy750_pc5 3 3 0.001 0.028 0.998 0
wbc_pwy753_pc1 2 2 0.391 -0.049 0.668 0.348
wbc_pwy761_pc3 2 2 0.019 0.022 0.999 0.059
wbc_pwy765_pc5 2 2 0.797 0.029 0.098 0.593
wbc_pwy769_pc5 2 2 0.941 0.004 0.009 0.827
wbc_pwy76_pc1 2 2 0.921 0.008 0.015 0.773
wbc_pwy774_pc4 4 4 0.461 -0.005 0.191 0.466
wbc_pwy777_pc2 2 2 0.036 0.062 0.997 0.058
wbc_pwy779_pc5 2 2 0.011 0.039 1 0.02
wbc_pwy780_pc5 2 2 0.001 0.067 1 0.001
wbc_pwy782_pc4 3 3 0.003 0.048 0.995 0.031
wbc_pwy789_pc1 2 2 0.02 -0.065 0.999 0.056
wbc_pwy789_pc5 2 2 0.572 -0.014 0.388 0.534
wbc_pwy78_pc4 2 2 0.83 -0.028 0.07 0.724
wbc_pwy78_pc5 3 3 0.841 0.014 0.025 0.882
wbc_pwy792_pc2 2 2 0.499 0.077 0.502 0.525
wbc_pwy796_pc4 2 2 0.05 -0.021 0.994 0.137
wbc_pwy797_pc2 2 2 0.042 -0.088 0.996 0.136
wbc_pwy803_pc5 2 2 0.588 -0.047 0.363 0.549
wbc_pwy805_pc4 3 3 0.012 0.033 0.975 0.101
wbc_pwy807_pc1 3 3 0.925 -0.006 0.006 0.905
wbc_pwy809_pc5 2 2 0.065 0.098 0.99 0.188
wbc_pwy817_pc3 2 2 0.059 -0.053 0.991 0.178
wbc_pwy819_pc2 2 2 0.026 0.057 0.998 0.051
wbc_pwy822_pc2 2 2 0.01 0.048 1 0.034
wbc_pwy824_pc4 4 4 0.001 0.022 0.985 0.009
wbc_pwy828_pc2 2 2 0.045 -0.04 0.995 0.072
wbc_pwy82_pc2 2 2 0.014 0.071 1 0.034
wbc_pwy847_pc3 3 3 0.012 0.049 0.977 0.04
wbc_pwy848_pc2 3 3 0.049 -0.094 0.905 0.178
wbc_pwy853_pc2 2 2 0.933 0.011 0.011 0.828
wbc_pwy857_pc4 2 2 0.024 0.055 0.999 0.091
wbc_pwy875_pc1 2 2 0.035 0.09 0.997 0.127
wbc_pwy883_pc3 2 2 0.119 -0.136 0.965 0.328
wbc_pwy886_pc1 2 2 0.516 -0.071 0.475 0.521
wbc_pwy887_pc3 2 2 0.091 0.064 0.98 0.22
wbc_pwy891_pc5 3 3 0.592 0.02 0.167 0.485
wbc_pwy892_pc2 3 3 0.005 -0.062 0.99 0.051
wbc_pwy893_pc1 2 2 0.093 -0.096 0.979 0.283
wbc_pwy894_pc4 2 2 0.038 0.046 0.997 0.063
wbc_pwy895_pc1 2 2 0.01 0.07 1 0.02
wbc_pwy896_pc5 2 2 0.998 0 0 0.995
wbc_pwy897_pc2 2 2 0.088 -0.064 0.981 0.188
wbc_pwy903_pc1 2 2 0.043 0.132 0.996 0.123
wbc_pwy905_pc1 2 2 0.193 0.082 0.911 0.381
wbc_pwy908_pc5 2 2 0.883 0.016 0.033 0.736
wbc_pwy90_pc2 2 2 0.06 0.039 0.991 0.181
wbc_pwy920_pc5 3 3 0.006 0.039 0.987 0.044
wbc_pwy924_pc5 2 2 0.014 0.116 1 0.018
wbc_pwy92_pc5 2 2 0.061 -0.064 0.991 0.184
wbc_pwy931_pc5 2 2 0.065 0.036 0.99 0.195
wbc_pwy932_pc5 2 2 0.01 0.052 1 0.032
wbc_pwy933_pc4 2 2 0.024 0.073 0.999 0.062
wbc_pwy938_pc5 3 3 0.592 -0.021 0.166 0.485
wbc_pwy946_pc5 2 2 0.895 0.009 0.027 0.727
wbc_pwy949_pc5 3 3 0.537 -0.021 0.214 0.402
wbc_pwy94_pc5 3 3 0.602 -0.009 0.159 0.504
wbc_pwy950_pc5 3 3 0.58 0.021 0.177 0.463
wbc_pwy953_pc3 2 2 0.084 0.036 0.982 0.268
wbc_pwy953_pc5 2 2 0.004 -0.052 1 0.008
wbc_pwy956_pc3 2 2 0.061 0.043 0.991 0.102
wbc_pwy956_pc4 3 3 0.84 0.006 0.026 0.898
wbc_pwy957_pc4 2 2 0.025 0.073 0.998 0.048
wbc_pwy960_pc3 3 3 0 0.044 0.999 0.002
wbc_pwy961_pc4 2 2 0.051 -0.045 0.994 0.149
wbc_pwy962_pc5 3 3 0.007 -0.049 0.986 0.031
wbc_pwy963_pc3 2 2 0.023 -0.038 0.999 0.067
wbc_pwy964_pc5 2 2 0.927 0.006 0.013 0.79
wbc_pwy966_pc3 2 2 0.782 0.017 0.113 0.591
wbc_pwy96_pc4 2 2 0.041 -0.041 0.996 0.129
wbc_pwy974_pc4 2 2 0.007 -0.046 1 0.02
wbc_pwy976_pc3 2 2 0.027 -0.057 0.998 0.053
wbc_pwy979_pc4 2 2 0.024 0.055 0.999 0.091
wbc_pwy97_pc4 4 4 0.001 0.022 0.983 0.012
wbc_pwy980_pc4 2 2 0.902 -0.009 0.023 0.71
wbc_pwy991_pc2 2 2 0.03 0.096 0.998 0.022
wbc_pwy992_pc2 2 2 0.03 0.096 0.998 0.022
wbc_pwy993_pc2 2 2 0.03 0.096 0.998 0.022
wbc_pwy994_pc2 2 2 0.03 0.096 0.998 0.022
wbc_pwy995_pc2 2 2 0.03 0.096 0.998 0.022
wbc_pwy996_pc2 2 2 0.03 0.096 0.998 0.022
wbc_pwy997_pc2 2 2 0.03 0.096 0.998 0.022
wbc_pwy998_pc2 2 2 0.03 0.096 0.998 0.022
