factor num_snp_fdr<0.2 num_snp_noMHC pval_in_fitting slope_in_fitting rsq_in_fitting pval_in_resampling
EUR.CD_pwy100_pc2 2 2 0.937 0.051 0.01 0.871
EUR.CD_pwy108_pc1 2 2 0.668 -0.418 0.249 0.578
EUR.CD_pwy109_pc4 3 3 0.113 1.387 0.786 0.253
EUR.CD_pwy164_pc1 2 2 0.972 -0.038 0.002 0.913
EUR.CD_pwy167_pc5 2 2 0.047 0.57 0.995 0.112
EUR.CD_pwy19_pc1 2 2 0.395 0.435 0.662 0.429
EUR.CD_pwy31_pc2 2 2 0.075 -0.563 0.986 0.235
EUR.CD_pwy45_pc3 2 2 0.069 -0.758 0.988 0.089
EUR.CD_pwy67_pc3 2 2 0.792 0.195 0.103 0.569
EUR.CD_pwy70_pc3 2 2 0.093 -0.652 0.979 0.208
EUR.CD_pwy73_pc4 2 2 0.057 0.581 0.992 0.097
EUR.CD_pwy73_pc5 2 2 0.788 0.461 0.107 0.551
EUR.CD_pwy77_pc4 2 2 0.221 -1.676 0.884 0.321
EUR.CD_pwy8_pc1 2 2 0.972 -0.039 0.002 0.933
EUR.IBD_pwy105_pc1 2 2 0.973 0.024 0.002 0.928
EUR.IBD_pwy109_pc4 2 2 0.392 1.152 0.666 0.496
EUR.IBD_pwy150_pc1 2 2 0.847 -0.077 0.057 0.605
EUR.IBD_pwy162_pc1 2 2 0.003 -0.303 1 0.007
EUR.IBD_pwy164_pc1 2 2 0.047 0.897 0.995 0.133
EUR.IBD_pwy168_pc2 3 3 0.038 -0.583 0.926 0.207
EUR.IBD_pwy176_pc1 2 2 0.001 -0.438 1 0.004
EUR.IBD_pwy180_pc1 2 2 0.986 -0.011 0.001 0.96
EUR.IBD_pwy182_pc5 2 2 0.083 -0.447 0.983 0.269
EUR.IBD_pwy19_pc1 2 2 0.413 0.339 0.635 0.399
EUR.IBD_pwy231_pc5 2 2 0.885 -0.074 0.032 0.661
EUR.IBD_pwy272_pc1 2 2 0.039 0.399 0.996 0.089
EUR.IBD_pwy285_pc1 2 2 0.984 0.013 0.001 0.936
EUR.IBD_pwy287_pc1 2 2 0.007 0.341 1 0.015
EUR.IBD_pwy290_pc1 2 2 0.967 -0.021 0.003 0.911
EUR.IBD_pwy295_pc1 2 2 0.992 0.008 0 0.982
EUR.IBD_pwy322_pc5 2 1 0.218 0.487 0.888 0.426
EUR.IBD_pwy8_pc1 3 3 0.646 -0.226 0.125 0.574
EUR.UC_pwy126_pc5 2 2 0.053 -0.39 0.993 0.131
EUR.UC_pwy168_pc2 3 3 0.003 -0.65 0.993 0.035
EUR.UC_pwy2_pc1 2 2 0.02 0.62 0.999 0.022
EUR.UC_pwy43_pc3 2 2 0.013 0.731 1 0.041
EUR.UC_pwy97_pc3 3 2 0.193 -0.815 0.652 0.232
T1D_pwy111_pc4 2 2 0.986 0.004 0.001 0.952
T1D_pwy114_pc4 2 2 0.913 -0.023 0.018 0.727
T1D_pwy117_pc2 2 2 0.09 0.442 0.98 0.252
T1D_pwy124_pc1 2 2 0.025 0.467 0.998 0.067
T1D_pwy124_pc4 2 2 0.892 -0.035 0.028 0.783
T1D_pwy126_pc1 4 4 0.972 0.009 0 0.965
T1D_pwy131_pc5 2 2 0.007 0.242 1 0.016
T1D_pwy139_pc3 3 3 0.948 -0.027 0.003 0.979
T1D_pwy143_pc4 2 2 0.951 -0.01 0.006 0.86
T1D_pwy154_pc4 2 2 0.925 0.024 0.014 0.852
T1D_pwy155_pc3 2 2 0.989 0.004 0 0.965
T1D_pwy157_pc3 2 2 0.047 -0.528 0.995 0.041
T1D_pwy165_pc3 2 2 0.131 0.731 0.958 0.305
T1D_pwy170_pc1 3 3 0.697 0.108 0.092 0.76
T1D_pwy171_pc1 2 2 0.866 0.069 0.044 0.697
T1D_pwy172_pc4 2 2 0.923 -0.046 0.015 0.805
T1D_pwy174_pc2 2 2 0.47 1.998 0.547 0.502
T1D_pwy189_pc4 2 2 0.957 -0.02 0.005 0.848
T1D_pwy190_pc3 2 2 0.174 -0.407 0.927 0.335
T1D_pwy199_pc2 3 3 0.676 0.117 0.105 0.72
T1D_pwy213_pc3 2 2 0.957 0.03 0.005 0.89
T1D_pwy219_pc1 2 2 0.053 -0.514 0.993 0.102
T1D_pwy221_pc1 2 2 0.954 0.027 0.005 0.846
T1D_pwy222_pc4 2 2 0.624 -0.205 0.31 0.568
T1D_pwy225_pc5 2 2 0.124 0.472 0.962 0.3
T1D_pwy235_pc1 3 3 0.697 -0.123 0.092 0.753
T1D_pwy237_pc1 2 2 0.942 -0.027 0.008 0.805
T1D_pwy237_pc4 2 2 0.944 -0.017 0.008 0.838
T1D_pwy240_pc5 2 2 0.995 -0.003 0 0.976
T1D_pwy266_pc2 2 2 0.954 -0.03 0.005 0.868
T1D_pwy268_pc2 2 2 0.965 -0.018 0.003 0.875
T1D_pwy269_pc3 2 2 0.185 0.507 0.918 0.346
T1D_pwy270_pc2 2 2 0.995 0.002 0 0.981
T1D_pwy271_pc3 3 3 0.497 0.274 0.253 0.366
T1D_pwy284_pc1 2 2 0.946 -0.026 0.007 0.81
T1D_pwy284_pc4 2 2 0.972 0.008 0.002 0.916
T1D_pwy286_pc2 2 2 0.991 0.004 0 0.968
T1D_pwy286_pc4 2 2 0.94 0.015 0.009 0.832
T1D_pwy289_pc2 3 3 0.694 0.142 0.094 0.756
T1D_pwy292_pc2 2 2 0.184 0.473 0.919 0.349
T1D_pwy301_pc3 3 3 0.386 0.768 0.377 0.373
T1D_pwy302_pc5 2 2 0.217 0.351 0.888 0.376
T1D_pwy303_pc1 2 2 0.035 -0.392 0.997 0.076
T1D_pwy304_pc1 2 2 0.903 -0.049 0.023 0.719
T1D_pwy304_pc3 2 2 0.889 0.064 0.03 0.741
T1D_pwy311_pc1 3 3 0.591 -0.167 0.167 0.556
T1D_pwy312_pc4 2 2 0.924 0.032 0.014 0.805
T1D_pwy313_pc3 2 2 0.934 -0.029 0.011 0.821
T1D_pwy315_pc1 2 2 0.037 -0.363 0.997 0.076
T1D_pwy318_pc1 2 2 0.943 -0.038 0.008 0.805
T1D_pwy318_pc3 2 2 0.254 0.406 0.849 0.417
T1D_pwy46_pc3 2 2 0.017 0.533 0.999 0.049
T1D_pwy83_pc2 2 2 0.012 -0.462 1 0.037
T1D_pwy96_pc5 2 2 0.947 0.022 0.007 0.873
allergy_pwy100_pc2 3 3 0.915 0.015 0.007 0.891
allergy_pwy107_pc5 2 2 0.089 0.116 0.981 0.076
allergy_pwy109_pc1 2 2 0.698 -0.057 0.209 0.611
allergy_pwy110_pc1 2 2 0.004 -0.14 1 0.017
allergy_pwy111_pc5 2 2 0.729 -0.045 0.171 0.555
allergy_pwy129_pc5 2 2 0.931 -0.011 0.012 0.784
allergy_pwy135_pc5 3 3 0.931 -0.008 0.005 0.94
allergy_pwy144_pc4 2 2 0.836 -0.028 0.065 0.6
allergy_pwy145_pc3 2 2 0.156 -0.25 0.941 0.377
allergy_pwy148_pc3 2 2 0.979 0.004 0.001 0.94
allergy_pwy150_pc2 2 2 0.193 0.25 0.91 0.373
allergy_pwy162_pc5 2 2 0.849 0.03 0.055 0.628
allergy_pwy168_pc4 2 2 0.701 0.072 0.205 0.553
allergy_pwy179_pc2 2 2 0.028 0.134 0.998 0.07
allergy_pwy17_pc3 2 1 0.998 0.001 0 0.993
allergy_pwy186_pc4 2 2 0.086 0.129 0.982 0.196
allergy_pwy18_pc4 2 2 0.918 0.019 0.017 0.745
allergy_pwy191_pc5 2 2 0.692 0.077 0.217 0.553
allergy_pwy207_pc3 2 2 0.61 -0.088 0.33 0.553
allergy_pwy20_pc5 2 2 0.942 0.013 0.008 0.834
allergy_pwy215_pc2 3 3 0.003 0.115 0.993 0.01
allergy_pwy224_pc5 2 2 0.153 -0.087 0.943 0.294
allergy_pwy247_pc1 2 2 0.96 0.012 0.004 0.851
allergy_pwy24_pc1 2 2 0.651 0.101 0.272 0.553
allergy_pwy255_pc2 2 2 0.99 -0.003 0 0.96
allergy_pwy258_pc2 3 3 0.693 0.046 0.094 0.73
allergy_pwy259_pc5 2 2 0.008 0.108 1 0.019
allergy_pwy283_pc3 3 3 0.664 0.054 0.113 0.688
allergy_pwy296_pc1 2 2 0.087 0.107 0.981 0.262
allergy_pwy296_pc3 2 2 0.684 -0.107 0.226 0.553
allergy_pwy306_pc5 2 2 0.078 -0.108 0.985 0.063
allergy_pwy317_pc3 2 2 0.05 -0.165 0.994 0.169
allergy_pwy319_pc5 2 2 0.897 -0.017 0.026 0.738
allergy_pwy326_pc5 2 2 0.002 -0.129 1 0.013
allergy_pwy328_pc1 2 2 0.138 -0.106 0.953 0.208
allergy_pwy33_pc4 2 2 0.16 -0.271 0.938 0.386
allergy_pwy3_pc1 2 2 0.093 -0.108 0.979 0.076
allergy_pwy62_pc3 2 1 0.245 0.251 0.86 0.49
allergy_pwy75_pc2 3 3 0.42 0.105 0.336 0.285
allergy_pwy78_pc3 2 2 0.583 -0.079 0.372 0.53
baso_pwy100_pc1 2 2 0.871 -0.02 0.04 0.676
baso_pwy123_pc5 2 2 0.153 0.072 0.943 0.358
baso_pwy144_pc5 2 2 0.359 0.203 0.714 0.458
baso_pwy164_pc4 2 2 0.036 0.103 0.997 0.03
baso_pwy166_pc1 2 2 0.072 0.067 0.987 0.084
baso_pwy180_pc2 2 2 0.042 0.18 0.996 0.035
baso_pwy195_pc5 2 2 0.967 0.003 0.003 0.919
baso_pwy208_pc1 3 3 0.871 -0.019 0.017 0.942
baso_pwy226_pc3 2 2 0.833 0.035 0.068 0.627
baso_pwy268_pc2 2 2 0.073 0.104 0.987 0.054
baso_pwy315_pc3 2 2 0.141 0.076 0.952 0.351
baso_pwy45_pc4 2 2 0.902 0.016 0.023 0.728
baso_pwy58_pc2 2 2 0.205 -0.142 0.9 0.324
baso_pwy76_pc1 3 3 0.089 0.103 0.83 0.191
baso_pwy88_pc4 3 3 0.464 0.044 0.287 0.351
baso_pwy94_pc5 2 2 0.988 -0.001 0 0.967
baso_pwy95_pc2 2 2 0.131 0.122 0.958 0.312
baso_pwy98_pc5 2 2 0.138 -0.137 0.954 0.165
baso_pwy99_pc4 2 2 0.226 0.217 0.879 0.408
eo_pwy137_pc5 2 2 0.984 0.002 0.001 0.965
eo_pwy139_pc1 2 2 0.047 0.098 0.995 0.12
eo_pwy153_pc3 2 2 0.05 -0.121 0.994 0.133
eo_pwy228_pc1 2 2 0.84 -0.021 0.062 0.641
eo_pwy244_pc5 2 2 0.964 -0.004 0.003 0.896
eo_pwy271_pc1 2 2 0.051 0.068 0.994 0.112
eo_pwy278_pc2 3 3 0.44 -0.065 0.314 0.308
eo_pwy295_pc1 2 2 0.054 -0.086 0.993 0.118
eo_pwy44_pc3 2 2 0.957 -0.009 0.004 0.905
eo_pwy84_pc1 2 2 0.005 0.06 1 0.007
gran_pwy100_pc4 2 2 0.657 0.038 0.263 0.584
gran_pwy103_pc4 2 2 0.581 -0.097 0.374 0.526
gran_pwy107_pc4 2 2 0.008 0.078 1 0.031
gran_pwy119_pc5 2 2 0.88 0.011 0.035 0.748
gran_pwy15_pc4 2 2 0.932 -0.01 0.012 0.771
gran_pwy166_pc3 2 2 0.845 0.038 0.058 0.692
gran_pwy228_pc2 4 4 0.503 -0.042 0.161 0.497
gran_pwy232_pc2 2 2 0.307 -0.152 0.784 0.51
gran_pwy258_pc2 2 2 0.075 -0.108 0.986 0.181
gran_pwy278_pc3 2 2 0.042 -0.087 0.996 0.133
gran_pwy29_pc2 3 3 0.879 -0.024 0.015 0.906
gran_pwy322_pc2 2 2 0.068 -0.099 0.989 0.242
gran_pwy94_pc5 2 2 0.883 -0.019 0.033 0.808
hct_pwy131_pc4 3 3 0.457 0.033 0.295 0.372
hct_pwy133_pc2 2 2 0.969 -0.004 0.002 0.922
hct_pwy187_pc2 2 2 0.137 0.054 0.954 0.026
hct_pwy202_pc3 3 3 0.904 0.008 0.009 0.88
hct_pwy206_pc2 2 2 0.085 -0.082 0.982 0.104
hct_pwy213_pc1 2 2 0.011 -0.096 1 0.043
hct_pwy221_pc3 2 2 0.342 0.078 0.737 0.48
hct_pwy234_pc3 3 3 0.09 0.167 0.828 0.198
hct_pwy260_pc2 2 2 0.114 0.091 0.969 0.312
hct_pwy306_pc3 2 2 0.308 -0.105 0.784 0.477
hct_pwy315_pc3 2 2 0.069 -0.062 0.988 0.097
hct_pwy36_pc2 2 2 0.816 0.021 0.082 0.638
hct_pwy85_pc3 2 2 0.115 0.029 0.968 0.01
hct_pwy92_pc5 3 3 0.07 -0.127 0.865 0.164
hgb_pwy10_pc2 2 2 0.053 -0.122 0.993 0.064
hgb_pwy114_pc5 2 2 0.973 0.002 0.002 0.907
hgb_pwy123_pc5 2 1 0.892 -0.013 0.028 0.865
hgb_pwy125_pc5 2 1 0.914 -0.014 0.018 0.772
hgb_pwy133_pc3 2 2 0.027 -0.092 0.998 0.083
hgb_pwy143_pc3 2 1 0.883 0.013 0.034 0.861
hgb_pwy151_pc5 2 1 0.891 -0.015 0.029 0.712
hgb_pwy155_pc4 2 2 0.414 0.026 0.634 0.401
hgb_pwy156_pc3 2 1 0.212 0.041 0.893 0.036
hgb_pwy159_pc3 2 2 0.072 0.057 0.987 0.049
hgb_pwy167_pc3 3 3 0.916 0.009 0.007 0.936
hgb_pwy187_pc2 2 2 0.08 0.056 0.984 0.002
hgb_pwy197_pc5 2 1 0.885 0.015 0.032 0.861
hgb_pwy198_pc2 2 2 0.049 -0.061 0.994 0.001
hgb_pwy202_pc3 4 3 0.692 0.02 0.06 0.676
hgb_pwy206_pc2 3 2 0.694 -0.03 0.094 0.688
hgb_pwy20_pc3 2 1 0.022 -0.211 0.999 0.06
hgb_pwy218_pc3 4 3 0.73 -0.02 0.046 0.706
hgb_pwy228_pc3 2 1 0.866 -0.018 0.043 0.857
hgb_pwy231_pc4 2 1 0.87 -0.02 0.041 0.675
hgb_pwy234_pc3 3 3 0.095 0.156 0.819 0.195
hgb_pwy238_pc5 2 1 0.797 -0.032 0.098 0.578
hgb_pwy240_pc2 2 2 0.019 0.087 0.999 0.03
hgb_pwy255_pc5 2 2 0.037 -0.047 0.997 0.029
hgb_pwy267_pc3 2 1 0.14 0.128 0.952 0.337
hgb_pwy294_pc3 2 2 0.035 -0.055 0.997 0.115
hgb_pwy296_pc5 2 2 0.085 0.052 0.982 0.274
hgb_pwy300_pc4 2 2 0.114 -0.073 0.968 0.325
hgb_pwy306_pc3 2 2 0.26 -0.098 0.843 0.388
hgb_pwy315_pc3 3 3 0.02 -0.062 0.96 0.021
hgb_pwy319_pc3 2 2 0.375 0.028 0.691 0.268
hgb_pwy327_pc4 2 2 0.823 -0.018 0.075 0.624
hgb_pwy36_pc2 3 3 0.82 -0.012 0.032 0.857
hgb_pwy49_pc5 2 2 0.927 -0.016 0.013 0.788
hgb_pwy66_pc4 2 2 0.733 -0.062 0.166 0.544
hgb_pwy92_pc5 2 2 0.133 -0.086 0.957 0.328
lymph_pwy10_pc2 3 3 0.376 0.094 0.39 0.275
lymph_pwy247_pc4 2 2 0.493 0.031 0.511 0.501
lymph_pwy258_pc2 2 2 0.016 -0.072 0.999 0.05
lymph_pwy272_pc1 2 2 0.587 -0.084 0.365 0.523
lymph_pwy278_pc2 2 2 0.048 -0.086 0.994 0.053
lymph_pwy279_pc4 2 2 0.852 -0.021 0.053 0.674
lymph_pwy285_pc3 2 2 0.131 0.094 0.958 0.316
lymph_pwy4_pc3 2 2 0.055 -0.079 0.992 0.146
lymph_pwy66_pc5 4 4 0.462 -0.04 0.191 0.439
lymph_pwy78_pc2 2 2 0.824 -0.028 0.074 0.612
lymph_pwy80_pc4 2 2 0.114 0.105 0.968 0.275
lymph_pwy99_pc5 2 2 0.801 0.044 0.095 0.584
mch_pwy105_pc2 2 2 0.095 0.085 0.978 0.089
mch_pwy114_pc3 2 2 0.098 -0.093 0.977 0.09
mch_pwy120_pc3 2 2 0.142 -0.107 0.951 0.27
mch_pwy140_pc1 2 2 0.881 0.012 0.035 0.755
mch_pwy144_pc5 2 2 0.728 0.067 0.172 0.627
mch_pwy146_pc3 2 2 0.626 -0.094 0.307 0.543
mch_pwy158_pc5 2 2 0.706 -0.053 0.199 0.592
mch_pwy169_pc5 2 2 0.411 0.053 0.638 0.382
mch_pwy16_pc4 2 2 0.967 0.003 0.003 0.93
mch_pwy179_pc5 2 2 0.184 -0.083 0.919 0.315
mch_pwy211_pc1 2 2 0.633 0.091 0.298 0.551
mch_pwy228_pc1 2 2 0.018 -0.165 0.999 0.027
mch_pwy231_pc4 2 2 0.037 0.091 0.997 0.081
mch_pwy235_pc2 2 2 0.663 0.074 0.255 0.589
mch_pwy238_pc4 2 2 0.132 -0.099 0.958 0.225
mch_pwy240_pc2 2 2 0.924 0.009 0.014 0.837
mch_pwy272_pc1 2 2 0.108 0.11 0.972 0.124
mch_pwy274_pc1 2 2 0.239 -0.158 0.865 0.345
mch_pwy279_pc5 2 2 0.091 0.069 0.98 0.11
mch_pwy27_pc5 2 2 0.105 0.095 0.973 0.196
mch_pwy307_pc4 2 2 0.05 -0.063 0.994 0.084
mch_pwy316_pc5 2 2 0.054 -0.061 0.993 0.058
mch_pwy322_pc4 2 2 0.067 0.087 0.989 0.09
mch_pwy323_pc5 2 2 0.065 0.065 0.989 0.028
mch_pwy328_pc5 2 2 0.982 0.001 0.001 0.957
mch_pwy329_pc5 2 2 0.351 0.066 0.726 0.271
mch_pwy330_pc5 3 3 0.298 -0.052 0.492 0.291
mch_pwy54_pc5 2 2 0.122 0.087 0.964 0.248
mch_pwy78_pc2 2 2 0.894 0.025 0.027 0.851
mch_pwy83_pc5 2 2 0.176 -0.085 0.926 0.298
mchc_pwy119_pc2 3 3 0.5 -0.06 0.25 0.396
mchc_pwy131_pc4 3 3 0.571 0.05 0.184 0.499
mchc_pwy158_pc5 2 2 0.718 -0.033 0.183 0.641
mchc_pwy164_pc1 3 2 0.692 -0.041 0.095 0.68
mchc_pwy183_pc2 2 2 0.911 -0.013 0.019 0.789
mchc_pwy235_pc5 4 4 0.938 -0.003 0.002 0.902
mchc_pwy241_pc1 2 2 0.684 0.171 0.227 0.53
mchc_pwy241_pc5 3 3 0.828 -0.017 0.03 0.853
mchc_pwy24_pc1 2 2 0.855 -0.019 0.051 0.682
mchc_pwy272_pc2 2 2 0.004 -0.086 1 0.005
mchc_pwy293_pc2 2 2 0.897 0.014 0.026 0.753
mchc_pwy294_pc3 2 2 0.773 -0.036 0.122 0.564
mchc_pwy296_pc4 2 2 0.957 -0.003 0.005 0.876
mchc_pwy2_pc1 2 2 0.012 0.091 1 0.023
mchc_pwy303_pc4 2 2 0.23 0.098 0.875 0.419
mchc_pwy305_pc2 2 2 0.051 -0.091 0.994 0.141
mchc_pwy308_pc2 2 2 0.724 0.03 0.177 0.638
mchc_pwy328_pc1 2 1 0.936 0.007 0.01 0.843
mchc_pwy330_pc1 2 1 0.915 0.009 0.018 0.806
mchc_pwy50_pc4 2 2 0.132 0.106 0.957 0.228
mchc_pwy88_pc5 2 2 0.195 0.121 0.909 0.373
mchc_pwy92_pc1 2 2 0.005 0.098 1 0.014
mchc_pwy97_pc4 2 2 0.029 0.079 0.998 0.068
mcv_pwy120_pc3 2 2 0 -0.102 1 0
mcv_pwy144_pc5 2 2 0.715 0.069 0.187 0.588
mcv_pwy158_pc5 2 2 0.824 -0.031 0.075 0.72
mcv_pwy169_pc5 2 2 0.41 0.049 0.639 0.364
mcv_pwy16_pc4 3 3 0.904 -0.005 0.009 0.924
mcv_pwy174_pc5 2 2 0.842 0.017 0.06 0.686
mcv_pwy227_pc3 2 2 0.132 0.148 0.958 0.117
mcv_pwy238_pc4 3 3 0.01 -0.098 0.98 0.023
mcv_pwy252_pc1 2 2 0.339 -0.087 0.742 0.256
mcv_pwy252_pc2 2 2 0.659 0.047 0.26 0.571
mcv_pwy264_pc3 2 2 0.177 -0.137 0.924 0.26
mcv_pwy273_pc5 2 2 0.18 -0.104 0.922 0.339
mcv_pwy279_pc5 2 2 0.056 0.069 0.992 0.066
mcv_pwy27_pc5 2 2 0.145 0.096 0.949 0.285
mcv_pwy318_pc1 3 3 0.364 -0.068 0.405 0.279
mcv_pwy326_pc5 2 2 0.044 -0.087 0.995 0.026
mcv_pwy329_pc5 2 2 0.37 0.06 0.698 0.291
mcv_pwy44_pc3 2 2 0.213 0.152 0.892 0.371
mcv_pwy46_pc2 3 3 0.721 -0.036 0.078 0.708
mcv_pwy50_pc4 2 2 0.103 0.177 0.974 0.175
mono_pwy101_pc5 3 3 0.482 -0.03 0.269 0.397
mono_pwy105_pc2 2 2 0.143 0.124 0.95 0.272
mono_pwy113_pc2 3 3 0.281 0.198 0.517 0.248
mono_pwy117_pc2 2 2 0.528 0.098 0.456 0.54
mono_pwy117_pc5 2 2 0.149 0.071 0.946 0.256
mono_pwy122_pc4 2 2 0.441 0.02 0.592 0.43
mono_pwy124_pc4 3 3 0.65 -0.015 0.123 0.715
mono_pwy127_pc2 2 2 0.027 -0.073 0.998 0.057
mono_pwy128_pc4 2 2 0.837 -0.011 0.064 0.837
mono_pwy129_pc4 2 2 0.46 0.026 0.563 0.458
mono_pwy12_pc1 2 2 0.166 0.113 0.933 0.305
mono_pwy130_pc4 2 2 0.475 -0.029 0.539 0.481
mono_pwy131_pc2 2 2 0.491 0.026 0.514 0.474
mono_pwy136_pc4 2 2 0.559 -0.08 0.408 0.527
mono_pwy139_pc4 2 2 0.072 -0.054 0.987 0.149
mono_pwy140_pc4 3 3 0.508 0.038 0.242 0.534
mono_pwy142_pc4 2 2 0.677 0.019 0.236 0.701
mono_pwy143_pc2 4 4 0.257 -0.111 0.394 0.239
mono_pwy144_pc3 2 2 0.079 -0.176 0.985 0.159
mono_pwy147_pc3 2 2 0.147 -0.12 0.947 0.276
mono_pwy149_pc1 2 2 0.441 0.03 0.593 0.429
mono_pwy151_pc4 2 2 0.458 0.019 0.566 0.458
mono_pwy157_pc2 2 2 0.084 -0.14 0.983 0.171
mono_pwy161_pc4 2 2 0.001 0.054 1 0.002
mono_pwy165_pc3 2 2 0.985 -0.003 0.001 0.968
mono_pwy165_pc4 2 2 0.796 0.009 0.099 0.837
mono_pwy169_pc4 2 2 0.842 0.01 0.06 0.837
mono_pwy16_pc3 2 2 0.156 0.143 0.941 0.283
mono_pwy181_pc4 2 2 0.471 0.026 0.545 0.474
mono_pwy192_pc4 2 2 0.779 0.012 0.116 0.837
mono_pwy196_pc4 3 3 0.292 -0.045 0.501 0.256
mono_pwy199_pc2 2 2 0.498 -0.082 0.504 0.497
mono_pwy199_pc4 2 2 0.564 0.09 0.401 0.527
mono_pwy210_pc4 2 2 0.124 0.084 0.963 0.197
mono_pwy211_pc3 2 2 0.456 -0.034 0.568 0.457
mono_pwy211_pc4 2 2 0.826 0.009 0.073 0.837
mono_pwy212_pc2 3 3 0.598 0.081 0.162 0.521
mono_pwy223_pc4 2 2 0.445 -0.02 0.586 0.435
mono_pwy236_pc4 2 2 0.838 0.048 0.063 0.739
mono_pwy237_pc4 2 2 0.147 0.078 0.947 0.251
mono_pwy242_pc1 2 2 0.619 -0.039 0.317 0.662
mono_pwy258_pc1 2 2 0.059 -0.04 0.992 0.11
mono_pwy258_pc2 2 2 0.9 -0.013 0.024 0.819
mono_pwy266_pc4 2 2 0.219 -0.076 0.886 0.379
mono_pwy270_pc3 2 2 0.47 -0.055 0.547 0.481
mono_pwy274_pc4 2 2 0.825 0.013 0.073 0.837
mono_pwy277_pc5 2 2 0.103 -0.083 0.974 0.213
mono_pwy27_pc1 2 2 0.186 0.21 0.917 0.331
mono_pwy282_pc5 2 2 0.921 0.008 0.015 0.835
mono_pwy284_pc4 2 2 0.043 -0.052 0.995 0.084
mono_pwy288_pc4 2 2 0.124 0.059 0.962 0.199
mono_pwy291_pc5 2 2 0.11 0.066 0.971 0.175
mono_pwy293_pc3 2 2 0.145 0.08 0.949 0.258
mono_pwy294_pc2 3 3 0.292 -0.204 0.501 0.268
mono_pwy294_pc4 4 4 0.947 0.001 0.002 0.941
mono_pwy296_pc2 2 2 0.449 0.027 0.579 0.444
mono_pwy301_pc4 3 3 0.417 -0.025 0.34 0.417
mono_pwy310_pc2 2 2 0.474 0.038 0.541 0.479
mono_pwy31_pc2 3 3 0.028 -0.126 0.945 0.095
mono_pwy31_pc3 2 2 0.092 -0.091 0.979 0.154
mono_pwy328_pc2 2 2 0.184 0.074 0.919 0.172
mono_pwy331_pc4 2 2 0.039 -0.077 0.996 0.074
mono_pwy332_pc4 3 3 0.387 -0.038 0.376 0.426
mono_pwy3_pc2 2 2 0.921 0.014 0.015 0.84
mono_pwy61_pc5 2 2 0.603 0.08 0.341 0.576
mono_pwy74_pc3 2 2 0.716 0.186 0.186 0.603
mono_pwy81_pc2 2 2 0.115 -0.097 0.968 0.139
mono_pwy82_pc5 2 2 0.944 -0.009 0.008 0.889
mono_pwy97_pc2 3 3 0.291 -0.047 0.503 0.277
mpv_pwy101_pc4 2 2 0.786 -0.047 0.108 0.68
mpv_pwy103_pc2 2 2 0.169 -0.117 0.931 0.289
mpv_pwy140_pc1 3 3 0.045 -0.13 0.912 0.06
mpv_pwy166_pc5 2 2 0.014 -0.068 1 0.029
mpv_pwy177_pc1 2 2 0.766 0.078 0.129 0.633
mpv_pwy17_pc3 2 2 0.904 0.019 0.023 0.811
mpv_pwy21_pc3 2 2 0.255 -0.085 0.848 0.308
mpv_pwy23_pc5 2 2 0.101 0.475 0.975 0.198
mpv_pwy251_pc4 2 2 0.406 -0.268 0.646 0.481
mpv_pwy253_pc3 2 2 0.451 0.267 0.576 0.485
mpv_pwy259_pc2 2 2 0.37 -0.485 0.699 0.473
mpv_pwy272_pc1 2 2 0.447 0.138 0.583 0.438
mpv_pwy279_pc1 2 2 0.13 -0.136 0.959 0.124
mpv_pwy283_pc1 2 2 0.117 -0.128 0.967 0.131
mpv_pwy285_pc1 2 2 0.046 -0.156 0.995 0.042
mpv_pwy29_pc2 2 2 0.457 0.148 0.568 0.448
mpv_pwy50_pc2 5 5 0.495 -0.056 0.123 0.475
mpv_pwy62_pc3 2 1 0.23 0.152 0.875 0.37
mpv_pwy62_pc4 2 2 0.071 -0.112 0.988 0.113
mpv_pwy80_pc5 2 1 0.699 -0.044 0.208 0.611
myeloid_wbc_pwy166_pc3 2 2 0.854 0.035 0.052 0.654
myeloid_wbc_pwy214_pc5 2 2 0.752 0.029 0.144 0.6
myeloid_wbc_pwy216_pc1 2 2 0.177 -0.054 0.925 0.051
myeloid_wbc_pwy222_pc1 2 2 0.092 0.058 0.979 0.008
myeloid_wbc_pwy222_pc5 3 3 0.874 -0.016 0.016 0.914
myeloid_wbc_pwy228_pc2 2 2 0.607 -0.058 0.335 0.533
myeloid_wbc_pwy242_pc4 3 3 0.292 0.042 0.501 0.26
myeloid_wbc_pwy258_pc5 2 2 0.418 -0.023 0.628 0.408
myeloid_wbc_pwy266_pc2 2 2 0.113 -0.084 0.969 0.29
myeloid_wbc_pwy268_pc2 2 2 0.382 0.06 0.681 0.364
myeloid_wbc_pwy270_pc2 3 3 0.174 0.066 0.682 0.094
myeloid_wbc_pwy272_pc1 2 2 0.881 -0.022 0.035 0.695
myeloid_wbc_pwy284_pc1 2 2 0.362 0.029 0.71 0.27
myeloid_wbc_pwy285_pc3 2 2 0.857 0.02 0.049 0.66
myeloid_wbc_pwy288_pc1 2 2 0.153 0.04 0.943 0.051
myeloid_wbc_pwy290_pc1 2 2 0.373 0.039 0.695 0.294
myeloid_wbc_pwy294_pc1 2 2 0.191 -0.033 0.912 0.051
myeloid_wbc_pwy296_pc1 3 3 0.291 0.037 0.503 0.243
myeloid_wbc_pwy297_pc1 2 2 0.994 0.001 0 0.976
myeloid_wbc_pwy299_pc1 2 2 0.59 0.031 0.361 0.563
myeloid_wbc_pwy29_pc2 3 3 0.867 -0.025 0.018 0.904
myeloid_wbc_pwy328_pc5 2 2 0.404 0.032 0.648 0.352
myeloid_wbc_pwy91_pc1 3 3 0.156 0.076 0.713 0.084
myeloid_wbc_pwy94_pc5 2 2 0.906 -0.015 0.022 0.789
myeloid_wbc_pwy97_pc2 3 3 0.436 -0.04 0.318 0.451
neut_pwy107_pc4 2 2 0.003 0.076 1 0.006
neut_pwy15_pc4 3 3 0.639 -0.03 0.13 0.617
neut_pwy166_pc3 2 2 0.849 0.037 0.055 0.679
neut_pwy191_pc5 2 2 0.678 -0.066 0.234 0.491
neut_pwy222_pc5 3 3 0.886 -0.015 0.013 0.911
neut_pwy228_pc2 4 4 0.502 -0.042 0.162 0.485
neut_pwy232_pc2 2 2 0.286 -0.158 0.811 0.489
neut_pwy258_pc2 2 2 0.031 -0.088 0.998 0.086
neut_pwy29_pc2 3 3 0.874 -0.025 0.016 0.896
neut_pwy328_pc1 2 2 0.88 0.012 0.035 0.717
neut_pwy330_pc1 2 2 0.85 0.017 0.055 0.672
neut_pwy82_pc5 2 2 0.041 -0.113 0.996 0.134
pct_pwy107_pc2 2 2 0.702 -0.049 0.203 0.566
pct_pwy124_pc2 2 2 0.886 -0.021 0.032 0.73
pct_pwy138_pc3 2 2 0.048 0.09 0.994 0.067
pct_pwy149_pc4 2 2 0.071 0.068 0.987 0.178
pct_pwy167_pc3 2 2 0.075 0.108 0.986 0.196
pct_pwy203_pc1 2 1 0.14 0.062 0.952 0.149
pct_pwy204_pc1 2 1 0.074 -0.113 0.987 0.181
pct_pwy206_pc1 2 1 0.144 0.059 0.95 0.149
pct_pwy209_pc1 2 2 0.062 -0.07 0.991 0.143
pct_pwy212_pc3 2 2 0.82 -0.03 0.078 0.613
pct_pwy240_pc3 2 2 0.892 0.015 0.029 0.731
pct_pwy251_pc5 2 1 0.086 -0.074 0.982 0.211
pct_pwy259_pc2 3 3 0.74 0.034 0.068 0.744
pct_pwy263_pc1 2 2 0.984 0.002 0.001 0.96
pct_pwy265_pc2 2 2 0.078 0.053 0.985 0.201
pct_pwy26_pc1 2 1 0.123 -0.069 0.963 0.269
pct_pwy274_pc5 2 2 0.075 -0.059 0.986 0.19
pct_pwy286_pc2 3 2 0.582 -0.031 0.174 0.521
pct_pwy287_pc5 2 1 0.061 0.064 0.991 0.166
pct_pwy293_pc1 2 1 0.112 0.106 0.97 0.267
pct_pwy324_pc4 2 2 0.099 0.051 0.976 0.243
pct_pwy331_pc4 2 1 0.787 0.019 0.108 0.585
pct_pwy33_pc5 2 1 0.992 -0.002 0 0.967
pct_pwy43_pc4 2 2 0.654 -0.176 0.268 0.501
pct_pwy56_pc4 2 2 0.003 0.092 1 0.003
pct_pwy85_pc5 2 2 0.078 -0.045 0.985 0.062
pct_pwy95_pc2 2 2 0.834 -0.03 0.067 0.633
pct_pwy95_pc4 2 2 0.793 0.02 0.102 0.621
pdw_pwy106_pc5 2 2 0.105 0.11 0.973 0.218
pdw_pwy109_pc2 2 2 0.799 0.028 0.097 0.656
pdw_pwy124_pc5 2 2 0.967 -0.009 0.003 0.945
pdw_pwy127_pc2 2 2 0.486 0.097 0.521 0.511
pdw_pwy15_pc4 3 3 0.564 -0.041 0.19 0.625
pdw_pwy165_pc5 2 2 0.827 -0.026 0.072 0.699
pdw_pwy167_pc3 3 3 0.575 -0.064 0.18 0.52
pdw_pwy173_pc5 2 2 0.643 0.048 0.282 0.511
pdw_pwy200_pc3 2 2 0.977 0.007 0.001 0.954
pdw_pwy209_pc3 3 3 0.757 0.035 0.059 0.767
pdw_pwy222_pc3 2 2 0.159 -0.086 0.939 0.249
pdw_pwy23_pc1 2 2 0.822 -0.071 0.076 0.671
pdw_pwy23_pc5 2 2 0.198 0.113 0.907 0.358
pdw_pwy250_pc1 2 2 0.721 -0.04 0.18 0.746
pdw_pwy259_pc2 2 2 0.092 -0.134 0.979 0.16
pdw_pwy27_pc2 2 2 0.986 -0.002 0 0.979
pdw_pwy295_pc2 2 2 0.97 0.005 0.002 0.925
pdw_pwy329_pc1 2 2 0.871 0.019 0.041 0.769
pdw_pwy56_pc4 2 2 0.957 0.004 0.005 0.906
pdw_pwy62_pc4 2 2 0.74 -0.028 0.158 0.601
pdw_pwy80_pc5 2 2 0.859 -0.019 0.048 0.722
pdw_pwy82_pc1 2 2 0.923 -0.013 0.015 0.909
pdw_pwy92_pc3 2 2 0.166 0.104 0.933 0.326
pdw_pwy98_pc4 2 2 0.336 -0.021 0.746 0.196
pdw_pwy9_pc5 2 2 0.055 0.122 0.993 0.089
plt_pwy102_pc3 2 2 0.177 -0.094 0.925 0.331
plt_pwy12_pc2 2 2 0.037 0.13 0.997 0.07
plt_pwy138_pc2 2 2 0.432 -0.231 0.606 0.514
plt_pwy138_pc3 2 2 0.002 0.082 1 0.002
plt_pwy165_pc3 2 2 0.35 0.333 0.728 0.468
plt_pwy240_pc3 3 3 0.768 0.047 0.054 0.766
plt_pwy251_pc4 2 2 0.348 0.174 0.73 0.499
plt_pwy259_pc2 3 3 0.361 0.199 0.408 0.235
plt_pwy272_pc1 2 2 0.089 -0.15 0.981 0.151
plt_pwy27_pc2 3 3 0.767 0.029 0.054 0.782
plt_pwy297_pc5 2 2 0.487 -0.037 0.521 0.467
plt_pwy301_pc4 2 2 0.114 0.063 0.968 0.231
plt_pwy43_pc4 2 2 0.663 -0.151 0.255 0.536
plt_pwy50_pc2 2 2 0.853 -0.017 0.052 0.725
plt_pwy56_pc4 2 2 0.371 0.169 0.697 0.452
plt_pwy65_pc4 2 2 0.912 -0.02 0.019 0.821
plt_pwy85_pc5 2 2 0.118 -0.044 0.966 0.163
plt_pwy91_pc5 3 3 0.459 0.133 0.293 0.317
rbc_pwy144_pc5 2 2 0.605 -0.072 0.338 0.532
rbc_pwy151_pc5 2 2 0.072 0.082 0.987 0.178
rbc_pwy213_pc1 2 2 0.794 0.026 0.101 0.669
rbc_pwy245_pc2 2 2 0.969 0.007 0.002 0.936
rbc_pwy252_pc1 2 2 0.847 -0.028 0.057 0.689
rbc_pwy254_pc1 2 2 0.625 0.047 0.309 0.556
rbc_pwy254_pc5 2 1 0.105 -0.107 0.973 0.199
rbc_pwy273_pc5 2 2 0.17 0.09 0.93 0.348
rbc_pwy27_pc5 2 2 0.824 0.026 0.075 0.646
rbc_pwy29_pc3 2 2 0.219 0.141 0.886 0.405
rbc_pwy332_pc2 2 2 0.968 -0.005 0.003 0.923
rbc_pwy39_pc3 3 3 0.974 0.003 0.001 0.982
rbc_pwy65_pc5 2 2 0.165 0.039 0.935 0.04
rbc_pwy92_pc5 2 2 0.004 -0.09 1 0.006
rdw_pwy107_pc2 2 2 0.928 0.01 0.013 0.852
rdw_pwy114_pc3 2 2 0.016 0.089 0.999 0.017
rdw_pwy117_pc1 3 3 0.733 -0.023 0.072 0.738
rdw_pwy120_pc5 2 2 0.304 -0.149 0.789 0.461
rdw_pwy153_pc2 2 2 0.058 0.082 0.992 0.088
rdw_pwy154_pc3 2 2 0.422 0.09 0.621 0.457
rdw_pwy159_pc1 2 2 0.953 -0.008 0.006 0.914
rdw_pwy168_pc1 2 2 0.934 -0.011 0.011 0.848
rdw_pwy168_pc2 2 2 0.907 0.013 0.021 0.837
rdw_pwy17_pc1 2 2 0.132 0.099 0.957 0.237
rdw_pwy202_pc3 2 2 0.548 -0.045 0.425 0.565
rdw_pwy214_pc1 2 2 0.061 -0.086 0.991 0.136
rdw_pwy228_pc1 2 2 0.993 0.001 0 0.99
rdw_pwy22_pc2 3 3 0.885 0.009 0.013 0.906
rdw_pwy22_pc4 3 3 0.422 0.056 0.334 0.371
rdw_pwy236_pc3 2 2 0.597 0.06 0.35 0.565
rdw_pwy264_pc3 2 2 0.813 -0.024 0.084 0.664
rdw_pwy79_pc2 2 2 0.143 -0.06 0.95 0.285
rdw_pwy95_pc1 2 2 0.853 0.025 0.052 0.716
rdw_pwy96_pc3 2 2 0.73 -0.022 0.169 0.697
rdw_pwy99_pc1 2 2 0.007 -0.079 1 0.02
ret_pwy104_pc2 2 2 0.155 -0.069 0.942 0.287
ret_pwy105_pc2 2 2 0.615 0.061 0.323 0.689
ret_pwy109_pc2 2 2 0.902 -0.018 0.024 0.792
ret_pwy10_pc2 2 2 0.024 -0.118 0.999 0.034
ret_pwy114_pc1 2 2 0.158 0.185 0.939 0.271
ret_pwy116_pc1 2 2 0.755 -0.029 0.141 0.629
ret_pwy121_pc3 3 3 0.424 -0.059 0.332 0.396
ret_pwy122_pc5 2 2 0.904 -0.009 0.022 0.818
ret_pwy126_pc4 2 2 0.836 -0.015 0.065 0.677
ret_pwy133_pc3 2 2 0.032 0.094 0.997 0.077
ret_pwy140_pc3 2 2 0.09 -0.125 0.98 0.086
ret_pwy144_pc5 4 4 0.953 0.003 0.001 0.947
ret_pwy146_pc3 3 3 0.562 -0.052 0.192 0.551
ret_pwy146_pc4 2 2 0.123 -0.075 0.963 0.146
ret_pwy147_pc4 2 2 0.933 0.006 0.011 0.867
ret_pwy150_pc2 2 2 0.009 0.083 1 0.019
ret_pwy152_pc2 2 2 0.877 -0.016 0.037 0.771
ret_pwy153_pc4 3 3 0.14 0.047 0.74 0.107
ret_pwy156_pc3 3 3 0.948 0.007 0.003 0.954
ret_pwy158_pc5 2 2 0.502 -0.069 0.496 0.469
ret_pwy159_pc3 2 2 0.522 -0.056 0.466 0.527
ret_pwy161_pc1 2 2 0.045 0.072 0.995 0.048
ret_pwy169_pc5 3 3 0.002 0.068 0.996 0
ret_pwy170_pc2 2 2 0.391 0.115 0.667 0.384
ret_pwy179_pc1 2 2 0.049 0.137 0.994 0.05
ret_pwy186_pc2 2 2 0.9 -0.012 0.024 0.812
ret_pwy18_pc5 2 2 0.456 0.054 0.569 0.463
ret_pwy195_pc1 2 2 0.079 0.117 0.985 0.068
ret_pwy200_pc3 2 2 0.926 -0.014 0.014 0.811
ret_pwy204_pc5 3 3 0.952 -0.003 0.002 0.95
ret_pwy212_pc3 3 3 0.185 -0.094 0.664 0.186
ret_pwy216_pc1 2 2 0.053 0.082 0.993 0.053
ret_pwy217_pc5 2 2 0.034 0.074 0.997 0.081
ret_pwy218_pc1 2 2 0.108 0.114 0.972 0.218
ret_pwy221_pc3 2 2 0.431 -0.069 0.607 0.442
ret_pwy222_pc3 2 2 0.575 0.207 0.383 0.492
ret_pwy222_pc4 2 2 0.099 0.082 0.976 0.1
ret_pwy228_pc1 2 2 0.118 -0.142 0.966 0.15
ret_pwy228_pc3 2 2 0.84 -0.019 0.062 0.687
ret_pwy231_pc4 3 3 0.749 0.03 0.063 0.76
ret_pwy235_pc5 2 2 0.078 -0.061 0.985 0.197
ret_pwy237_pc5 2 2 0.83 -0.017 0.07 0.698
ret_pwy23_pc5 2 2 0.947 -0.006 0.007 0.88
ret_pwy259_pc4 3 3 0.537 0.044 0.214 0.472
ret_pwy262_pc4 2 2 0.002 0.074 1 0.005
ret_pwy275_pc1 2 2 0.795 -0.035 0.1 0.719
ret_pwy281_pc1 3 3 0.475 -0.056 0.275 0.472
ret_pwy286_pc5 3 3 0.907 0.005 0.009 0.924
ret_pwy287_pc5 3 3 0.625 0.02 0.141 0.609
ret_pwy296_pc5 2 2 0.855 -0.014 0.051 0.701
ret_pwy300_pc5 3 3 0.636 -0.029 0.132 0.62
ret_pwy303_pc4 2 2 0.463 0.076 0.558 0.434
ret_pwy308_pc2 4 4 0.39 0.051 0.251 0.393
ret_pwy310_pc5 5 5 0.384 -0.036 0.193 0.364
ret_pwy316_pc4 2 2 0.843 0.024 0.06 0.684
ret_pwy317_pc1 2 2 0.201 -0.14 0.903 0.347
ret_pwy318_pc2 2 2 0.985 -0.002 0.001 0.966
ret_pwy320_pc2 2 2 0.854 0.021 0.052 0.709
ret_pwy321_pc5 3 3 0.64 0.065 0.13 0.671
ret_pwy325_pc5 2 2 0.794 0.052 0.101 0.802
ret_pwy329_pc1 2 2 0.011 0.081 1 0.013
ret_pwy330_pc1 3 3 0.831 -0.012 0.029 0.864
ret_pwy3_pc3 2 2 0.464 0.294 0.556 0.505
ret_pwy44_pc1 2 2 0.315 -0.206 0.774 0.452
ret_pwy44_pc5 2 2 0.504 0.054 0.493 0.53
ret_pwy47_pc3 2 2 0.946 -0.008 0.007 0.876
ret_pwy50_pc4 2 2 0.225 0.148 0.88 0.358
ret_pwy52_pc1 2 2 0.863 0.016 0.046 0.741
ret_pwy78_pc2 2 2 0.03 -0.14 0.998 0.029
ret_pwy85_pc1 2 2 0.488 -0.087 0.519 0.458
ret_pwy88_pc5 3 3 0.443 0.043 0.31 0.361
ukb.allasthma_pwy112_pc5 5 5 0.418 -0.078 0.169 0.393
ukb.allasthma_pwy138_pc1 2 2 0.001 -0.104 1 0.002
ukb.allasthma_pwy139_pc1 2 2 0.166 0.094 0.934 0.295
ukb.allasthma_pwy145_pc2 2 2 0.941 -0.021 0.009 0.917
ukb.allasthma_pwy148_pc3 3 3 0.885 -0.024 0.013 0.888
ukb.allasthma_pwy161_pc5 3 3 0.379 0.123 0.385 0.269
ukb.allasthma_pwy176_pc3 2 2 0.729 -0.055 0.171 0.613
ukb.allasthma_pwy186_pc1 2 2 0.05 0.134 0.994 0.161
ukb.allasthma_pwy191_pc1 3 3 0.52 0.044 0.231 0.472
ukb.allasthma_pwy191_pc5 3 3 0.631 -0.041 0.136 0.597
ukb.allasthma_pwy198_pc2 2 2 0.457 0.272 0.567 0.471
ukb.allasthma_pwy200_pc3 2 2 0.156 -0.165 0.941 0.345
ukb.allasthma_pwy228_pc5 2 2 0.154 0.195 0.943 0.329
ukb.allasthma_pwy236_pc5 2 2 0.672 -0.091 0.243 0.529
ukb.allasthma_pwy237_pc3 2 2 0.073 -0.167 0.987 0.217
ukb.allasthma_pwy238_pc2 2 0 0.11 0.357 0.971 0.147
ukb.allasthma_pwy23_pc3 2 2 0.828 -0.038 0.071 0.671
ukb.allasthma_pwy245_pc5 2 2 0.766 0.046 0.129 0.592
ukb.allasthma_pwy24_pc1 2 2 0.701 0.118 0.205 0.541
ukb.allasthma_pwy255_pc2 2 2 0.932 0.022 0.011 0.785
ukb.allasthma_pwy255_pc3 4 3 0.697 0.066 0.058 0.696
ukb.allasthma_pwy263_pc5 2 2 0.774 0.042 0.121 0.595
ukb.allasthma_pwy266_pc2 2 2 0.865 0.051 0.044 0.704
ukb.allasthma_pwy284_pc3 3 3 0.007 -0.146 0.986 0.042
ukb.allasthma_pwy2_pc4 2 2 0.942 -0.015 0.008 0.835
ukb.allasthma_pwy321_pc2 2 1 0.547 -0.227 0.426 0.518
ukb.allasthma_pwy325_pc2 2 1 0.547 -0.229 0.427 0.518
ukb.allasthma_pwy75_pc2 3 3 0.551 0.057 0.202 0.475
wbc_pwy103_pc1 2 2 0.036 -0.078 0.997 0.134
wbc_pwy103_pc4 2 2 0.6 -0.086 0.346 0.525
wbc_pwy105_pc2 2 2 0.21 0.085 0.895 0.387
wbc_pwy113_pc5 2 2 0.837 0.027 0.064 0.634
wbc_pwy166_pc3 2 2 0.848 0.034 0.056 0.681
wbc_pwy172_pc2 2 2 0.912 0.01 0.019 0.753
wbc_pwy228_pc2 3 3 0.006 -0.126 0.988 0.01
wbc_pwy242_pc4 3 3 0.922 0.008 0.006 0.946
wbc_pwy258_pc2 2 2 0.06 -0.09 0.991 0.175
wbc_pwy29_pc2 2 2 0.692 -0.093 0.216 0.494
wbc_pwy300_pc4 2 2 0.305 -0.135 0.787 0.457
wbc_pwy317_pc5 2 2 0.042 0.063 0.996 0.082
wbc_pwy31_pc2 2 2 0.095 -0.11 0.978 0.214
wbc_pwy320_pc5 2 2 0.986 0.002 0 0.956
wbc_pwy329_pc1 2 2 0.873 -0.015 0.039 0.733
wbc_pwy4_pc3 2 2 0.8 0.039 0.096 0.556
wbc_pwy67_pc4 2 2 0.072 0.076 0.987 0.2
wbc_pwy92_pc3 3 3 0.632 0.042 0.136 0.559
wbc_pwy94_pc5 2 2 0.999 0 0 0.999
