factor num_snp_fdr<0.2 num_snp_noMHC pval_in_fitting slope_in_fitting rsq_in_fitting pval_in_resampling
EUR.CD_pwy109_pc3 2 2 0.062 -0.479 0.991 0.093
EUR.CD_pwy11_pc4 2 2 0.089 0.837 0.981 0.156
EUR.CD_pwy122_pc1 2 1 0.043 -0.701 0.995 0.124
EUR.CD_pwy170_pc4 2 2 0.861 -0.072 0.047 0.692
EUR.CD_pwy193_pc3 2 1 0.93 -0.036 0.012 0.782
EUR.CD_pwy197_pc3 2 2 0.968 0.025 0.002 0.938
EUR.CD_pwy197_pc5 2 2 0.986 0.008 0.001 0.97
EUR.CD_pwy206_pc4 2 2 0.015 0.261 0.999 0.041
EUR.CD_pwy208_pc3 2 2 0.052 0.583 0.993 0.159
EUR.CD_pwy219_pc5 2 2 0.015 -0.32 0.999 0.027
EUR.CD_pwy226_pc4 2 2 0.02 0.463 0.999 0.034
EUR.CD_pwy237_pc1 2 2 0.408 -1.787 0.642 0.439
EUR.CD_pwy237_pc5 2 2 0.011 0.244 1 0.026
EUR.CD_pwy242_pc4 2 2 0.98 0.014 0.001 0.959
EUR.CD_pwy243_pc1 2 2 0.045 -0.65 0.995 0.134
EUR.CD_pwy247_pc2 2 1 0.856 -0.186 0.05 0.685
EUR.CD_pwy247_pc5 2 2 0.015 0.45 0.999 0.05
EUR.CD_pwy29_pc3 2 2 0.866 0.136 0.044 0.717
EUR.CD_pwy307_pc1 2 2 0.04 0.525 0.996 0.091
EUR.CD_pwy309_pc4 2 2 0.116 0.671 0.967 0.277
EUR.CD_pwy309_pc5 2 2 0.02 -0.413 0.999 0.034
EUR.CD_pwy30_pc2 2 2 0.884 -0.169 0.033 0.762
EUR.CD_pwy328_pc5 2 1 0.126 0.74 0.961 0.089
EUR.CD_pwy36_pc4 2 2 0.061 0.463 0.991 0.093
EUR.CD_pwy41_pc1 2 2 0.015 0.582 0.999 0.042
EUR.CD_pwy4_pc2 2 2 0.831 0.285 0.069 0.661
EUR.CD_pwy50_pc4 3 3 0.665 0.233 0.112 0.632
EUR.CD_pwy52_pc1 2 2 0.078 0.462 0.985 0.101
EUR.CD_pwy61_pc3 2 2 0.007 0.768 1 0.017
EUR.CD_pwy6_pc3 2 2 0.062 0.534 0.991 0.168
EUR.CD_pwy95_pc1 2 2 0.808 0.147 0.088 0.693
EUR.IBD_pwy148_pc5 3 3 0.791 0.086 0.044 0.834
EUR.IBD_pwy151_pc3 2 2 0.947 -0.027 0.007 0.903
EUR.IBD_pwy179_pc3 3 3 0.756 -0.088 0.059 0.778
EUR.IBD_pwy182_pc3 2 2 0.024 0.448 0.999 0.06
EUR.IBD_pwy193_pc4 2 1 0.147 0.202 0.948 0.28
EUR.IBD_pwy197_pc5 3 3 0.611 -0.14 0.151 0.59
EUR.IBD_pwy198_pc5 2 2 0.616 -0.185 0.322 0.612
EUR.IBD_pwy214_pc3 2 2 0.663 0.319 0.255 0.46
EUR.IBD_pwy221_pc3 4 4 0.996 0.001 0 0.994
EUR.IBD_pwy229_pc5 2 2 0.964 -0.031 0.003 0.912
EUR.IBD_pwy231_pc3 2 2 0.997 0.003 0 0.995
EUR.IBD_pwy235_pc3 2 2 0.692 -0.133 0.217 0.649
EUR.IBD_pwy238_pc4 2 1 0.159 -0.195 0.939 0.284
EUR.IBD_pwy249_pc4 2 2 0.089 -0.429 0.98 0.217
EUR.IBD_pwy253_pc4 2 2 0.618 -0.209 0.319 0.612
EUR.IBD_pwy259_pc5 2 2 0.917 0.03 0.017 0.887
EUR.IBD_pwy273_pc2 2 2 0.932 -0.028 0.011 0.891
EUR.IBD_pwy281_pc5 2 1 0.206 -0.16 0.899 0.291
EUR.IBD_pwy284_pc5 3 3 0.434 0.117 0.32 0.356
EUR.IBD_pwy289_pc4 2 2 0.931 0.022 0.012 0.836
EUR.IBD_pwy307_pc1 2 2 0.651 0.321 0.271 0.564
EUR.IBD_pwy312_pc3 2 2 0.898 0.046 0.025 0.883
EUR.IBD_pwy320_pc2 2 1 0.207 -0.159 0.898 0.291
EUR.IBD_pwy321_pc4 2 1 0.212 -0.169 0.893 0.291
EUR.IBD_pwy324_pc2 2 2 0.006 0.347 1 0.01
EUR.IBD_pwy325_pc4 2 1 0.181 0.196 0.921 0.288
EUR.IBD_pwy326_pc4 3 2 0.269 0.21 0.535 0.186
EUR.IBD_pwy331_pc5 2 1 0.131 0.217 0.958 0.279
EUR.IBD_pwy4_pc2 2 2 0.987 -0.014 0 0.967
EUR.IBD_pwy78_pc3 2 2 0.588 0.276 0.363 0.612
EUR.UC_pwy112_pc2 2 2 0.508 0.894 0.488 0.549
EUR.UC_pwy113_pc3 2 0 0.737 -0.17 0.162 0.56
EUR.UC_pwy120_pc2 2 1 0.81 -0.12 0.086 0.613
EUR.UC_pwy120_pc3 2 0 0.79 -0.227 0.105 0.597
EUR.UC_pwy137_pc1 2 2 0.022 0.531 0.999 0.086
EUR.UC_pwy138_pc1 2 2 0.069 -0.296 0.988 0.207
EUR.UC_pwy140_pc1 2 2 0.083 0.295 0.983 0.226
EUR.UC_pwy146_pc3 2 2 0.011 -0.512 1 0.029
EUR.UC_pwy155_pc5 2 1 0.803 0.153 0.093 0.604
EUR.UC_pwy161_pc4 2 0 0.791 -0.145 0.104 0.597
EUR.UC_pwy182_pc3 2 2 0.001 0.513 1 0.004
EUR.UC_pwy190_pc2 2 1 0.076 0.355 0.986 0.196
EUR.UC_pwy195_pc3 2 0 0.72 0.252 0.182 0.551
EUR.UC_pwy197_pc5 2 2 0.051 -0.491 0.994 0.159
EUR.UC_pwy201_pc2 3 1 0.992 0.004 0 0.996
EUR.UC_pwy201_pc3 2 0 0.771 -0.248 0.124 0.576
EUR.UC_pwy202_pc4 3 3 0.002 -0.42 0.996 0.016
EUR.UC_pwy203_pc5 2 2 0.393 0.248 0.665 0.458
EUR.UC_pwy204_pc3 2 1 0.796 -0.277 0.1 0.594
EUR.UC_pwy207_pc2 2 0 0.742 0.262 0.155 0.563
EUR.UC_pwy211_pc2 2 0 0.761 -0.147 0.134 0.576
EUR.UC_pwy214_pc3 2 2 0.699 0.325 0.207 0.544
EUR.UC_pwy221_pc3 3 2 0.005 -0.42 0.99 0.037
EUR.UC_pwy229_pc5 2 2 0.094 -0.536 0.978 0.276
EUR.UC_pwy241_pc3 3 3 0.002 -0.501 0.996 0.018
EUR.UC_pwy242_pc2 2 1 0.455 -0.657 0.571 0.519
EUR.UC_pwy265_pc4 2 1 0.01 0.257 1 0.059
EUR.UC_pwy290_pc3 2 0 0.749 -0.306 0.148 0.567
EUR.UC_pwy294_pc3 2 0 0.756 0.18 0.14 0.57
EUR.UC_pwy295_pc4 2 0 0.733 -0.296 0.166 0.554
EUR.UC_pwy295_pc5 2 2 0.057 0.34 0.992 0.193
EUR.UC_pwy303_pc2 2 2 0.009 0.351 1 0.036
EUR.UC_pwy306_pc2 2 2 0.01 -0.508 1 0.02
EUR.UC_pwy314_pc2 2 2 0.01 -0.51 1 0.045
EUR.UC_pwy324_pc2 2 2 0.013 0.393 1 0.043
EUR.UC_pwy325_pc4 2 1 0.692 0.183 0.217 0.535
EUR.UC_pwy331_pc5 2 0 0.521 0.276 0.467 0.472
EUR.UC_pwy36_pc1 2 2 0.082 0.658 0.984 0.193
EUR.UC_pwy36_pc5 2 2 0.1 0.752 0.975 0.299
EUR.UC_pwy52_pc1 2 1 0.659 0.301 0.26 0.558
EUR.UC_pwy57_pc1 3 2 0.692 0.233 0.095 0.722
EUR.UC_pwy67_pc1 3 3 0.439 0.44 0.315 0.372
EUR.UC_pwy79_pc5 2 2 0.979 -0.016 0.001 0.927
EUR.UC_pwy86_pc1 2 2 0.008 0.631 1 0.023
EUR.UC_pwy86_pc4 2 2 0.46 0.755 0.563 0.517
T1D_pwy101_pc2 2 2 0.004 0.392 1 0.019
T1D_pwy127_pc4 3 3 0.829 -0.152 0.029 0.817
T1D_pwy128_pc2 2 2 0.867 0.111 0.043 0.723
T1D_pwy144_pc1 3 3 0.073 1.232 0.859 0.102
T1D_pwy145_pc1 2 2 0.126 0.533 0.961 0.21
T1D_pwy146_pc1 3 3 0.233 1.342 0.589 0.139
T1D_pwy158_pc3 2 2 0.825 -0.212 0.073 0.659
T1D_pwy163_pc3 2 2 0.852 0.117 0.053 0.684
T1D_pwy195_pc2 2 2 0.977 0.013 0.001 0.924
T1D_pwy207_pc1 2 2 0.04 0.479 0.996 0.104
T1D_pwy23_pc4 2 2 0.969 -0.016 0.002 0.917
T1D_pwy243_pc3 2 2 0.003 0.415 1 0.013
T1D_pwy253_pc4 2 2 0.855 -0.073 0.051 0.695
T1D_pwy281_pc2 2 2 0.094 -0.254 0.978 0.091
T1D_pwy283_pc2 2 2 0.106 0.344 0.973 0.267
T1D_pwy289_pc1 2 2 0.585 -0.316 0.368 0.589
T1D_pwy297_pc3 2 2 0.07 0.369 0.988 0.085
T1D_pwy314_pc1 3 3 0.39 0.355 0.372 0.411
T1D_pwy320_pc3 2 2 0.023 0.388 0.999 0.006
allergy_pwy10_pc3 2 2 0.028 -0.12 0.998 0.065
allergy_pwy141_pc2 3 3 0.793 0.022 0.043 0.813
allergy_pwy171_pc1 2 2 0.076 -0.261 0.986 0.056
allergy_pwy17_pc1 2 2 0.943 -0.014 0.008 0.816
allergy_pwy193_pc3 2 2 0.86 0.031 0.048 0.667
allergy_pwy198_pc2 2 1 0.942 -0.016 0.008 0.906
allergy_pwy221_pc2 2 2 0.788 0.082 0.107 0.634
allergy_pwy238_pc4 2 0 0.132 0.127 0.958 0.217
allergy_pwy242_pc2 2 2 0.967 -0.007 0.003 0.899
allergy_pwy245_pc5 3 3 0.695 0.034 0.093 0.728
allergy_pwy259_pc3 2 2 0.892 0.018 0.029 0.78
allergy_pwy281_pc2 2 2 0.883 -0.019 0.034 0.691
allergy_pwy309_pc3 2 2 0.001 -0.128 1 0.001
allergy_pwy325_pc4 2 0 0.116 -0.142 0.967 0.206
allergy_pwy43_pc4 2 2 0.51 -0.157 0.485 0.501
allergy_pwy67_pc2 2 2 0.721 -0.058 0.18 0.619
allergy_pwy70_pc2 2 2 0.928 0.021 0.013 0.911
allergy_pwy87_pc1 3 3 0.812 -0.046 0.035 0.792
allergy_pwy8_pc3 3 3 0.3 0.104 0.491 0.283
baso_pwy137_pc2 2 2 0.194 -0.264 0.91 0.402
baso_pwy138_pc3 2 2 0.402 -0.136 0.652 0.491
baso_pwy149_pc1 2 1 0.19 0.316 0.913 0.223
baso_pwy157_pc4 4 4 0.995 0 0 0.996
baso_pwy168_pc5 2 1 0.052 0.063 0.993 0.181
baso_pwy259_pc1 2 2 0.793 0.054 0.102 0.595
baso_pwy263_pc3 2 1 0.047 0.056 0.995 0.163
baso_pwy275_pc4 2 2 0.769 -0.02 0.126 0.648
baso_pwy281_pc2 2 2 0.451 0.124 0.577 0.487
baso_pwy290_pc3 2 1 0.111 0.061 0.97 0.307
baso_pwy314_pc4 3 2 0.006 0.049 0.988 0.057
baso_pwy67_pc2 2 2 0.922 -0.018 0.015 0.773
baso_pwy74_pc4 3 3 0.621 -0.041 0.144 0.576
eo_pwy100_pc5 3 3 0.935 -0.009 0.004 0.951
eo_pwy140_pc3 3 3 0.61 0.018 0.152 0.584
eo_pwy164_pc4 2 2 0.02 -0.07 0.999 0.053
eo_pwy249_pc5 2 2 0.028 0.078 0.998 0.076
eo_pwy256_pc3 2 2 0.767 -0.014 0.129 0.729
eo_pwy302_pc4 2 2 0.825 0.018 0.073 0.62
eo_pwy308_pc2 2 2 0.615 -0.055 0.323 0.591
eo_pwy314_pc3 2 2 0.816 -0.034 0.082 0.613
eo_pwy5_pc3 2 2 0.046 0.056 0.995 0.09
eo_pwy62_pc5 2 2 0.054 -0.064 0.993 0.11
eo_pwy63_pc3 3 3 0.648 -0.03 0.124 0.611
eo_pwy78_pc2 2 2 0.868 -0.026 0.042 0.716
eo_pwy82_pc2 2 2 0.231 0.093 0.874 0.367
eo_pwy89_pc3 3 3 0.615 0.042 0.148 0.561
eo_pwy8_pc1 2 2 0.705 -0.046 0.199 0.594
eo_pwy95_pc1 2 2 0.907 0.012 0.021 0.781
eo_pwy97_pc3 2 2 0.835 0.032 0.066 0.694
gran_pwy113_pc3 2 2 0.814 -0.009 0.083 0.664
gran_pwy114_pc4 2 2 0.886 -0.007 0.032 0.714
gran_pwy115_pc3 2 2 0.856 -0.008 0.05 0.686
gran_pwy116_pc4 2 2 0.814 0.012 0.083 0.604
gran_pwy117_pc3 3 2 0.674 -0.022 0.106 0.678
gran_pwy126_pc2 2 2 0.777 0.014 0.118 0.588
gran_pwy127_pc1 2 2 0.151 0.054 0.945 0.331
gran_pwy129_pc4 2 1 0.304 -0.081 0.789 0.478
gran_pwy135_pc5 2 2 0.877 -0.01 0.037 0.703
gran_pwy139_pc4 2 2 0.079 -0.028 0.985 0.234
gran_pwy143_pc4 3 3 0.875 -0.005 0.016 0.895
gran_pwy146_pc5 3 3 0.547 -0.029 0.205 0.446
gran_pwy148_pc1 2 2 0.894 0.032 0.027 0.842
gran_pwy149_pc1 2 1 0.279 0.165 0.82 0.468
gran_pwy151_pc4 2 2 0.812 -0.008 0.084 0.604
gran_pwy155_pc4 2 2 0.782 0.02 0.112 0.561
gran_pwy162_pc5 2 2 0.952 -0.003 0.006 0.876
gran_pwy163_pc2 2 2 0.872 0.009 0.04 0.698
gran_pwy165_pc5 2 2 0.981 0.002 0.001 0.952
gran_pwy168_pc5 3 2 0.066 0.113 0.873 0.206
gran_pwy175_pc2 2 2 0.068 -0.078 0.989 0.217
gran_pwy180_pc4 2 2 0.858 -0.009 0.049 0.686
gran_pwy183_pc2 2 2 0.611 0.056 0.329 0.486
gran_pwy184_pc3 2 2 0.872 0.009 0.04 0.658
gran_pwy186_pc3 2 2 0.906 -0.006 0.022 0.777
gran_pwy187_pc3 2 2 0.896 -0.007 0.027 0.764
gran_pwy194_pc5 2 2 0.011 -0.062 1 0.033
gran_pwy195_pc3 3 2 0.61 -0.034 0.152 0.574
gran_pwy197_pc3 5 5 0.84 -0.009 0.012 0.857
gran_pwy201_pc3 2 1 0.864 0.023 0.045 0.721
gran_pwy203_pc2 2 1 0.082 0.111 0.984 0.211
gran_pwy207_pc2 2 2 0.872 0.011 0.04 0.698
gran_pwy209_pc2 2 2 0.812 -0.025 0.085 0.604
gran_pwy20_pc4 2 2 0.089 -0.129 0.981 0.257
gran_pwy210_pc3 2 2 0.796 -0.014 0.099 0.591
gran_pwy216_pc3 2 2 0.019 0.077 0.999 0.068
gran_pwy218_pc2 3 3 0.616 -0.04 0.148 0.535
gran_pwy219_pc3 3 3 0.864 -0.008 0.018 0.889
gran_pwy226_pc3 2 2 0.857 -0.013 0.05 0.686
gran_pwy231_pc2 2 2 0.846 -0.023 0.057 0.624
gran_pwy235_pc5 2 2 0.069 0.059 0.988 0.177
gran_pwy238_pc4 2 1 0.287 0.102 0.81 0.475
gran_pwy245_pc3 2 2 0.824 0.013 0.075 0.667
gran_pwy263_pc3 2 1 0.258 0.104 0.844 0.478
gran_pwy264_pc1 2 2 0.736 -0.041 0.163 0.529
gran_pwy272_pc3 2 2 0.759 0.016 0.136 0.587
gran_pwy274_pc4 2 2 0.789 -0.013 0.106 0.59
gran_pwy276_pc4 2 2 0.985 0.002 0.001 0.949
gran_pwy281_pc2 2 2 0.036 -0.042 0.997 0.058
gran_pwy283_pc4 2 2 0.057 -0.033 0.992 0.203
gran_pwy288_pc3 3 3 0.874 0.007 0.016 0.88
gran_pwy290_pc3 3 2 0.69 -0.026 0.096 0.718
gran_pwy290_pc4 2 2 0.834 -0.008 0.066 0.676
gran_pwy294_pc3 2 1 0.271 -0.078 0.83 0.457
gran_pwy294_pc5 2 1 0.743 -0.019 0.155 0.515
gran_pwy295_pc4 2 1 0.274 0.117 0.826 0.459
gran_pwy296_pc5 2 2 0.835 -0.008 0.065 0.618
gran_pwy302_pc4 3 2 0.699 -0.032 0.09 0.709
gran_pwy305_pc4 2 1 0.761 -0.047 0.134 0.528
gran_pwy30_pc3 3 3 0.734 0.032 0.071 0.759
gran_pwy313_pc2 2 1 0.74 0.038 0.158 0.514
gran_pwy314_pc4 3 2 0.077 0.088 0.853 0.236
gran_pwy325_pc4 2 1 0.24 -0.103 0.865 0.435
gran_pwy329_pc4 2 2 0.834 0.021 0.066 0.64
gran_pwy32_pc2 2 2 0.037 -0.106 0.997 0.102
gran_pwy332_pc3 2 2 0.829 0.008 0.07 0.612
gran_pwy43_pc5 2 2 0.055 -0.114 0.992 0.2
gran_pwy47_pc1 2 1 0.281 0.186 0.818 0.464
gran_pwy4_pc3 3 3 0.592 0.057 0.166 0.54
gran_pwy50_pc5 2 2 0.559 -0.053 0.408 0.535
gran_pwy53_pc1 2 2 0.042 0.086 0.996 0.15
gran_pwy54_pc3 2 2 0.179 0.094 0.923 0.393
gran_pwy67_pc1 2 2 0.999 0 0 0.996
gran_pwy88_pc3 3 2 0.505 0.041 0.245 0.328
gran_pwy96_pc2 2 2 0.022 0.078 0.999 0.062
hct_pwy109_pc4 2 2 0.58 0.104 0.376 0.52
hct_pwy116_pc4 3 3 0.454 0.024 0.298 0.316
hct_pwy129_pc2 2 2 0.017 0.069 0.999 0.014
hct_pwy135_pc4 2 2 0.829 -0.025 0.07 0.639
hct_pwy136_pc4 4 4 0.591 -0.019 0.107 0.558
hct_pwy137_pc5 2 2 0.627 -0.047 0.306 0.515
hct_pwy139_pc4 2 2 0.781 0.009 0.114 0.608
hct_pwy145_pc2 2 2 0.598 0.05 0.348 0.551
hct_pwy149_pc2 2 2 0.021 0.068 0.999 0.065
hct_pwy14_pc2 2 2 0.963 0.005 0.003 0.92
hct_pwy154_pc2 2 2 0.028 0.101 0.998 0.05
hct_pwy157_pc3 2 2 0.64 0.083 0.287 0.51
hct_pwy164_pc4 2 2 0.112 0.098 0.969 0.28
hct_pwy171_pc4 2 2 0.771 0.018 0.124 0.604
hct_pwy175_pc4 2 2 0.001 0.103 1 0.001
hct_pwy181_pc2 3 3 0.964 0.002 0.001 0.974
hct_pwy190_pc3 2 2 0.143 -0.107 0.95 0.23
hct_pwy202_pc3 2 2 0.66 -0.023 0.26 0.561
hct_pwy213_pc5 3 3 0.796 0.017 0.042 0.779
hct_pwy217_pc4 2 2 0.904 -0.011 0.023 0.921
hct_pwy218_pc5 2 2 0.034 0.066 0.997 0.022
hct_pwy221_pc4 2 2 0.629 0.039 0.302 0.517
hct_pwy229_pc4 3 3 0.95 -0.006 0.002 0.928
hct_pwy250_pc3 2 2 0.867 0.022 0.043 0.695
hct_pwy254_pc2 3 3 0.997 0 0 0.998
hct_pwy267_pc5 2 2 0.051 -0.065 0.993 0.058
hct_pwy276_pc5 2 2 0.109 -0.044 0.971 0.09
hct_pwy286_pc5 2 2 0.108 -0.034 0.971 0.09
hct_pwy301_pc4 2 2 0.324 -0.091 0.762 0.483
hct_pwy304_pc5 3 3 0.003 -0.071 0.995 0.036
hct_pwy315_pc4 2 2 0.772 0.039 0.123 0.572
hct_pwy316_pc2 2 2 0.715 0.052 0.187 0.541
hct_pwy319_pc5 3 3 0.996 0 0 0.997
hct_pwy32_pc2 2 2 0.021 0.109 0.999 0.076
hct_pwy332_pc5 2 2 0.641 0.062 0.286 0.515
hct_pwy48_pc3 2 2 0.312 -0.311 0.779 0.462
hct_pwy50_pc4 2 2 0.852 -0.021 0.053 0.644
hct_pwy83_pc5 3 3 0.484 -0.046 0.266 0.443
hct_pwy88_pc5 2 2 0.14 -0.129 0.952 0.244
hct_pwy89_pc4 3 3 0.363 -0.079 0.405 0.255
hgb_pwy109_pc4 2 2 0.592 0.095 0.358 0.524
hgb_pwy112_pc2 2 2 0.311 0.178 0.779 0.479
hgb_pwy131_pc1 2 2 0.012 -0.07 1 0.022
hgb_pwy135_pc4 3 3 0.841 0.012 0.025 0.911
hgb_pwy136_pc4 2 2 0.9 -0.007 0.024 0.696
hgb_pwy139_pc4 2 2 0.804 0.008 0.092 0.629
hgb_pwy145_pc2 2 2 0.515 0.071 0.477 0.522
hgb_pwy146_pc5 2 2 0.095 0.058 0.978 0.077
hgb_pwy149_pc2 2 2 0 0.067 1 0.001
hgb_pwy14_pc2 2 2 0.946 0.007 0.007 0.85
hgb_pwy157_pc3 2 2 0.653 0.077 0.268 0.512
hgb_pwy161_pc1 2 2 0.033 0.098 0.997 0.118
hgb_pwy163_pc5 2 2 0.88 -0.01 0.035 0.715
hgb_pwy168_pc4 2 2 0.115 -0.121 0.968 0.203
hgb_pwy170_pc2 2 2 0.338 0.041 0.744 0.252
hgb_pwy187_pc4 2 2 0.592 -0.033 0.357 0.612
hgb_pwy189_pc5 2 2 0.169 -0.082 0.931 0.372
hgb_pwy191_pc5 2 2 0.722 -0.051 0.179 0.532
hgb_pwy204_pc4 2 2 0.243 0.19 0.861 0.444
hgb_pwy217_pc4 3 3 0.95 -0.003 0.002 0.917
hgb_pwy218_pc5 2 2 0.582 0.038 0.372 0.55
hgb_pwy221_pc4 2 2 0.643 0.035 0.282 0.523
hgb_pwy221_pc5 2 2 0.905 -0.011 0.022 0.917
hgb_pwy226_pc5 3 3 0.537 -0.043 0.214 0.389
hgb_pwy229_pc4 2 2 0.275 -0.154 0.824 0.445
hgb_pwy22_pc3 2 2 0.923 0.012 0.014 0.809
hgb_pwy236_pc4 2 2 0.686 0.048 0.224 0.523
hgb_pwy237_pc4 2 2 0.326 -0.091 0.76 0.481
hgb_pwy241_pc1 2 2 0.971 -0.006 0.002 0.917
hgb_pwy242_pc5 3 3 0.745 -0.021 0.065 0.8
hgb_pwy243_pc4 2 1 0.878 -0.024 0.036 0.693
hgb_pwy246_pc5 2 2 0.085 -0.07 0.982 0.025
hgb_pwy257_pc5 2 2 0.955 -0.004 0.005 0.857
hgb_pwy266_pc4 2 2 0.334 -0.051 0.749 0.242
hgb_pwy271_pc5 2 2 0.277 -0.073 0.822 0.46
hgb_pwy276_pc5 3 3 0.268 -0.032 0.536 0.275
hgb_pwy282_pc1 2 2 0.997 0 0 0.995
hgb_pwy282_pc3 2 2 0.007 0.051 1 0.026
hgb_pwy284_pc4 2 2 0.295 0.071 0.801 0.469
hgb_pwy286_pc5 4 4 0.136 -0.026 0.578 0.13
hgb_pwy291_pc4 2 2 0.751 -0.031 0.145 0.549
hgb_pwy298_pc4 3 3 0.292 -0.027 0.501 0.287
hgb_pwy301_pc4 2 2 0.315 -0.088 0.774 0.462
hgb_pwy304_pc2 2 2 0.344 0.127 0.736 0.485
hgb_pwy305_pc4 2 2 0.897 -0.012 0.026 0.69
hgb_pwy308_pc3 4 4 0.303 0.068 0.339 0.241
hgb_pwy309_pc1 3 3 0.473 -0.067 0.278 0.34
hgb_pwy310_pc3 2 2 0.327 -0.111 0.759 0.481
hgb_pwy311_pc4 2 2 0.024 0.045 0.999 0.088
hgb_pwy313_pc4 2 2 0.229 0.114 0.877 0.431
hgb_pwy314_pc4 2 2 0.942 0.005 0.008 0.803
hgb_pwy319_pc5 2 2 0.318 0.084 0.77 0.463
hgb_pwy328_pc4 2 2 0.337 0.059 0.745 0.252
hgb_pwy329_pc4 2 2 0.597 -0.048 0.35 0.613
hgb_pwy332_pc5 2 2 0.717 0.048 0.185 0.531
hgb_pwy36_pc2 2 2 0.027 0.117 0.998 0.066
hgb_pwy46_pc3 2 2 0.312 0.149 0.779 0.477
hgb_pwy48_pc3 2 2 0.312 -0.311 0.779 0.468
hgb_pwy89_pc2 2 2 0.319 -0.051 0.769 0.187
hgb_pwy89_pc4 3 3 0.367 -0.075 0.401 0.253
hgb_pwy91_pc4 2 2 0.712 0.065 0.191 0.53
lymph_pwy102_pc2 2 2 0.407 0.044 0.644 0.416
lymph_pwy109_pc5 3 3 0.681 -0.045 0.102 0.656
lymph_pwy115_pc4 2 2 0.6 -0.071 0.346 0.516
lymph_pwy118_pc4 2 2 0.847 0.009 0.057 0.683
lymph_pwy129_pc4 3 2 0.246 -0.063 0.569 0.25
lymph_pwy152_pc1 2 2 0.614 -0.031 0.325 0.628
lymph_pwy157_pc2 2 1 0.827 -0.041 0.072 0.611
lymph_pwy168_pc5 2 1 0.844 0.028 0.059 0.646
lymph_pwy173_pc3 3 2 0.532 -0.03 0.219 0.422
lymph_pwy176_pc5 2 2 0.19 0.072 0.913 0.41
lymph_pwy187_pc3 2 2 0.153 -0.075 0.943 0.362
lymph_pwy188_pc5 2 2 0.662 0.056 0.257 0.558
lymph_pwy18_pc2 2 2 0.254 -0.057 0.849 0.114
lymph_pwy194_pc5 2 2 0.04 -0.062 0.996 0.125
lymph_pwy202_pc3 2 1 0.802 -0.027 0.094 0.58
lymph_pwy203_pc2 2 1 0.173 0.096 0.928 0.391
lymph_pwy212_pc4 2 2 0.503 0.047 0.496 0.484
lymph_pwy218_pc5 4 4 0.114 0.085 0.62 0.111
lymph_pwy21_pc5 3 3 0.036 -0.121 0.93 0.156
lymph_pwy233_pc5 2 2 0.876 -0.014 0.037 0.675
lymph_pwy251_pc3 2 2 0.004 -0.084 1 0.01
lymph_pwy255_pc4 2 2 0.301 0.045 0.792 0.188
lymph_pwy260_pc2 3 2 0.257 -0.085 0.552 0.258
lymph_pwy263_pc3 2 1 0.1 0.107 0.975 0.094
lymph_pwy265_pc5 2 2 0.126 0.051 0.961 0.033
lymph_pwy26_pc1 2 2 0.202 -0.12 0.903 0.4
lymph_pwy276_pc4 2 2 0.839 0.028 0.062 0.621
lymph_pwy278_pc3 2 2 0.026 0.112 0.998 0.02
lymph_pwy280_pc3 3 3 0.702 0.018 0.089 0.706
lymph_pwy284_pc4 2 2 0.503 -0.039 0.495 0.486
lymph_pwy287_pc3 2 2 0.001 0.045 1 0.003
lymph_pwy293_pc4 2 2 0.774 -0.02 0.121 0.563
lymph_pwy294_pc5 2 1 0.852 -0.01 0.053 0.665
lymph_pwy2_pc4 2 2 0.667 -0.026 0.249 0.541
lymph_pwy302_pc4 3 2 0.016 -0.118 0.969 0.023
lymph_pwy310_pc5 2 2 0.146 -0.076 0.949 0.364
lymph_pwy312_pc4 2 2 0.061 0.038 0.991 0.164
lymph_pwy320_pc2 2 1 0.252 0.081 0.851 0.446
lymph_pwy323_pc5 2 1 0.283 -0.084 0.815 0.453
lymph_pwy324_pc5 2 2 0.524 0.046 0.462 0.518
lymph_pwy326_pc5 2 2 0.113 -0.045 0.969 0.047
lymph_pwy48_pc3 2 2 0.902 0.018 0.024 0.733
lymph_pwy6_pc2 2 2 0.505 0.108 0.492 0.485
lymph_pwy70_pc2 2 2 0.672 -0.086 0.243 0.558
lymph_pwy77_pc3 2 2 0.681 -0.034 0.23 0.541
lymph_pwy77_pc5 2 2 0.356 0.071 0.719 0.318
lymph_pwy87_pc3 2 2 0.004 -0.093 1 0.009
lymph_pwy96_pc5 2 2 0.929 -0.006 0.012 0.835
mch_pwy103_pc1 4 4 0.043 -0.042 0.792 0.031
mch_pwy105_pc1 3 3 0.319 0.08 0.464 0.299
mch_pwy106_pc1 2 2 0.05 0.1 0.994 0.108
mch_pwy107_pc1 2 2 0.013 0.073 1 0.011
mch_pwy133_pc2 2 2 0.074 0.073 0.987 0.157
mch_pwy149_pc4 2 2 0.086 0.09 0.982 0.178
mch_pwy155_pc5 3 3 0.083 -0.082 0.841 0.137
mch_pwy169_pc5 2 2 0.24 0.096 0.864 0.351
mch_pwy181_pc2 2 2 0.314 0.131 0.776 0.469
mch_pwy191_pc4 3 3 0.52 -0.033 0.231 0.439
mch_pwy199_pc4 2 2 0.329 0.079 0.756 0.472
mch_pwy213_pc3 2 2 0.758 0.039 0.138 0.646
mch_pwy21_pc3 3 3 0.001 0.074 0.999 0.005
mch_pwy227_pc4 2 2 0.766 -0.046 0.129 0.643
mch_pwy230_pc1 2 2 0.218 -0.212 0.888 0.368
mch_pwy240_pc4 2 2 0.964 0.005 0.003 0.929
mch_pwy242_pc2 2 2 0.212 0.087 0.893 0.383
mch_pwy257_pc5 3 3 0.004 0.054 0.992 0.023
mch_pwy264_pc1 3 3 0.393 -0.158 0.368 0.324
mch_pwy291_pc3 2 2 0.988 -0.001 0 0.97
mch_pwy301_pc4 4 4 0.462 0.027 0.191 0.433
mch_pwy308_pc5 2 2 0.286 0.138 0.812 0.455
mch_pwy316_pc5 2 2 0.293 0.084 0.803 0.458
mch_pwy318_pc1 2 2 0.631 -0.105 0.299 0.537
mch_pwy40_pc3 2 2 0.74 0.017 0.158 0.795
mch_pwy42_pc5 2 2 0.972 -0.009 0.002 0.95
mch_pwy45_pc5 2 2 0.311 0.139 0.78 0.469
mch_pwy65_pc2 2 2 0.286 -0.04 0.811 0.314
mch_pwy73_pc1 3 3 0.019 -0.109 0.962 0.069
mch_pwy80_pc1 2 2 0.826 0.024 0.073 0.674
mchc_pwy112_pc3 2 2 0.104 0.078 0.974 0.257
mchc_pwy123_pc3 2 2 0.905 0.012 0.022 0.755
mchc_pwy129_pc4 2 2 0.176 -0.058 0.925 0.367
mchc_pwy152_pc1 2 2 0.981 0.002 0.001 0.936
mchc_pwy169_pc5 2 2 0.151 0.057 0.945 0.333
mchc_pwy178_pc2 4 4 0.714 0.019 0.051 0.681
mchc_pwy192_pc5 2 2 0.845 0.016 0.058 0.654
mchc_pwy197_pc3 2 2 0.01 0.06 1 0.028
mchc_pwy200_pc1 2 2 0.013 -0.072 1 0.044
mchc_pwy214_pc4 2 2 0.203 0.063 0.902 0.401
mchc_pwy216_pc4 2 2 0.178 0.069 0.924 0.369
mchc_pwy219_pc2 2 2 0.802 0.033 0.093 0.571
mchc_pwy219_pc3 3 3 0.738 0.015 0.069 0.746
mchc_pwy221_pc5 2 2 0.176 -0.064 0.925 0.367
mchc_pwy236_pc4 2 2 0.851 0.014 0.054 0.664
mchc_pwy252_pc1 2 2 0.271 0.168 0.83 0.473
mchc_pwy264_pc1 2 2 0.172 -0.092 0.929 0.294
mchc_pwy271_pc5 2 2 0.049 0.03 0.994 0.12
mchc_pwy280_pc3 2 2 0.945 0.01 0.007 0.863
mchc_pwy284_pc4 2 2 0.16 -0.047 0.938 0.346
mchc_pwy294_pc5 2 2 0.088 -0.036 0.981 0.226
mchc_pwy298_pc4 2 2 0.224 -0.049 0.882 0.421
mchc_pwy29_pc5 3 3 0.597 -0.042 0.163 0.522
mchc_pwy300_pc4 2 2 0.015 0.044 0.999 0.04
mchc_pwy304_pc2 2 2 0.049 -0.097 0.994 0.08
mchc_pwy312_pc5 2 2 0.108 0.064 0.971 0.267
mchc_pwy315_pc4 2 2 0.173 -0.059 0.928 0.361
mchc_pwy332_pc5 2 2 0.029 -0.041 0.998 0.081
mchc_pwy45_pc5 3 3 0.032 0.093 0.937 0.143
mchc_pwy72_pc4 2 2 0.079 0.119 0.985 0.197
mchc_pwy89_pc4 3 3 0.029 0.06 0.943 0.127
mcv_pwy101_pc4 2 2 0.825 0.01 0.074 0.628
mcv_pwy103_pc1 2 2 0.303 -0.035 0.79 0.257
mcv_pwy105_pc1 3 3 0.36 0.075 0.409 0.284
mcv_pwy113_pc4 2 2 0.901 0.007 0.024 0.757
mcv_pwy120_pc3 2 2 0.186 0.072 0.917 0.377
mcv_pwy127_pc5 2 2 0.699 -0.047 0.207 0.582
mcv_pwy138_pc4 2 2 0.865 -0.011 0.044 0.737
mcv_pwy149_pc1 2 2 0.183 0.19 0.92 0.255
mcv_pwy149_pc4 3 3 0.907 -0.006 0.009 0.894
mcv_pwy155_pc5 3 3 0.063 -0.078 0.878 0.132
mcv_pwy165_pc4 2 2 0.314 0.052 0.776 0.419
mcv_pwy169_pc5 2 2 0.241 0.084 0.863 0.428
mcv_pwy178_pc4 2 2 0.331 -0.156 0.753 0.442
mcv_pwy181_pc2 2 2 0.29 0.119 0.806 0.42
mcv_pwy199_pc4 2 2 0.306 0.072 0.786 0.426
mcv_pwy214_pc5 2 2 0.329 -0.117 0.756 0.441
mcv_pwy219_pc3 2 2 0.28 0.093 0.818 0.416
mcv_pwy21_pc3 2 2 0.062 0.076 0.99 0.144
mcv_pwy227_pc4 2 2 0.823 -0.03 0.075 0.644
mcv_pwy240_pc4 2 2 0.947 0.007 0.007 0.892
mcv_pwy243_pc5 2 2 0.162 -0.1 0.937 0.345
mcv_pwy245_pc4 2 2 0.107 -0.069 0.972 0.144
mcv_pwy248_pc3 2 2 0.025 -0.065 0.998 0.07
mcv_pwy253_pc3 2 2 0.626 -0.033 0.307 0.55
mcv_pwy254_pc2 2 2 0.843 -0.019 0.06 0.717
mcv_pwy257_pc5 2 2 0.024 0.052 0.999 0.066
mcv_pwy282_pc4 2 2 0.607 0.021 0.335 0.544
mcv_pwy301_pc4 4 4 0.467 0.025 0.187 0.434
mcv_pwy306_pc5 2 2 0.031 0.097 0.998 0.058
mcv_pwy308_pc5 2 2 0.263 0.126 0.839 0.405
mcv_pwy310_pc5 2 2 0.576 -0.041 0.381 0.563
mcv_pwy311_pc2 2 2 0.224 0.067 0.881 0.416
mcv_pwy316_pc5 2 2 0.269 0.077 0.832 0.409
mcv_pwy31_pc2 2 2 0.653 -0.028 0.269 0.553
mcv_pwy35_pc3 3 3 0.526 -0.049 0.225 0.467
mcv_pwy40_pc3 2 2 0.722 0.018 0.179 0.773
mcv_pwy45_pc5 2 2 0.288 0.126 0.809 0.419
mcv_pwy65_pc2 3 3 0.087 -0.044 0.834 0.065
mcv_pwy79_pc1 2 2 0.848 0.023 0.056 0.687
mcv_pwy83_pc4 2 2 0.36 0.136 0.713 0.464
mono_pwy106_pc1 2 2 0.838 0.029 0.063 0.706
mono_pwy113_pc4 4 4 0.835 -0.007 0.017 0.834
mono_pwy114_pc4 2 2 0.84 -0.009 0.062 0.724
mono_pwy124_pc5 2 2 0.721 0.026 0.18 0.618
mono_pwy128_pc1 2 2 0.153 -0.142 0.943 0.249
mono_pwy133_pc2 2 2 0.033 0.084 0.997 0.074
mono_pwy140_pc4 2 2 0.008 -0.05 1 0.015
mono_pwy140_pc5 2 2 0.826 -0.013 0.073 0.709
mono_pwy145_pc5 2 2 0.061 0.041 0.991 0.122
mono_pwy151_pc2 2 2 0.951 -0.018 0.006 0.912
mono_pwy154_pc5 2 2 0.046 -0.069 0.995 0.043
mono_pwy15_pc4 3 3 0.027 -0.113 0.946 0.106
mono_pwy160_pc2 2 2 0.813 0.018 0.084 0.696
mono_pwy162_pc3 2 2 0.062 -0.065 0.99 0.119
mono_pwy165_pc4 2 2 0.8 -0.011 0.095 0.683
mono_pwy166_pc5 2 2 0.633 0.059 0.297 0.578
mono_pwy168_pc5 3 3 0.894 0.008 0.011 0.902
mono_pwy171_pc3 2 2 0.02 -0.075 0.999 0.037
mono_pwy173_pc2 2 2 0.061 0.07 0.991 0.132
mono_pwy178_pc3 2 2 0.013 -0.053 1 0.035
mono_pwy187_pc4 2 2 0.797 -0.012 0.098 0.68
mono_pwy1_pc1 2 2 0.029 0.094 0.998 0.06
mono_pwy201_pc3 3 3 0.38 -0.042 0.384 0.302
mono_pwy203_pc2 2 2 0.94 0.008 0.009 0.884
mono_pwy205_pc4 2 2 0.038 0.038 0.996 0.08
mono_pwy211_pc4 2 2 0.862 0.01 0.046 0.748
mono_pwy212_pc3 2 2 0.844 0.013 0.059 0.727
mono_pwy218_pc2 2 2 0.057 -0.066 0.992 0.118
mono_pwy230_pc5 2 2 0.846 -0.013 0.058 0.728
mono_pwy240_pc2 3 3 0.014 0.106 0.973 0.048
mono_pwy240_pc3 2 2 0.731 -0.032 0.168 0.624
mono_pwy266_pc4 2 2 0.862 -0.012 0.046 0.748
mono_pwy268_pc5 2 2 0.098 0.066 0.976 0.202
mono_pwy26_pc2 2 2 0.026 0.108 0.998 0.046
mono_pwy275_pc2 3 3 0.408 -0.029 0.35 0.303
mono_pwy280_pc5 2 2 0.031 0.057 0.998 0.058
mono_pwy283_pc5 2 2 0.754 0.014 0.142 0.628
mono_pwy294_pc5 2 2 0.805 0.008 0.091 0.687
mono_pwy300_pc4 2 2 0.913 -0.008 0.019 0.834
mono_pwy302_pc4 2 2 0.06 -0.072 0.991 0.132
mono_pwy305_pc5 2 2 0.813 -0.017 0.084 0.695
mono_pwy308_pc3 2 2 0.036 -0.073 0.997 0.04
mono_pwy311_pc4 3 3 0.693 0.018 0.094 0.677
mono_pwy314_pc4 2 2 0.781 -0.017 0.114 0.647
mono_pwy31_pc1 2 2 0.784 -0.036 0.111 0.674
mono_pwy329_pc4 2 2 0.808 -0.017 0.088 0.69
mono_pwy33_pc1 2 2 0.847 0.024 0.057 0.73
mono_pwy37_pc1 2 2 0.949 0.011 0.006 0.905
mono_pwy50_pc5 2 2 0.974 0.003 0.002 0.949
mono_pwy56_pc1 4 4 0.547 0.074 0.132 0.592
mono_pwy5_pc3 3 3 0.689 0.021 0.097 0.698
mono_pwy66_pc4 2 2 0.901 0.009 0.024 0.808
mono_pwy67_pc5 2 2 0.911 -0.008 0.019 0.827
mono_pwy73_pc2 2 2 0.763 0.023 0.132 0.663
mono_pwy74_pc3 2 2 0.85 -0.021 0.055 0.733
mono_pwy80_pc4 2 2 0.896 -0.016 0.026 0.791
mono_pwy88_pc4 2 2 0.989 -0.002 0 0.978
mono_pwy89_pc2 2 2 0.055 -0.06 0.993 0.108
mono_pwy8_pc1 2 2 0.892 -0.025 0.028 0.813
mono_pwy95_pc5 2 2 0.817 -0.009 0.08 0.7
mpv_pwy100_pc2 2 2 0.793 -0.037 0.102 0.699
mpv_pwy101_pc2 3 3 0.035 -0.119 0.931 0.119
mpv_pwy105_pc2 2 2 0.036 -0.148 0.997 0.057
mpv_pwy118_pc3 3 3 0.621 -0.017 0.144 0.619
mpv_pwy123_pc2 2 2 0.063 -0.078 0.99 0.118
mpv_pwy155_pc5 3 3 0.693 0.016 0.095 0.691
mpv_pwy158_pc3 2 2 0.056 -0.084 0.992 0.106
mpv_pwy178_pc5 2 2 0.893 0.012 0.028 0.825
mpv_pwy182_pc5 2 2 0.834 0.017 0.066 0.745
mpv_pwy189_pc3 2 2 0.022 -0.05 0.999 0.056
mpv_pwy191_pc4 2 2 0.1 -0.044 0.976 0.174
mpv_pwy199_pc4 2 2 0.57 -0.029 0.391 0.591
mpv_pwy200_pc1 2 2 0.815 -0.034 0.082 0.641
mpv_pwy204_pc5 2 2 0.804 -0.023 0.092 0.653
mpv_pwy232_pc3 2 2 0.06 0.063 0.991 0.099
mpv_pwy247_pc2 2 1 0.865 -0.04 0.044 0.731
mpv_pwy249_pc3 2 2 0.098 -0.069 0.977 0.226
mpv_pwy251_pc1 2 2 0.425 0.075 0.616 0.461
mpv_pwy255_pc1 2 2 0.243 -0.079 0.861 0.334
mpv_pwy265_pc2 2 2 0.045 0.074 0.995 0.044
mpv_pwy295_pc1 2 2 0.992 -0.001 0 0.98
mpv_pwy299_pc5 3 3 0.307 0.029 0.48 0.286
mpv_pwy300_pc5 2 2 0.126 0.053 0.961 0.209
mpv_pwy304_pc4 3 3 0.713 -0.018 0.082 0.711
mpv_pwy310_pc3 2 2 0.051 -0.059 0.994 0.053
mpv_pwy312_pc4 2 2 0.909 0.009 0.02 0.845
mpv_pwy316_pc5 3 3 0.698 -0.015 0.091 0.696
mpv_pwy319_pc5 2 2 0.916 -0.006 0.018 0.809
mpv_pwy56_pc5 2 2 0.02 0.07 0.999 0.043
mpv_pwy61_pc5 2 1 0.841 -0.033 0.061 0.678
mpv_pwy7_pc1 2 2 0.753 0.089 0.143 0.574
mpv_pwy87_pc3 3 3 0.084 0.103 0.839 0.152
mpv_pwy88_pc3 2 2 0.54 -0.035 0.437 0.575
mpv_pwy90_pc2 2 2 0.202 0.146 0.903 0.312
mpv_pwy92_pc5 3 3 0.481 -0.067 0.269 0.407
myeloid_wbc_pwy116_pc4 2 2 0.799 0.013 0.096 0.622
myeloid_wbc_pwy117_pc3 3 2 0.693 -0.021 0.094 0.677
myeloid_wbc_pwy11_pc4 2 2 0.841 -0.033 0.061 0.658
myeloid_wbc_pwy124_pc4 2 2 0.896 -0.007 0.027 0.766
myeloid_wbc_pwy126_pc2 3 2 0.761 -0.018 0.057 0.759
myeloid_wbc_pwy127_pc1 2 2 0.09 0.051 0.98 0.215
myeloid_wbc_pwy129_pc4 2 1 0.302 -0.082 0.791 0.51
myeloid_wbc_pwy138_pc5 2 2 0.793 0.012 0.102 0.621
myeloid_wbc_pwy139_pc4 2 2 0.073 -0.029 0.987 0.164
myeloid_wbc_pwy143_pc4 3 3 0.79 -0.009 0.044 0.822
myeloid_wbc_pwy144_pc5 2 2 0.906 -0.008 0.022 0.745
myeloid_wbc_pwy146_pc5 2 2 0.849 -0.017 0.055 0.637
myeloid_wbc_pwy149_pc1 2 1 0.297 0.163 0.798 0.508
myeloid_wbc_pwy151_pc4 2 2 0.798 -0.009 0.098 0.622
myeloid_wbc_pwy155_pc4 2 2 0.774 0.023 0.12 0.58
myeloid_wbc_pwy162_pc5 3 3 0.55 0.02 0.203 0.453
myeloid_wbc_pwy165_pc5 2 2 0.981 0.002 0.001 0.952
myeloid_wbc_pwy168_pc4 2 2 0.089 -0.069 0.98 0.208
myeloid_wbc_pwy168_pc5 4 3 0.025 0.107 0.854 0.117
myeloid_wbc_pwy183_pc2 2 2 0.613 0.06 0.327 0.528
myeloid_wbc_pwy184_pc3 2 2 0.857 0.01 0.05 0.659
myeloid_wbc_pwy187_pc5 2 2 0.101 0.039 0.975 0.258
myeloid_wbc_pwy194_pc5 2 2 0.057 -0.066 0.992 0.147
myeloid_wbc_pwy195_pc3 3 2 0.629 -0.033 0.138 0.578
myeloid_wbc_pwy195_pc4 2 2 0.998 0 0 0.997
myeloid_wbc_pwy197_pc3 3 3 0.71 0.026 0.084 0.73
myeloid_wbc_pwy201_pc3 3 2 0.995 0 0 0.992
myeloid_wbc_pwy203_pc2 2 1 0.054 0.117 0.993 0.139
myeloid_wbc_pwy209_pc2 2 2 0.797 -0.028 0.098 0.622
myeloid_wbc_pwy216_pc2 2 2 0.136 -0.1 0.955 0.328
myeloid_wbc_pwy218_pc2 3 3 0.611 -0.041 0.151 0.554
myeloid_wbc_pwy219_pc3 2 2 0.84 0.015 0.062 0.71
myeloid_wbc_pwy231_pc2 2 2 0.155 -0.098 0.942 0.368
myeloid_wbc_pwy232_pc3 2 2 0.998 0 0 0.995
myeloid_wbc_pwy238_pc4 2 1 0.3 0.102 0.794 0.509
myeloid_wbc_pwy261_pc4 3 2 0.946 0.008 0.003 0.97
myeloid_wbc_pwy264_pc1 2 2 0.725 -0.042 0.176 0.571
myeloid_wbc_pwy265_pc3 3 3 0.502 -0.034 0.248 0.389
myeloid_wbc_pwy272_pc3 3 3 0.846 -0.008 0.024 0.85
myeloid_wbc_pwy274_pc4 3 3 0.848 0.007 0.023 0.863
myeloid_wbc_pwy275_pc4 2 2 0.878 -0.012 0.036 0.732
myeloid_wbc_pwy276_pc4 3 3 0.57 -0.034 0.185 0.466
myeloid_wbc_pwy280_pc5 2 2 0.072 0.066 0.987 0.174
myeloid_wbc_pwy283_pc4 2 2 0.056 -0.034 0.992 0.122
myeloid_wbc_pwy290_pc3 3 2 0.808 -0.017 0.037 0.792
myeloid_wbc_pwy293_pc4 2 2 0.084 0.038 0.983 0.191
myeloid_wbc_pwy294_pc3 2 1 0.269 -0.079 0.832 0.494
myeloid_wbc_pwy296_pc5 2 2 0.821 -0.01 0.077 0.633
myeloid_wbc_pwy302_pc4 5 4 0.393 -0.042 0.186 0.361
myeloid_wbc_pwy308_pc5 2 2 0.966 0.003 0.003 0.914
myeloid_wbc_pwy30_pc3 3 3 0.666 0.04 0.112 0.664
myeloid_wbc_pwy314_pc4 2 2 0.143 0.071 0.95 0.337
myeloid_wbc_pwy329_pc4 4 4 0.97 -0.002 0.001 0.965
myeloid_wbc_pwy332_pc3 3 3 0.804 -0.007 0.038 0.839
myeloid_wbc_pwy47_pc1 2 1 0.279 0.188 0.82 0.501
myeloid_wbc_pwy4_pc3 2 2 0.861 -0.029 0.047 0.666
myeloid_wbc_pwy67_pc5 3 3 0.001 -0.057 0.997 0.012
myeloid_wbc_pwy93_pc1 2 2 0.091 0.079 0.98 0.212
myeloid_wbc_pwy96_pc5 2 2 0.063 0.061 0.99 0.163
neut_pwy108_pc1 2 2 0.139 -0.102 0.953 0.324
neut_pwy117_pc3 2 1 0.259 -0.072 0.844 0.465
neut_pwy127_pc1 4 4 0.984 0.001 0 0.972
neut_pwy143_pc4 2 2 0.033 -0.038 0.997 0.109
neut_pwy149_pc1 2 1 0.252 0.159 0.851 0.456
neut_pwy162_pc5 2 2 0.939 -0.004 0.009 0.809
neut_pwy168_pc5 4 3 0.024 0.098 0.858 0.091
neut_pwy175_pc2 2 2 0.052 -0.076 0.993 0.163
neut_pwy194_pc5 2 2 0.006 -0.059 1 0.019
neut_pwy195_pc3 2 1 0.242 -0.09 0.862 0.454
neut_pwy202_pc4 2 2 0.983 -0.002 0.001 0.939
neut_pwy203_pc2 2 1 0.06 0.106 0.991 0.195
neut_pwy216_pc2 2 2 0.044 -0.076 0.995 0.135
neut_pwy218_pc2 5 5 0.202 -0.053 0.367 0.242
neut_pwy228_pc3 2 2 0.947 0.006 0.007 0.871
neut_pwy238_pc4 2 1 0.28 0.096 0.818 0.474
neut_pwy245_pc3 2 2 0.785 0.017 0.11 0.626
neut_pwy261_pc4 2 1 0.774 0.057 0.12 0.558
neut_pwy264_pc1 2 2 0.718 -0.043 0.183 0.552
neut_pwy265_pc3 3 3 0.665 0.022 0.112 0.68
neut_pwy272_pc3 2 2 0.052 -0.052 0.993 0.162
neut_pwy281_pc4 3 3 0.646 -0.028 0.125 0.622
neut_pwy283_pc4 2 2 0.042 -0.032 0.996 0.141
neut_pwy286_pc3 2 2 0.13 -0.043 0.959 0.226
neut_pwy288_pc3 3 3 0.011 0.054 0.979 0.052
neut_pwy290_pc3 3 2 0.649 -0.029 0.123 0.674
neut_pwy294_pc3 2 1 0.257 -0.074 0.846 0.464
neut_pwy315_pc3 2 2 0.108 0.048 0.971 0.214
neut_pwy329_pc4 3 3 0.595 0.029 0.164 0.512
neut_pwy47_pc1 2 1 0.266 0.176 0.835 0.467
neut_pwy4_pc3 3 3 0.549 -0.053 0.203 0.455
neut_pwy50_pc5 2 2 0.56 -0.052 0.406 0.524
neut_pwy53_pc1 2 2 0.027 0.084 0.998 0.106
neut_pwy67_pc5 2 2 0.033 -0.055 0.997 0.099
neut_pwy96_pc2 4 4 0.681 -0.023 0.064 0.659
pct_pwy104_pc4 2 2 0.867 -0.011 0.043 0.792
pct_pwy118_pc4 2 2 0.649 0.025 0.274 0.606
pct_pwy119_pc4 2 2 0.953 -0.006 0.006 0.902
pct_pwy143_pc4 2 2 0.432 0.023 0.606 0.412
pct_pwy157_pc4 2 2 0.011 0.072 1 0.014
pct_pwy15_pc1 2 2 0.973 0.005 0.002 0.915
pct_pwy174_pc4 3 3 0.749 0.022 0.063 0.799
pct_pwy177_pc3 2 2 0.994 0.001 0 0.987
pct_pwy178_pc2 2 2 0.036 -0.108 0.997 0.054
pct_pwy187_pc3 2 2 0.859 -0.011 0.049 0.694
pct_pwy18_pc4 2 2 0.584 -0.047 0.37 0.536
pct_pwy191_pc4 2 2 0.946 -0.004 0.007 0.865
pct_pwy202_pc5 2 2 0.605 -0.047 0.338 0.575
pct_pwy203_pc2 2 2 0.04 0.063 0.996 0.102
pct_pwy218_pc2 2 2 0.198 0.102 0.906 0.376
pct_pwy219_pc4 2 2 0.874 0.012 0.039 0.866
pct_pwy221_pc5 2 2 0.951 0.004 0.006 0.874
pct_pwy226_pc5 2 2 0.416 0.04 0.63 0.396
pct_pwy232_pc3 2 2 0.976 0.002 0.001 0.947
pct_pwy242_pc5 2 2 0.291 -0.047 0.805 0.331
pct_pwy249_pc2 2 2 0.215 0.066 0.89 0.402
pct_pwy265_pc5 2 2 0.515 0.059 0.476 0.503
pct_pwy287_pc3 2 2 0.598 0.041 0.349 0.53
pct_pwy290_pc2 2 2 0.121 -0.05 0.964 0.239
pct_pwy290_pc4 2 2 0.538 -0.017 0.441 0.54
pct_pwy308_pc4 2 2 0.213 -0.064 0.892 0.4
pct_pwy309_pc3 2 2 0.77 0.027 0.125 0.77
pct_pwy330_pc3 2 2 0.153 -0.078 0.944 0.312
pct_pwy332_pc2 2 2 0.576 -0.047 0.382 0.564
pct_pwy40_pc3 2 2 0.047 0.08 0.995 0.128
pct_pwy52_pc4 2 2 0.309 -0.261 0.782 0.461
pct_pwy60_pc5 2 2 0.928 0.011 0.013 0.829
pct_pwy65_pc2 2 2 0.807 -0.029 0.089 0.657
pct_pwy66_pc3 2 2 0.063 0.052 0.99 0.033
pct_pwy73_pc1 2 2 0.566 0.056 0.397 0.536
pct_pwy79_pc3 5 5 0.132 0.064 0.471 0.113
pct_pwy83_pc5 2 2 0.224 -0.065 0.882 0.138
pct_pwy8_pc5 2 2 0.037 -0.059 0.997 0.021
pdw_pwy117_pc2 2 2 0.149 -0.12 0.946 0.31
pdw_pwy127_pc4 2 2 0.058 -0.07 0.992 0.119
pdw_pwy152_pc1 2 2 1 0 0 0.998
pdw_pwy162_pc1 2 2 0.073 0.055 0.987 0.158
pdw_pwy162_pc2 2 2 0.058 0.041 0.992 0.099
pdw_pwy184_pc5 2 2 0.06 0.062 0.991 0.103
pdw_pwy188_pc5 2 2 0.031 0.101 0.998 0.03
pdw_pwy196_pc2 2 2 0.964 -0.006 0.003 0.915
pdw_pwy198_pc2 2 2 0.802 -0.038 0.093 0.638
pdw_pwy232_pc4 2 2 0.23 0.221 0.875 0.312
pdw_pwy245_pc4 2 2 0.464 0.123 0.557 0.497
pdw_pwy297_pc3 2 2 0.229 -0.104 0.876 0.39
pdw_pwy50_pc3 2 2 0.189 0.084 0.914 0.279
pdw_pwy98_pc5 2 2 0.148 -0.112 0.947 0.307
plt_pwy118_pc4 2 2 0.61 0.034 0.331 0.559
plt_pwy137_pc2 2 2 0.785 0.035 0.109 0.631
plt_pwy15_pc1 2 2 0.908 -0.017 0.021 0.799
plt_pwy15_pc4 2 2 0.505 0.057 0.491 0.532
plt_pwy199_pc2 2 2 0.846 0.031 0.057 0.713
plt_pwy203_pc2 2 2 0.058 0.057 0.992 0.123
plt_pwy219_pc3 2 2 0.944 0.005 0.008 0.908
plt_pwy249_pc1 2 2 0.086 -0.132 0.982 0.165
plt_pwy316_pc5 2 2 0.981 0.002 0.001 0.959
plt_pwy323_pc4 2 2 0.11 0.073 0.97 0.242
plt_pwy330_pc3 2 2 0.556 -0.186 0.413 0.503
plt_pwy56_pc5 2 2 0.117 -0.065 0.967 0.234
plt_pwy65_pc2 2 2 0.799 -0.026 0.096 0.672
plt_pwy87_pc3 2 2 0.061 -0.09 0.991 0.119
plt_pwy93_pc5 2 2 0.895 0.008 0.027 0.795
rbc_pwy103_pc1 2 2 0.153 0.088 0.944 0.333
rbc_pwy113_pc3 2 2 0.169 -0.054 0.931 0.306
rbc_pwy116_pc4 2 2 0.03 0.051 0.998 0.072
rbc_pwy122_pc5 3 2 0.933 -0.003 0.005 0.944
rbc_pwy129_pc1 2 2 0.804 0.033 0.092 0.66
rbc_pwy129_pc3 2 2 0.092 -0.053 0.979 0.228
rbc_pwy135_pc4 2 2 0.026 0.053 0.998 0.082
rbc_pwy136_pc5 2 2 0.764 -0.02 0.131 0.603
rbc_pwy138_pc4 2 2 0.773 0.014 0.122 0.624
rbc_pwy139_pc4 2 2 0.823 0.008 0.076 0.687
rbc_pwy143_pc4 2 2 0.193 0.057 0.911 0.389
rbc_pwy149_pc2 2 2 0.06 0.072 0.991 0.174
rbc_pwy149_pc4 2 2 0.723 0.022 0.178 0.62
rbc_pwy157_pc3 2 2 0.718 0.058 0.184 0.538
rbc_pwy15_pc1 2 2 0.047 -0.11 0.995 0.117
rbc_pwy164_pc4 2 2 0.104 0.097 0.974 0.246
rbc_pwy171_pc4 2 2 0.196 0.074 0.908 0.39
rbc_pwy176_pc4 2 2 0.568 0.05 0.394 0.521
rbc_pwy177_pc4 2 2 0.76 -0.014 0.135 0.584
rbc_pwy178_pc5 2 2 0.745 -0.025 0.152 0.595
rbc_pwy181_pc2 2 2 0.866 -0.015 0.044 0.725
rbc_pwy188_pc4 2 2 0.724 0.018 0.177 0.62
rbc_pwy203_pc1 2 2 0.904 -0.019 0.023 0.778
rbc_pwy203_pc5 2 2 0.055 0.1 0.992 0.082
rbc_pwy209_pc1 3 3 0.676 0.031 0.105 0.67
rbc_pwy213_pc5 2 2 0.587 0.051 0.365 0.539
rbc_pwy217_pc4 2 2 0.777 -0.024 0.118 0.776
rbc_pwy221_pc4 2 2 0.822 0.017 0.076 0.641
rbc_pwy235_pc3 3 3 0.597 0.031 0.162 0.552
rbc_pwy242_pc3 2 2 0.828 0.017 0.071 0.908
rbc_pwy245_pc4 2 2 0.493 -0.043 0.512 0.504
rbc_pwy250_pc3 2 2 0.996 -0.001 0 0.993
rbc_pwy251_pc2 2 1 0.188 0.046 0.916 0.241
rbc_pwy254_pc2 3 3 0.885 0.007 0.013 0.885
rbc_pwy259_pc5 2 2 0.714 0.025 0.189 0.594
rbc_pwy267_pc5 2 2 0.145 -0.111 0.949 0.213
rbc_pwy276_pc5 2 2 0.058 -0.055 0.992 0.047
rbc_pwy304_pc5 2 2 0.631 0.039 0.299 0.558
rbc_pwy308_pc5 2 2 0.04 0.077 0.996 0.078
rbc_pwy318_pc1 2 2 0.558 0.114 0.41 0.51
rbc_pwy319_pc3 2 2 0.174 0.096 0.927 0.35
rbc_pwy321_pc2 2 2 0.929 0.005 0.012 0.82
rbc_pwy321_pc3 3 3 0.57 0.068 0.185 0.523
rbc_pwy36_pc2 3 3 0.903 0.015 0.009 0.917
rbc_pwy36_pc4 2 2 0.878 0.016 0.036 0.71
rbc_pwy40_pc3 2 2 0.1 0.177 0.976 0.244
rbc_pwy42_pc5 2 2 0.89 -0.019 0.029 0.776
rbc_pwy79_pc1 2 2 0.92 -0.012 0.016 0.837
rbc_pwy89_pc4 2 2 0.19 -0.108 0.913 0.38
rbc_pwy92_pc3 2 2 0.032 -0.072 0.998 0.075
rbc_pwy98_pc3 2 2 0.105 0.093 0.973 0.244
rdw_pwy102_pc4 2 2 0.078 -0.079 0.985 0.085
rdw_pwy107_pc3 2 2 0.041 -0.14 0.996 0.063
rdw_pwy262_pc1 2 2 0.904 -0.013 0.023 0.801
rdw_pwy325_pc5 2 1 0.097 -0.056 0.977 0.151
rdw_pwy33_pc2 2 2 0.94 -0.007 0.009 0.855
rdw_pwy4_pc3 2 2 0.039 -0.1 0.996 0.097
ret_pwy101_pc2 2 2 0.746 -0.049 0.15 0.609
ret_pwy102_pc2 2 2 0.947 -0.006 0.007 0.867
ret_pwy104_pc4 2 2 0.839 0.017 0.062 0.719
ret_pwy108_pc3 2 2 0.815 0.022 0.082 0.664
ret_pwy122_pc3 3 3 0.084 0.089 0.839 0.169
ret_pwy126_pc2 2 2 0.861 0.012 0.047 0.741
ret_pwy129_pc4 3 3 0.892 -0.005 0.012 0.926
ret_pwy139_pc4 2 2 0.845 0.007 0.058 0.724
ret_pwy142_pc4 2 2 0.85 -0.013 0.055 0.698
ret_pwy144_pc5 4 4 0.688 0.026 0.061 0.683
ret_pwy151_pc4 3 3 0.897 0.004 0.011 0.929
ret_pwy159_pc5 2 2 0.886 -0.01 0.032 0.772
ret_pwy162_pc5 2 2 0.887 -0.01 0.031 0.772
ret_pwy168_pc4 2 2 0.973 -0.003 0.002 0.928
ret_pwy174_pc4 2 2 0.356 0.079 0.719 0.446
ret_pwy177_pc3 2 2 0.902 0.013 0.024 0.791
ret_pwy178_pc3 2 2 0.898 -0.01 0.026 0.788
ret_pwy181_pc5 2 2 0.229 0.092 0.876 0.375
ret_pwy184_pc3 2 2 0.856 0.01 0.05 0.733
ret_pwy185_pc4 3 2 0.468 -0.035 0.283 0.398
ret_pwy186_pc3 4 4 0.344 0.036 0.295 0.344
ret_pwy186_pc4 4 3 0.653 -0.019 0.076 0.62
ret_pwy187_pc3 2 2 0.899 -0.009 0.025 0.791
ret_pwy187_pc5 2 2 0.878 -0.008 0.036 0.766
ret_pwy189_pc3 2 2 0.8 0.018 0.095 0.65
ret_pwy194_pc1 2 2 0.31 -0.125 0.781 0.444
ret_pwy195_pc3 2 2 0.901 0.01 0.024 0.791
ret_pwy204_pc3 2 2 0.149 0.076 0.946 0.238
ret_pwy206_pc1 3 3 0.277 0.287 0.523 0.274
ret_pwy206_pc3 2 2 0.345 0.143 0.734 0.479
ret_pwy208_pc1 2 2 0.911 -0.016 0.02 0.854
ret_pwy209_pc2 2 2 0.876 -0.02 0.038 0.764
ret_pwy214_pc4 2 2 0.883 -0.011 0.034 0.737
ret_pwy219_pc3 2 2 0.824 -0.014 0.074 0.667
ret_pwy226_pc5 2 2 0.093 -0.097 0.979 0.227
ret_pwy228_pc4 2 2 0.849 -0.013 0.055 0.698
ret_pwy229_pc2 2 2 0.152 0.086 0.944 0.241
ret_pwy230_pc1 2 2 0.242 0.179 0.862 0.39
ret_pwy231_pc1 2 2 0.903 -0.016 0.023 0.8
ret_pwy23_pc2 2 2 0.026 0.073 0.998 0.062
ret_pwy240_pc5 2 2 0.842 0.021 0.061 0.767
ret_pwy241_pc1 3 3 0.663 0.039 0.114 0.676
ret_pwy248_pc3 2 2 0.872 -0.019 0.04 0.756
ret_pwy256_pc2 2 2 0.03 -0.076 0.998 0.085
ret_pwy276_pc4 2 2 0.839 0.019 0.063 0.719
ret_pwy280_pc1 2 2 0.052 0.156 0.993 0.126
ret_pwy283_pc4 2 2 0.876 0.007 0.037 0.765
ret_pwy284_pc4 2 2 0.87 0.009 0.041 0.722
ret_pwy292_pc5 2 2 0.847 0.007 0.057 0.727
ret_pwy294_pc3 2 2 0.912 0.008 0.019 0.812
ret_pwy296_pc5 2 2 0.843 -0.009 0.06 0.723
ret_pwy305_pc5 2 2 0.919 0.007 0.016 0.865
ret_pwy319_pc3 2 2 0.466 -0.138 0.553 0.5
ret_pwy32_pc2 2 2 0.96 -0.007 0.004 0.903
ret_pwy332_pc3 2 2 0.846 0.008 0.057 0.726
ret_pwy46_pc5 2 2 0.736 -0.042 0.163 0.588
ret_pwy48_pc3 2 2 0.075 -0.376 0.986 0.148
ret_pwy4_pc3 2 2 0.049 0.117 0.994 0.101
ret_pwy51_pc5 2 2 0.208 -0.17 0.897 0.37
ret_pwy67_pc5 2 2 0.07 -0.067 0.988 0.176
ret_pwy74_pc2 2 2 0.193 0.17 0.91 0.28
ret_pwy77_pc3 2 2 0.898 -0.013 0.025 0.79
ret_pwy86_pc2 2 1 0.798 0.045 0.097 0.643
ret_pwy91_pc5 3 3 0.607 0.026 0.155 0.576
ret_pwy96_pc5 4 4 0.059 0.116 0.745 0.106
ukb.allasthma_pwy102_pc4 2 1 0.033 -0.248 0.997 0.081
ukb.allasthma_pwy104_pc1 3 2 0.688 -0.073 0.097 0.673
ukb.allasthma_pwy185_pc2 2 1 0.281 0.117 0.817 0.41
ukb.allasthma_pwy186_pc2 3 2 0.396 -0.083 0.364 0.281
ukb.allasthma_pwy207_pc5 3 2 0.731 0.039 0.072 0.748
ukb.allasthma_pwy213_pc1 3 3 0.001 -0.211 0.999 0.006
ukb.allasthma_pwy217_pc1 2 1 0.172 0.238 0.929 0.301
ukb.allasthma_pwy247_pc5 2 2 0.994 -0.002 0 0.987
ukb.allasthma_pwy258_pc2 2 2 0.871 -0.06 0.041 0.766
ukb.allasthma_pwy27_pc5 2 2 0.813 0.034 0.084 0.633
ukb.allasthma_pwy281_pc2 3 3 0.544 -0.049 0.208 0.473
ukb.allasthma_pwy301_pc3 2 2 0.008 -0.168 1 0.02
ukb.allasthma_pwy318_pc2 2 2 0.844 0.055 0.059 0.72
ukb.allasthma_pwy332_pc5 2 1 0.017 -0.152 0.999 0.049
ukb.allasthma_pwy64_pc2 2 2 0.012 0.182 1 0.034
ukb.allasthma_pwy65_pc5 2 2 0.682 -0.084 0.23 0.541
ukb.allasthma_pwy6_pc2 5 4 0 0.28 0.972 0.003
ukb.allasthma_pwy8_pc3 4 4 0.198 0.143 0.476 0.149
wbc_pwy108_pc1 2 2 0.208 -0.121 0.897 0.434
wbc_pwy10_pc5 2 2 0.037 -0.074 0.997 0.125
wbc_pwy113_pc3 4 4 0.662 0.009 0.072 0.632
wbc_pwy113_pc4 2 2 0.045 0.045 0.995 0.148
wbc_pwy114_pc4 3 3 0.788 0.007 0.045 0.819
wbc_pwy115_pc3 2 2 0.808 -0.01 0.088 0.643
wbc_pwy116_pc3 3 3 0.692 -0.016 0.095 0.727
wbc_pwy116_pc4 2 2 0.828 0.011 0.071 0.644
wbc_pwy117_pc3 3 2 0.626 -0.029 0.14 0.587
wbc_pwy119_pc1 2 2 0.908 -0.005 0.021 0.744
wbc_pwy120_pc4 2 2 0.08 0.05 0.984 0.243
wbc_pwy124_pc4 2 2 0.915 -0.005 0.018 0.839
wbc_pwy124_pc5 3 3 0.481 0.043 0.269 0.292
wbc_pwy125_pc2 2 1 0.397 -0.093 0.659 0.483
wbc_pwy125_pc4 4 4 0.463 0.018 0.19 0.483
wbc_pwy126_pc2 3 2 0.692 -0.027 0.095 0.672
wbc_pwy127_pc1 3 3 0.008 0.052 0.985 0.033
wbc_pwy129_pc3 2 2 0.788 -0.013 0.107 0.626
wbc_pwy129_pc4 2 1 0.336 -0.095 0.746 0.492
wbc_pwy135_pc5 2 2 0.845 -0.012 0.058 0.664
wbc_pwy136_pc4 2 2 0.971 -0.002 0.002 0.907
wbc_pwy138_pc5 3 3 0.882 -0.004 0.014 0.89
wbc_pwy139_pc4 5 5 0.241 -0.016 0.321 0.249
wbc_pwy143_pc4 7 6 0.112 -0.034 0.366 0.122
wbc_pwy144_pc5 5 5 0.749 -0.009 0.029 0.732
wbc_pwy146_pc3 2 2 0.914 0.009 0.018 0.797
wbc_pwy146_pc5 2 2 0.915 -0.008 0.018 0.767
wbc_pwy149_pc2 3 3 0.007 0.068 0.987 0.043
wbc_pwy151_pc4 3 3 0.543 -0.013 0.209 0.433
wbc_pwy154_pc4 3 2 0.466 -0.057 0.285 0.262
wbc_pwy155_pc5 3 2 0.949 -0.004 0.003 0.968
wbc_pwy157_pc2 2 1 0.772 -0.064 0.123 0.561
wbc_pwy157_pc4 2 2 0.061 0.071 0.991 0.174
wbc_pwy159_pc5 3 3 0.565 0.018 0.189 0.493
wbc_pwy161_pc4 3 3 0.581 -0.016 0.175 0.508
wbc_pwy162_pc5 3 3 0.522 0.021 0.228 0.407
wbc_pwy163_pc2 2 2 0.819 0.012 0.079 0.65
wbc_pwy163_pc5 3 2 0.587 -0.038 0.171 0.481
wbc_pwy168_pc4 2 2 0.079 -0.068 0.985 0.233
wbc_pwy168_pc5 6 5 0.121 0.069 0.411 0.12
wbc_pwy175_pc2 3 3 0 -0.071 1 0.001
wbc_pwy178_pc3 2 2 0.029 0.044 0.998 0.066
wbc_pwy180_pc4 2 2 0.796 -0.013 0.099 0.639
wbc_pwy183_pc2 3 3 0.681 0.027 0.102 0.714
wbc_pwy184_pc3 2 2 0.886 0.008 0.032 0.697
wbc_pwy187_pc3 2 1 0.323 0.104 0.764 0.489
wbc_pwy187_pc5 2 2 0.091 0.038 0.98 0.26
wbc_pwy189_pc3 4 4 0.283 -0.033 0.362 0.238
wbc_pwy191_pc4 2 2 0.006 0.037 1 0.016
wbc_pwy194_pc5 2 2 0.024 -0.063 0.999 0.078
wbc_pwy195_pc3 3 2 0.564 -0.044 0.19 0.469
wbc_pwy195_pc4 2 2 0.982 0.002 0.001 0.952
wbc_pwy197_pc3 2 2 0.843 -0.016 0.059 0.696
wbc_pwy199_pc4 3 3 0.013 -0.039 0.973 0.094
wbc_pwy200_pc4 2 2 0.486 0.038 0.522 0.49
wbc_pwy201_pc3 4 3 0.452 0.046 0.198 0.429
wbc_pwy202_pc3 3 2 0.824 -0.016 0.031 0.868
wbc_pwy202_pc4 2 2 0.015 0.065 0.999 0.06
wbc_pwy203_pc2 2 1 0.091 0.134 0.98 0.256
wbc_pwy205_pc3 3 2 0.172 0.132 0.685 0.266
wbc_pwy205_pc4 3 3 0.862 -0.005 0.019 0.873
wbc_pwy207_pc2 2 2 0.85 0.012 0.054 0.665
wbc_pwy209_pc1 2 2 0.843 0.021 0.06 0.684
wbc_pwy209_pc2 2 2 0.826 -0.023 0.072 0.642
wbc_pwy214_pc4 2 2 0.994 -0.001 0 0.982
wbc_pwy216_pc2 2 2 0.143 -0.093 0.95 0.357
wbc_pwy218_pc2 4 4 0.352 -0.048 0.287 0.346
wbc_pwy218_pc3 2 2 0.964 -0.005 0.003 0.913
wbc_pwy218_pc5 2 2 0.929 0.008 0.013 0.822
wbc_pwy219_pc3 5 5 0.914 -0.003 0.003 0.91
wbc_pwy21_pc3 3 3 0.42 -0.038 0.337 0.348
wbc_pwy223_pc3 2 2 0.059 -0.077 0.991 0.187
wbc_pwy226_pc3 3 3 0.808 0.012 0.037 0.834
wbc_pwy228_pc4 2 2 0.997 0 0 0.997
wbc_pwy231_pc2 3 3 0.608 -0.04 0.153 0.579
wbc_pwy232_pc3 3 3 0.756 -0.015 0.059 0.796
wbc_pwy236_pc4 2 2 0.925 -0.005 0.014 0.82
wbc_pwy238_pc4 2 1 0.386 0.103 0.675 0.494
wbc_pwy243_pc2 2 2 0.958 -0.005 0.004 0.88
wbc_pwy245_pc3 2 2 0.779 0.015 0.116 0.636
wbc_pwy254_pc5 2 2 0.856 -0.026 0.05 0.643
wbc_pwy259_pc2 2 2 0.034 -0.095 0.997 0.101
wbc_pwy259_pc4 2 2 0.054 -0.051 0.993 0.168
wbc_pwy263_pc3 3 2 0.533 0.054 0.218 0.409
wbc_pwy265_pc3 3 3 0.719 -0.016 0.079 0.696
wbc_pwy272_pc3 3 3 0.811 -0.009 0.036 0.823
wbc_pwy274_pc3 3 3 0.782 -0.011 0.048 0.791
wbc_pwy274_pc4 6 6 0.685 0.009 0.036 0.664
wbc_pwy275_pc4 2 2 0.943 -0.006 0.008 0.874
wbc_pwy276_pc4 4 4 0.911 -0.006 0.005 0.878
wbc_pwy27_pc3 2 2 0.061 0.074 0.991 0.159
wbc_pwy280_pc5 2 2 0.107 0.072 0.972 0.265
wbc_pwy283_pc4 4 4 0.485 -0.014 0.174 0.489
wbc_pwy284_pc4 2 2 0.982 -0.001 0.001 0.943
wbc_pwy286_pc3 2 2 0.03 -0.044 0.998 0.098
wbc_pwy288_pc3 4 4 0.5 0.023 0.163 0.498
wbc_pwy290_pc3 3 2 0.789 -0.019 0.045 0.784
wbc_pwy290_pc4 4 4 0.552 0.011 0.13 0.546
wbc_pwy292_pc5 2 2 0.036 -0.028 0.997 0.108
wbc_pwy293_pc4 2 2 0.073 0.037 0.987 0.213
wbc_pwy294_pc3 2 1 0.303 -0.092 0.79 0.48
wbc_pwy294_pc4 2 2 0.843 0.005 0.06 0.66
wbc_pwy294_pc5 3 2 0.566 -0.021 0.188 0.431
wbc_pwy295_pc4 3 2 0.162 0.096 0.702 0.208
wbc_pwy296_pc5 6 6 0.474 0.012 0.107 0.46
wbc_pwy299_pc5 2 2 0.075 0.038 0.986 0.231
wbc_pwy300_pc4 2 2 0.965 0.002 0.003 0.889
wbc_pwy302_pc4 3 2 0.144 -0.111 0.733 0.224
wbc_pwy304_pc2 2 2 0.945 -0.006 0.007 0.849
wbc_pwy304_pc4 2 2 0.014 -0.043 1 0.028
wbc_pwy305_pc4 5 4 0.213 -0.064 0.354 0.187
wbc_pwy305_pc5 3 2 0.162 0.097 0.702 0.284
wbc_pwy308_pc3 2 2 0.077 -0.052 0.986 0.133
wbc_pwy308_pc5 3 3 0.86 -0.008 0.02 0.887
wbc_pwy30_pc3 3 3 0.685 0.035 0.099 0.651
wbc_pwy310_pc3 2 2 0.952 0.004 0.006 0.864
wbc_pwy312_pc5 2 2 0.92 -0.006 0.016 0.77
wbc_pwy313_pc2 2 1 0.744 0.045 0.153 0.54
wbc_pwy314_pc4 3 3 0.683 0.018 0.1 0.669
wbc_pwy315_pc3 3 3 0 0.053 1 0
wbc_pwy316_pc5 2 2 0.964 -0.002 0.003 0.888
wbc_pwy318_pc4 2 2 0.931 -0.005 0.012 0.791
wbc_pwy319_pc5 3 3 0.781 0.009 0.048 0.832
wbc_pwy321_pc4 2 1 0.307 0.1 0.785 0.481
wbc_pwy323_pc5 3 2 0.154 -0.093 0.715 0.281
wbc_pwy325_pc4 3 2 0.452 -0.058 0.3 0.257
wbc_pwy329_pc4 5 5 0.942 0.003 0.002 0.943
wbc_pwy332_pc3 3 3 0.769 -0.008 0.053 0.801
wbc_pwy43_pc3 2 2 0.005 -0.068 1 0.009
wbc_pwy43_pc5 2 2 0 -0.106 1 0
wbc_pwy45_pc5 4 4 0.949 0.003 0.002 0.939
wbc_pwy47_pc1 2 1 0.313 0.217 0.777 0.483
wbc_pwy4_pc3 4 4 0.832 0.016 0.017 0.775
wbc_pwy50_pc5 2 2 0.639 -0.048 0.289 0.541
wbc_pwy53_pc1 2 2 0.027 0.078 0.998 0.09
wbc_pwy57_pc3 2 2 0.985 0.003 0.001 0.949
wbc_pwy67_pc5 3 3 0.001 -0.057 0.998 0.01
wbc_pwy73_pc2 3 3 0.76 -0.017 0.058 0.784
wbc_pwy76_pc1 3 3 0.715 0.023 0.081 0.722
wbc_pwy79_pc3 3 3 0.004 0.074 0.991 0.03
wbc_pwy86_pc2 2 2 0.014 -0.069 1 0.028
wbc_pwy88_pc3 6 5 0.723 0.012 0.027 0.711
wbc_pwy93_pc1 2 2 0.081 0.077 0.984 0.237
wbc_pwy96_pc5 3 3 0.002 0.049 0.995 0.013
wbc_pwy98_pc1 2 2 0.561 -0.057 0.405 0.535
