factor num_snp_fdr<0.2 num_snp_noMHC pval_in_fitting slope_in_fitting rsq_in_fitting pval_in_resampling
EUR.CD_pwy102_pc2 2 2 0.936 0.134 0.01 0.794
EUR.CD_pwy133_pc3 2 2 0.034 1.534 0.997 0.106
EUR.CD_pwy159_pc2 2 2 0.012 -0.924 1 0.016
EUR.CD_pwy164_pc2 2 1 0.018 -0.859 0.999 0.005
EUR.CD_pwy262_pc3 2 2 0.108 1.148 0.972 0.281
EUR.CD_pwy26_pc3 2 2 0.991 -0.016 0 0.972
EUR.CD_pwy8_pc5 2 1 0.035 0.937 0.997 0.032
EUR.IBD_pwy101_pc3 2 2 0.952 -0.044 0.006 0.876
EUR.IBD_pwy103_pc1 2 2 0.577 -0.581 0.381 0.458
EUR.IBD_pwy104_pc4 2 2 0.994 0.005 0 0.986
EUR.IBD_pwy131_pc4 3 3 0.299 0.336 0.491 0.288
EUR.IBD_pwy136_pc5 2 2 0.933 -0.04 0.011 0.814
EUR.IBD_pwy137_pc5 2 2 0.583 0.217 0.372 0.496
EUR.IBD_pwy144_pc5 2 2 0.591 -0.329 0.358 0.496
EUR.IBD_pwy152_pc1 2 2 0.021 -0.353 0.999 0.002
EUR.IBD_pwy154_pc3 3 3 0.646 -0.141 0.125 0.687
EUR.IBD_pwy157_pc3 2 2 0.156 -0.732 0.941 0.359
EUR.IBD_pwy159_pc2 3 3 0 -0.81 0.999 0.001
EUR.IBD_pwy167_pc3 2 2 0.573 -0.296 0.386 0.495
EUR.IBD_pwy171_pc1 3 3 0.493 -0.458 0.257 0.504
EUR.IBD_pwy17_pc3 2 2 0.465 1.637 0.555 0.463
EUR.IBD_pwy185_pc4 2 2 0.538 0.469 0.44 0.493
EUR.IBD_pwy191_pc1 2 2 0.114 1.007 0.968 0.359
EUR.IBD_pwy202_pc3 2 2 0.532 0.348 0.45 0.493
EUR.IBD_pwy205_pc3 2 2 0.907 0.119 0.021 0.763
EUR.IBD_pwy211_pc5 2 2 0.542 -0.159 0.434 0.493
EUR.IBD_pwy218_pc1 4 4 0.445 -0.558 0.204 0.437
EUR.IBD_pwy221_pc2 2 2 0.392 -0.611 0.666 0.461
EUR.IBD_pwy226_pc3 3 3 0.594 -0.212 0.165 0.654
EUR.IBD_pwy234_pc4 2 2 0.21 0.838 0.895 0.444
EUR.IBD_pwy236_pc3 2 2 0.516 -0.416 0.476 0.492
EUR.IBD_pwy246_pc3 2 2 0.662 -0.264 0.256 0.592
EUR.IBD_pwy248_pc4 2 2 0.9 -0.137 0.024 0.816
EUR.IBD_pwy257_pc3 2 2 0.058 -0.791 0.992 0.025
EUR.IBD_pwy258_pc4 2 2 0.945 -0.065 0.007 0.853
EUR.IBD_pwy265_pc1 2 2 0.049 0.38 0.994 0.019
EUR.IBD_pwy26_pc3 2 2 0.949 -0.086 0.006 0.82
EUR.IBD_pwy272_pc1 2 2 0.021 1.031 0.999 0.078
EUR.IBD_pwy273_pc2 2 2 0.931 -0.089 0.012 0.828
EUR.IBD_pwy278_pc1 2 2 0.011 -0.784 1 0.016
EUR.IBD_pwy280_pc3 2 2 0.942 0.052 0.008 0.849
EUR.IBD_pwy296_pc1 2 2 0.039 0.567 0.996 0.009
EUR.IBD_pwy2_pc1 3 3 0.261 1.267 0.546 0.265
EUR.IBD_pwy302_pc2 2 2 0.001 0.932 1 0.001
EUR.IBD_pwy307_pc1 4 4 0.012 -1.039 0.91 0.113
EUR.IBD_pwy313_pc2 2 2 0.041 0.873 0.996 0.02
EUR.IBD_pwy321_pc5 2 1 0.311 -0.228 0.78 0.158
EUR.IBD_pwy323_pc1 2 2 0.367 0.458 0.703 0.409
EUR.IBD_pwy325_pc4 2 1 0.319 -0.22 0.77 0.158
EUR.IBD_pwy325_pc5 2 1 0.59 0.326 0.361 0.462
EUR.IBD_pwy328_pc1 2 2 0.018 0.61 0.999 0.007
EUR.IBD_pwy330_pc1 2 2 0.014 0.523 0.999 0.007
EUR.IBD_pwy60_pc5 2 2 0.058 0.869 0.992 0.104
EUR.IBD_pwy66_pc5 3 3 0.51 0.256 0.24 0.342
EUR.IBD_pwy67_pc1 3 3 0.053 -2.872 0.896 0.086
EUR.IBD_pwy71_pc2 2 2 0.97 -0.041 0.002 0.925
EUR.IBD_pwy79_pc4 2 2 0.012 -0.79 1 0.022
EUR.IBD_pwy87_pc1 2 2 0.029 0.772 0.998 0.092
EUR.IBD_pwy87_pc2 2 2 0.795 0.318 0.1 0.744
EUR.IBD_pwy95_pc1 2 2 0.006 0.544 1 0.027
EUR.IBD_pwy98_pc4 2 2 0.967 0.034 0.003 0.926
EUR.IBD_pwy99_pc1 2 2 0.048 0.661 0.994 0.059
EUR.IBD_pwy99_pc4 4 4 0.41 0.33 0.233 0.408
EUR.UC_pwy100_pc3 2 2 0.981 0.04 0.001 0.92
EUR.UC_pwy108_pc3 2 2 0.759 0.291 0.137 0.528
EUR.UC_pwy126_pc4 2 1 0.965 0.055 0.003 0.886
EUR.UC_pwy171_pc1 2 2 0.003 -1.387 1 0.016
EUR.UC_pwy184_pc1 2 2 0.122 1.102 0.964 0.385
EUR.UC_pwy205_pc3 2 2 0.909 -0.15 0.02 0.699
EUR.UC_pwy210_pc3 2 2 0.131 -0.941 0.958 0.255
EUR.UC_pwy218_pc1 2 2 0.816 -0.508 0.081 0.551
EUR.UC_pwy231_pc4 2 2 0.16 1.596 0.938 0.426
EUR.UC_pwy23_pc4 2 2 0.843 -0.165 0.06 0.629
EUR.UC_pwy24_pc4 2 1 0.927 0.081 0.013 0.736
EUR.UC_pwy278_pc1 2 2 0.874 0.253 0.038 0.594
EUR.UC_pwy312_pc1 2 2 0.98 -0.06 0.001 0.913
EUR.UC_pwy325_pc5 2 1 0.426 0.507 0.616 0.456
EUR.UC_pwy326_pc5 2 1 0.705 0.663 0.2 0.535
EUR.UC_pwy48_pc2 2 1 0.037 -1.432 0.997 0.132
EUR.UC_pwy4_pc1 2 1 0.941 -0.104 0.009 0.783
EUR.UC_pwy55_pc2 2 2 0.946 -0.112 0.007 0.84
EUR.UC_pwy55_pc5 2 2 0.036 0.785 0.997 0.121
EUR.UC_pwy68_pc1 2 1 0.987 0.02 0 0.936
EUR.UC_pwy6_pc3 2 2 0.095 1.412 0.978 0.299
EUR.UC_pwy70_pc3 2 1 0.981 -0.034 0.001 0.945
EUR.UC_pwy79_pc4 2 2 0.013 -0.957 1 0.029
EUR.UC_pwy86_pc2 2 1 0.932 -0.1 0.011 0.758
EUR.UC_pwy99_pc4 3 3 0.003 0.818 0.995 0.012
HDL_pwy120_pc2 2 2 0.058 0.16 0.992 0.128
HDL_pwy138_pc5 2 2 0.148 -0.2 0.947 0.267
HDL_pwy177_pc1 2 2 0.405 0.361 0.647 0.539
HDL_pwy194_pc1 3 3 0.014 -0.233 0.972 0.037
HDL_pwy219_pc1 2 2 0.982 -0.005 0.001 0.97
HDL_pwy245_pc4 2 2 0.906 -0.018 0.022 0.767
HDL_pwy270_pc1 2 2 0.341 -0.44 0.739 0.506
HDL_pwy275_pc5 2 2 0.873 -0.017 0.039 0.733
HDL_pwy320_pc3 2 1 0.675 0.037 0.239 0.631
HDL_pwy321_pc5 2 1 0.742 0.034 0.155 0.645
HDL_pwy325_pc4 2 1 0.73 0.035 0.169 0.639
HDL_pwy55_pc1 2 2 0.641 -0.137 0.286 0.55
LDL_pwy118_pc3 3 3 0.551 0.143 0.201 0.527
LDL_pwy149_pc3 2 2 0.196 0.512 0.909 0.288
LDL_pwy156_pc2 2 2 0.18 0.181 0.922 0.219
LDL_pwy156_pc5 2 1 0.048 -0.106 0.994 0.074
LDL_pwy159_pc2 2 2 0.32 -0.692 0.768 0.402
LDL_pwy15_pc2 2 2 0.191 0.116 0.912 0.301
LDL_pwy186_pc1 2 2 0.694 -0.092 0.214 0.591
LDL_pwy242_pc5 2 2 0.352 0.7 0.724 0.42
LDL_pwy243_pc5 2 2 0.796 0.079 0.099 0.662
LDL_pwy284_pc4 3 2 0.468 0.098 0.283 0.458
LDL_pwy308_pc3 2 1 0.552 -0.162 0.419 0.545
LDL_pwy327_pc2 2 2 0.784 -0.107 0.111 0.652
LDL_pwy3_pc5 2 2 0.748 -0.198 0.149 0.625
LDL_pwy72_pc2 2 2 0.067 -0.178 0.989 0.111
SCZ_pwy101_pc3 3 3 0.935 -0.017 0.004 0.962
SCZ_pwy101_pc5 2 2 0.005 0.182 1 0.023
SCZ_pwy103_pc1 2 2 0.064 0.519 0.99 0.177
SCZ_pwy122_pc1 2 2 0.981 -0.02 0.001 0.911
SCZ_pwy138_pc1 2 2 0.709 -0.139 0.195 0.551
SCZ_pwy145_pc3 2 2 0.617 0.227 0.321 0.485
SCZ_pwy155_pc2 2 2 0.052 0.576 0.993 0.191
SCZ_pwy158_pc4 2 2 0.01 0.427 1 0.052
SCZ_pwy166_pc3 2 2 0.928 -0.056 0.013 0.791
SCZ_pwy168_pc2 4 4 0.734 0.145 0.044 0.742
SCZ_pwy169_pc5 2 2 0.947 -0.024 0.007 0.751
SCZ_pwy16_pc3 2 2 0.082 -0.213 0.983 0.238
SCZ_pwy174_pc5 2 2 0.02 -0.236 0.999 0.011
SCZ_pwy181_pc3 2 2 0.076 -0.364 0.986 0.297
SCZ_pwy183_pc5 3 3 0.031 0.266 0.939 0.199
SCZ_pwy185_pc4 2 2 0.046 -0.449 0.995 0.223
SCZ_pwy196_pc3 2 2 0.039 0.197 0.996 0.122
SCZ_pwy200_pc3 2 2 0.067 -0.364 0.989 0.257
SCZ_pwy20_pc2 2 2 0.069 0.516 0.988 0.276
SCZ_pwy213_pc4 2 2 0.07 -0.333 0.988 0.099
SCZ_pwy228_pc5 3 3 0.004 -0.354 0.993 0.036
SCZ_pwy234_pc3 2 2 0.069 0.252 0.988 0.226
SCZ_pwy234_pc4 2 2 0.079 0.491 0.985 0.046
SCZ_pwy246_pc2 2 2 0.025 -0.408 0.999 0.015
SCZ_pwy255_pc3 3 3 0.005 -0.22 0.99 0.067
SCZ_pwy256_pc3 2 2 0.107 0.201 0.972 0.253
SCZ_pwy257_pc5 2 2 0.128 -0.509 0.96 0.214
SCZ_pwy275_pc5 2 2 0.009 -0.258 1 0.009
SCZ_pwy294_pc5 2 2 0.056 -0.204 0.992 0.202
SCZ_pwy29_pc5 2 2 0.953 -0.029 0.006 0.765
SCZ_pwy2_pc1 2 2 0.74 0.173 0.158 0.549
SCZ_pwy309_pc5 2 2 0.954 -0.022 0.005 0.762
SCZ_pwy310_pc5 3 3 0.332 0.203 0.446 0.269
SCZ_pwy318_pc4 2 2 0.514 -0.251 0.479 0.496
SCZ_pwy322_pc4 2 2 0.051 -0.329 0.994 0.188
SCZ_pwy329_pc3 2 2 0.027 0.243 0.998 0.091
SCZ_pwy36_pc4 2 2 0.061 0.531 0.991 0.287
SCZ_pwy40_pc4 2 2 0.045 -0.35 0.995 0.128
SCZ_pwy40_pc5 2 2 0.098 -0.419 0.977 0.339
SCZ_pwy42_pc1 2 2 0.813 -0.142 0.084 0.525
SCZ_pwy43_pc1 2 2 0.981 -0.018 0.001 0.93
SCZ_pwy47_pc5 2 2 0.637 -0.159 0.291 0.514
SCZ_pwy49_pc2 2 2 0.076 0.374 0.986 0.313
SCZ_pwy55_pc2 4 4 0.515 -0.208 0.153 0.536
SCZ_pwy55_pc3 2 2 0.707 0.173 0.197 0.549
SCZ_pwy65_pc4 3 3 0.987 0.007 0 0.993
SCZ_pwy87_pc3 2 2 0.741 -0.162 0.157 0.549
SCZ_pwy90_pc5 4 4 0.833 0.05 0.017 0.742
SCZ_pwy94_pc2 2 2 0.026 -0.201 0.998 0.134
SCZ_pwy95_pc5 2 2 0.174 -0.288 0.927 0.428
T1D_pwy10_pc1 5 5 0.104 -1.142 0.523 0.078
T1D_pwy11_pc3 2 2 0.817 -0.248 0.08 0.667
T1D_pwy132_pc3 3 3 0.462 0.719 0.29 0.395
T1D_pwy134_pc4 2 2 0.431 2.593 0.607 0.534
T1D_pwy172_pc4 2 2 0.235 -1.241 0.87 0.37
T1D_pwy187_pc5 2 2 0.706 0.205 0.198 0.618
T1D_pwy251_pc1 2 2 0.861 -0.223 0.047 0.761
T1D_pwy254_pc1 2 2 0.074 0.67 0.987 0.158
T1D_pwy293_pc1 2 2 0.01 -0.801 1 0.027
T1D_pwy297_pc1 2 2 0.082 0.484 0.984 0.2
T1D_pwy327_pc2 2 2 0.737 -1.626 0.161 0.575
T1D_pwy34_pc2 2 2 0.155 -1.102 0.942 0.274
T1D_pwy3_pc4 2 2 0.23 2.145 0.875 0.36
T1D_pwy68_pc3 2 2 0.936 -0.091 0.01 0.849
T1D_pwy68_pc4 2 2 0.094 -0.614 0.978 0.261
T1D_pwy6_pc5 2 2 0.423 -2.838 0.62 0.533
T1D_pwy77_pc4 2 2 0.103 -0.971 0.974 0.234
T1D_pwy84_pc1 3 3 0.897 -0.051 0.011 0.912
T1D_pwy86_pc5 2 2 0.055 0.448 0.993 0.131
T2Dbmiadj_pwy102_pc3 4 4 0.361 0.21 0.279 0.361
T2Dbmiadj_pwy106_pc2 3 3 0.713 0.114 0.082 0.735
T2Dbmiadj_pwy134_pc3 3 3 0.629 0.178 0.138 0.603
T2Dbmiadj_pwy135_pc3 2 2 0.143 0.248 0.95 0.239
T2Dbmiadj_pwy140_pc5 3 3 0.005 0.162 0.99 0.035
T2Dbmiadj_pwy145_pc3 2 2 0.05 0.306 0.994 0.116
T2Dbmiadj_pwy147_pc2 2 2 0.802 0.126 0.093 0.638
T2Dbmiadj_pwy150_pc5 2 2 0.915 0.035 0.018 0.819
T2Dbmiadj_pwy177_pc3 2 1 0.157 -0.198 0.941 0.312
T2Dbmiadj_pwy178_pc3 2 2 0.514 -0.114 0.478 0.495
T2Dbmiadj_pwy193_pc4 2 1 0.09 0.29 0.98 0.119
T2Dbmiadj_pwy194_pc1 2 2 0.016 -0.479 0.999 0.038
T2Dbmiadj_pwy208_pc1 2 2 0.684 -0.222 0.227 0.641
T2Dbmiadj_pwy235_pc2 2 2 0.912 0.041 0.019 0.769
T2Dbmiadj_pwy243_pc5 2 2 0.373 -0.084 0.695 0.328
T2Dbmiadj_pwy260_pc3 2 2 0.98 -0.006 0.001 0.943
T2Dbmiadj_pwy283_pc3 5 5 0.486 -0.086 0.128 0.491
T2Dbmiadj_pwy285_pc3 2 1 0.166 0.201 0.934 0.316
T2Dbmiadj_pwy287_pc3 3 2 0.009 0.175 0.982 0.037
T2Dbmiadj_pwy299_pc2 2 2 0.311 -0.485 0.78 0.455
T2Dbmiadj_pwy300_pc1 2 2 0.035 -0.534 0.997 0.097
T2Dbmiadj_pwy303_pc3 2 2 0.998 0.001 0 0.995
T2Dbmiadj_pwy304_pc3 3 3 0.468 -0.159 0.283 0.365
T2Dbmiadj_pwy313_pc3 2 2 0.89 0.092 0.03 0.766
T2Dbmiadj_pwy321_pc3 2 1 0.084 -0.284 0.983 0.227
T2Dbmiadj_pwy322_pc4 3 2 0.197 0.189 0.645 0.22
T2Dbmiadj_pwy74_pc5 2 2 0.2 0.448 0.904 0.389
T2Dbmiadj_pwy80_pc1 2 2 0.166 -0.546 0.934 0.349
T2Dunadj_pwy145_pc3 3 2 0.011 0.308 0.979 0.056
T2Dunadj_pwy151_pc5 2 2 0.991 -0.002 0 0.974
T2Dunadj_pwy153_pc4 2 2 0.156 0.173 0.941 0.37
T2Dunadj_pwy173_pc1 2 2 0.773 0.082 0.122 0.643
T2Dunadj_pwy179_pc5 2 2 0.107 -0.164 0.972 0.279
T2Dunadj_pwy208_pc3 2 2 0.279 0.415 0.82 0.486
T2Dunadj_pwy238_pc3 2 1 0.656 0.102 0.264 0.538
T2Dunadj_pwy247_pc3 2 2 0.759 -0.103 0.136 0.581
T2Dunadj_pwy275_pc1 2 2 0.104 -0.141 0.974 0.057
T2Dunadj_pwy279_pc1 3 3 0.682 -0.09 0.101 0.698
T2Dunadj_pwy287_pc3 4 3 0.001 0.15 0.983 0.003
T2Dunadj_pwy29_pc3 2 2 0.075 0.185 0.986 0.171
T2Dunadj_pwy300_pc1 2 2 0.014 -0.446 1 0.037
T2Dunadj_pwy301_pc3 2 2 0.83 -0.084 0.07 0.62
T2Dunadj_pwy303_pc3 2 2 0.991 0.004 0 0.973
T2Dunadj_pwy304_pc3 2 2 0.968 0.012 0.003 0.911
T2Dunadj_pwy321_pc3 2 1 0.031 -0.244 0.998 0.089
T2Dunadj_pwy322_pc4 3 2 0.246 0.146 0.569 0.235
T2Dunadj_pwy330_pc3 2 2 0.856 0.049 0.05 0.7
T2Dunadj_pwy34_pc4 2 2 0.566 0.157 0.398 0.551
T2Dunadj_pwy36_pc2 3 3 0.404 0.211 0.355 0.334
T2Dunadj_pwy3_pc2 3 3 0.618 0.149 0.146 0.587
T2Dunadj_pwy58_pc2 2 2 0.131 -0.237 0.958 0.248
T2Dunadj_pwy80_pc1 2 2 0.132 -0.506 0.957 0.319
TC_pwy109_pc4 2 2 0.786 -0.057 0.108 0.661
TC_pwy121_pc4 2 2 0.059 -0.087 0.991 0.139
TC_pwy149_pc3 3 2 0.783 -0.06 0.047 0.799
TC_pwy159_pc2 3 3 0.462 -0.265 0.289 0.344
TC_pwy176_pc5 2 1 0.887 0.022 0.031 0.769
TC_pwy177_pc5 2 2 0.214 0.133 0.892 0.35
TC_pwy191_pc5 2 2 0.202 -0.177 0.902 0.343
TC_pwy203_pc2 2 2 0.111 0.195 0.97 0.235
TC_pwy236_pc2 3 3 0.035 -0.356 0.931 0.098
TC_pwy241_pc5 2 2 0.329 0.139 0.755 0.4
TC_pwy243_pc5 2 2 0.783 0.075 0.111 0.645
TC_pwy244_pc2 2 2 0.946 -0.015 0.007 0.904
TC_pwy251_pc3 2 1 0.054 -0.216 0.993 0.097
TC_pwy284_pc4 3 2 0.557 0.079 0.197 0.518
TC_pwy296_pc1 2 2 0.872 -0.026 0.04 0.778
TC_pwy324_pc5 2 2 0.883 -0.019 0.033 0.783
TC_pwy327_pc2 2 2 0.1 -0.358 0.976 0.158
TC_pwy327_pc5 2 1 0.15 -0.181 0.946 0.287
TC_pwy3_pc4 3 3 0.016 -0.222 0.967 0.077
TC_pwy55_pc5 2 2 0.932 0.018 0.011 0.868
TC_pwy67_pc1 2 2 0.043 0.228 0.995 0.084
TC_pwy69_pc3 2 1 0.654 0.093 0.268 0.594
TG_pwy103_pc1 2 2 0.177 0.276 0.925 0.298
TG_pwy109_pc3 2 2 0.164 0.184 0.935 0.267
TG_pwy125_pc5 2 2 0.678 -0.055 0.235 0.637
TG_pwy13_pc2 3 2 0.001 -0.144 0.997 0
TG_pwy147_pc4 3 3 0.811 0.039 0.036 0.861
TG_pwy152_pc5 2 2 0.634 -0.053 0.296 0.637
TG_pwy15_pc2 2 2 0.993 0.001 0 0.979
TG_pwy15_pc3 2 2 0.686 -0.048 0.225 0.637
TG_pwy163_pc2 2 2 0.587 0.353 0.366 0.535
TG_pwy164_pc2 2 2 0.669 0.056 0.247 0.637
TG_pwy168_pc3 2 2 0.665 -0.046 0.253 0.637
TG_pwy16_pc4 2 2 0.693 -0.045 0.215 0.637
TG_pwy190_pc4 2 2 0.025 0.111 0.998 0.069
TG_pwy192_pc4 2 2 0.672 0.037 0.242 0.637
TG_pwy194_pc4 2 2 0.762 0.072 0.133 0.672
TG_pwy215_pc2 2 2 0.027 -0.12 0.998 0.064
TG_pwy229_pc4 2 2 0.939 -0.011 0.009 0.852
TG_pwy23_pc3 3 3 0.083 -0.276 0.841 0.139
TG_pwy241_pc5 3 3 0.825 0.034 0.031 0.857
TG_pwy255_pc4 2 2 0.67 0.041 0.245 0.637
TG_pwy258_pc4 2 2 0.119 -0.142 0.965 0.205
TG_pwy273_pc3 2 2 0.628 -0.146 0.305 0.517
TG_pwy309_pc3 2 2 0.907 -0.036 0.021 0.805
TG_pwy31_pc1 2 2 0.78 -0.066 0.115 0.676
TG_pwy320_pc3 3 1 0.351 -0.044 0.421 0.446
TG_pwy36_pc5 2 2 0.105 -0.133 0.973 0.076
TG_pwy44_pc5 3 3 0.76 -0.042 0.058 0.823
TG_pwy60_pc5 3 3 0.02 -0.207 0.961 0.077
TG_pwy64_pc3 2 2 0.103 0.154 0.974 0.196
TG_pwy65_pc4 2 2 0.04 0.179 0.996 0.091
TG_pwy74_pc2 2 2 0.485 -0.379 0.524 0.419
TG_pwy94_pc3 2 2 0.684 -0.032 0.227 0.637
WHR_pwy118_pc4 2 2 0.763 0.035 0.133 0.722
WHR_pwy139_pc4 2 2 0.214 0.174 0.891 0.512
WHR_pwy175_pc1 2 2 0.883 -0.04 0.033 0.608
WHR_pwy176_pc3 2 2 0.042 0.114 0.996 0.121
WHR_pwy235_pc2 2 2 0.881 -0.054 0.034 0.603
WHR_pwy25_pc2 2 2 0.892 -0.037 0.029 0.658
WHR_pwy285_pc3 2 2 0.037 -0.064 0.997 0.064
WHR_pwy287_pc3 3 3 0.002 -0.062 0.995 0.031
WHR_pwy70_pc3 2 2 0.226 -0.205 0.879 0.512
WHR_pwy82_pc5 2 2 0.875 -0.03 0.038 0.581
allergy_pwy115_pc1 2 2 0.97 -0.012 0.002 0.933
allergy_pwy146_pc5 2 2 0.668 -0.131 0.248 0.519
allergy_pwy148_pc5 2 2 0.091 -0.227 0.98 0.202
allergy_pwy158_pc1 2 2 0.006 0.225 1 0.01
allergy_pwy263_pc1 2 2 0.755 0.174 0.141 0.568
allergy_pwy278_pc5 2 2 0.938 0.017 0.009 0.857
allergy_pwy322_pc2 2 1 0.938 0.022 0.01 0.913
allergy_pwy326_pc1 2 2 0.043 -0.136 0.995 0.063
allergy_pwy59_pc4 2 2 0.763 -0.111 0.133 0.542
allergy_pwy77_pc5 2 2 0.008 -0.224 1 0.021
allergy_pwy91_pc2 2 2 0.991 -0.004 0 0.976
asthma_2_pwy107_pc5 3 3 0.58 1.432 0.177 0.609
asthma_2_pwy154_pc1 2 2 0.346 3.167 0.733 0.585
asthma_2_pwy163_pc5 2 2 0.019 3.879 0.999 0.132
asthma_2_pwy193_pc5 2 1 0.458 0.859 0.566 0.387
asthma_2_pwy204_pc5 2 2 0.112 -4.556 0.97 0.411
asthma_2_pwy238_pc5 2 1 0.448 -0.804 0.581 0.387
asthma_2_pwy246_pc3 2 2 0.895 0.589 0.027 0.848
asthma_2_pwy279_pc5 2 1 0.141 -3.997 0.952 0.387
asthma_2_pwy320_pc3 2 1 0.464 -0.765 0.557 0.387
asthma_2_pwy321_pc5 2 1 0.453 -0.861 0.574 0.387
asthma_2_pwy325_pc4 2 1 0.439 -0.847 0.595 0.387
asthma_2_pwy326_pc4 2 1 0.454 0.776 0.572 0.387
asthma_2_pwy327_pc2 2 2 0.96 -0.555 0.004 0.733
asthma_2_pwy330_pc2 2 2 0.998 -0.006 0 0.973
asthma_2_pwy331_pc4 2 2 0.969 -0.234 0.002 0.649
asthma_2_pwy69_pc5 2 1 0.972 -0.26 0.002 0.828
bmi_pwy118_pc2 3 3 0.502 -0.026 0.248 0.424
bmi_pwy119_pc2 3 3 0.487 -0.035 0.263 0.419
bmi_pwy121_pc3 2 2 0.064 -0.104 0.99 0.15
bmi_pwy133_pc4 2 2 0.041 0.117 0.996 0.071
bmi_pwy13_pc3 2 2 0.95 -0.008 0.006 0.854
bmi_pwy154_pc1 2 2 0.178 0.323 0.924 0.316
bmi_pwy155_pc2 2 2 0.036 0.159 0.997 0.095
bmi_pwy165_pc5 2 2 0.685 -0.022 0.225 0.561
bmi_pwy166_pc4 2 2 0.647 0.027 0.278 0.561
bmi_pwy179_pc1 2 2 0.041 -0.152 0.996 0.112
bmi_pwy181_pc3 2 2 0.983 -0.002 0.001 0.954
bmi_pwy187_pc3 2 2 0.958 -0.005 0.004 0.892
bmi_pwy187_pc4 2 2 0.888 -0.018 0.031 0.736
bmi_pwy203_pc1 2 2 0.052 -0.138 0.993 0.146
bmi_pwy214_pc4 2 2 0.099 -0.13 0.976 0.157
bmi_pwy329_pc1 2 2 0.091 0.15 0.98 0.226
bmi_pwy70_pc1 2 2 0.718 -0.061 0.184 0.664
bmi_pwy9_pc4 2 2 0.067 -0.147 0.989 0.165
eo_pwy107_pc3 2 2 0.692 0.088 0.217 0.614
eo_pwy110_pc3 2 2 0.867 -0.036 0.043 0.73
eo_pwy141_pc1 2 2 0.781 0.064 0.113 0.616
eo_pwy14_pc1 2 2 0.73 -0.057 0.169 0.635
eo_pwy14_pc3 2 2 0.041 -0.164 0.996 0.097
eo_pwy174_pc2 3 3 0.033 0.093 0.935 0.08
eo_pwy176_pc3 2 2 0.606 -0.085 0.337 0.545
eo_pwy185_pc3 2 2 0.733 0.058 0.166 0.586
eo_pwy190_pc3 2 2 0.098 -0.176 0.977 0.185
eo_pwy203_pc4 2 2 0.01 -0.08 1 0.023
eo_pwy215_pc4 2 2 0.182 -0.142 0.921 0.349
eo_pwy238_pc2 2 2 0.105 0.119 0.973 0.144
eo_pwy23_pc2 2 2 0.223 0.245 0.882 0.398
eo_pwy244_pc3 2 2 0.097 -0.191 0.977 0.195
eo_pwy251_pc2 2 2 0.08 0.12 0.984 0.161
eo_pwy25_pc2 2 2 0.942 -0.019 0.008 0.889
eo_pwy287_pc3 3 3 0.047 -0.092 0.907 0.132
eo_pwy292_pc3 5 5 0.001 0.092 0.951 0.002
eo_pwy299_pc5 2 2 0.577 0.044 0.38 0.573
eo_pwy30_pc3 2 2 0.762 -0.043 0.134 0.604
eo_pwy321_pc2 2 2 0.106 -0.123 0.973 0.145
eo_pwy326_pc2 3 3 0.021 0.103 0.959 0.048
eo_pwy330_pc3 2 2 0.71 0.074 0.193 0.576
eo_pwy331_pc2 2 2 0.093 -0.115 0.979 0.119
eo_pwy47_pc3 2 2 0.961 0.011 0.004 0.916
eo_pwy60_pc3 2 2 0.162 0.07 0.937 0.165
eo_pwy65_pc4 2 2 0.018 -0.21 0.999 0.042
eo_pwy88_pc2 2 2 0.965 -0.009 0.003 0.938
gran_pwy127_pc2 6 6 0.996 0 0 0.995
gran_pwy132_pc2 3 3 0.748 -0.05 0.063 0.767
gran_pwy163_pc1 3 3 0.614 0.057 0.149 0.587
gran_pwy186_pc1 2 2 0.912 -0.021 0.019 0.809
gran_pwy245_pc3 2 2 0.111 0.146 0.97 0.299
gran_pwy251_pc5 3 3 0.606 -0.066 0.156 0.575
gran_pwy25_pc1 2 2 0.026 -0.217 0.998 0.084
gran_pwy272_pc4 2 2 0.997 0.001 0 0.996
gran_pwy275_pc2 2 2 0.119 -0.208 0.966 0.178
gran_pwy275_pc3 2 2 0.904 0.017 0.022 0.724
gran_pwy28_pc4 2 2 0.075 -0.14 0.986 0.162
gran_pwy317_pc3 2 2 0.835 -0.045 0.066 0.637
gran_pwy320_pc1 2 2 0.951 0.008 0.006 0.91
gran_pwy321_pc5 2 1 0.718 0.033 0.184 0.65
gran_pwy322_pc1 3 3 0.668 -0.047 0.11 0.636
gran_pwy35_pc5 2 2 0.095 -0.301 0.978 0.03
gran_pwy55_pc1 2 2 0.009 -0.248 1 0.027
gran_pwy94_pc3 2 2 0.059 0.091 0.991 0.062
height_pwy126_pc5 3 3 0.036 0.058 0.93 0.09
height_pwy131_pc5 2 2 0.217 0.059 0.888 0.377
height_pwy13_pc4 2 2 0.284 0.09 0.814 0.453
height_pwy147_pc1 2 2 0.103 -0.108 0.974 0.184
height_pwy14_pc1 2 2 0.962 -0.005 0.004 0.936
height_pwy224_pc1 2 2 0.98 -0.004 0.001 0.975
height_pwy260_pc2 3 3 0.425 0.031 0.331 0.418
height_pwy264_pc4 2 2 0.11 0.064 0.971 0.184
height_pwy279_pc2 2 2 0.025 0.084 0.998 0.02
height_pwy321_pc2 2 2 0.857 -0.009 0.05 0.793
height_pwy321_pc3 2 2 0.011 0.041 1 0.018
height_pwy325_pc2 2 2 0.844 0.01 0.059 0.783
height_pwy328_pc5 2 2 0.843 -0.008 0.06 0.735
height_pwy47_pc4 3 3 0.788 -0.021 0.045 0.8
height_pwy59_pc3 2 2 0.125 -0.099 0.962 0.17
height_pwy61_pc5 2 2 0.522 0.142 0.466 0.514
lymph_pwy116_pc2 2 2 0.983 0.003 0.001 0.959
lymph_pwy11_pc5 2 2 0.055 0.168 0.993 0.087
lymph_pwy122_pc4 2 2 0.003 0.197 1 0.012
lymph_pwy157_pc4 3 3 0.15 -0.21 0.722 0.225
lymph_pwy157_pc5 5 5 0.998 0 0 0.999
lymph_pwy158_pc4 2 2 0.012 0.181 1 0.027
lymph_pwy179_pc2 2 2 0.85 0.04 0.054 0.745
lymph_pwy188_pc4 2 2 0.008 0.131 1 0.019
lymph_pwy190_pc3 2 2 0.806 0.056 0.09 0.592
lymph_pwy199_pc2 2 2 0.012 -0.186 1 0.022
lymph_pwy199_pc3 2 2 0.772 0.089 0.123 0.565
lymph_pwy203_pc5 3 3 0.398 0.063 0.363 0.334
lymph_pwy204_pc2 2 2 0.484 -0.148 0.525 0.472
lymph_pwy236_pc2 2 2 0.112 -0.269 0.969 0.217
lymph_pwy250_pc1 3 3 0.77 0.013 0.053 0.804
lymph_pwy264_pc3 2 2 0.048 0.136 0.994 0.089
lymph_pwy271_pc4 3 3 0.471 -0.138 0.28 0.315
lymph_pwy282_pc2 3 3 0.441 -0.109 0.313 0.312
lymph_pwy285_pc2 2 2 0.971 -0.01 0.002 0.924
lymph_pwy287_pc4 2 2 0.105 0.087 0.973 0.265
lymph_pwy291_pc4 3 3 0.012 0.092 0.976 0.051
lymph_pwy331_pc4 2 2 0.007 0.106 1 0.01
lymph_pwy3_pc4 2 2 0.109 0.162 0.971 0.231
lymph_pwy40_pc5 2 2 0.999 0 0 0.996
lymph_pwy48_pc3 2 2 0.911 0.019 0.02 0.814
lymph_pwy52_pc3 3 3 0.763 -0.037 0.056 0.783
lymph_pwy58_pc5 2 2 0.774 -0.04 0.121 0.563
lymph_pwy60_pc5 2 2 0.216 0.149 0.889 0.335
lymph_pwy6_pc2 2 2 0.03 0.136 0.998 0.085
lymph_pwy77_pc4 2 2 0.058 -0.156 0.992 0.146
lymph_pwy86_pc5 2 2 0.991 0.001 0 0.986
myeloid_wbc_pwy117_pc1 2 2 0.877 -0.04 0.037 0.72
myeloid_wbc_pwy127_pc2 3 3 0.373 -0.076 0.393 0.305
myeloid_wbc_pwy130_pc1 2 2 0.007 0.117 1 0.012
myeloid_wbc_pwy132_pc2 3 3 0.643 -0.083 0.128 0.634
myeloid_wbc_pwy14_pc2 2 2 0.225 0.274 0.881 0.401
myeloid_wbc_pwy228_pc5 2 2 0.276 0.156 0.824 0.425
myeloid_wbc_pwy232_pc4 2 2 0.967 0.007 0.003 0.916
myeloid_wbc_pwy245_pc3 2 2 0.138 0.142 0.954 0.31
myeloid_wbc_pwy251_pc5 3 3 0.576 -0.076 0.18 0.523
myeloid_wbc_pwy272_pc4 2 2 0.998 0 0 0.99
myeloid_wbc_pwy275_pc3 2 2 0.906 0.018 0.022 0.753
myeloid_wbc_pwy317_pc3 2 2 0.865 -0.035 0.044 0.722
myeloid_wbc_pwy320_pc1 2 2 0.931 0.011 0.012 0.841
myeloid_wbc_pwy53_pc1 2 2 0.961 -0.012 0.004 0.899
myeloid_wbc_pwy55_pc1 2 2 0.009 -0.251 1 0.027
myeloid_wbc_pwy68_pc5 2 2 0.81 -0.065 0.086 0.625
neut_pwy117_pc1 2 2 0.881 -0.035 0.035 0.719
neut_pwy127_pc2 6 6 0.91 0.006 0.003 0.908
neut_pwy132_pc2 2 2 0.019 -0.216 0.999 0.055
neut_pwy140_pc3 2 2 0.712 0.056 0.191 0.562
neut_pwy149_pc4 2 2 0.95 0.01 0.006 0.852
neut_pwy157_pc1 2 2 0.919 -0.024 0.016 0.792
neut_pwy163_pc1 2 2 0.88 0.028 0.035 0.773
neut_pwy163_pc4 2 2 0.984 -0.003 0.001 0.954
neut_pwy232_pc4 2 2 0.984 0.003 0.001 0.964
neut_pwy244_pc4 2 2 0.76 0.068 0.136 0.623
neut_pwy245_pc3 2 2 0.085 0.145 0.982 0.215
neut_pwy246_pc5 2 2 0.056 -0.1 0.992 0.126
neut_pwy251_pc5 2 2 0.925 -0.022 0.014 0.795
neut_pwy275_pc2 2 2 0.116 -0.205 0.967 0.157
neut_pwy304_pc3 2 2 0.181 -0.149 0.922 0.365
neut_pwy317_pc3 2 2 0.837 -0.045 0.064 0.693
neut_pwy321_pc5 2 1 0.741 0.029 0.156 0.642
neut_pwy54_pc5 2 2 0.059 -0.097 0.991 0.115
neut_pwy55_pc1 2 2 0.007 -0.252 1 0.021
neut_pwy60_pc5 2 2 0.127 0.083 0.96 0.139
neut_pwy87_pc2 2 2 0.585 0.11 0.368 0.539
plt_pwy104_pc4 3 3 0.27 0.082 0.533 0.248
plt_pwy113_pc4 3 3 0.661 0.047 0.115 0.675
plt_pwy120_pc2 2 2 0.091 0.259 0.98 0.098
plt_pwy140_pc5 2 2 0.974 -0.003 0.002 0.944
plt_pwy141_pc4 3 2 0.66 -0.03 0.116 0.675
plt_pwy16_pc2 3 3 0.204 -0.253 0.634 0.197
plt_pwy16_pc5 2 2 0.044 0.127 0.995 0.09
plt_pwy179_pc2 2 2 0.9 0.033 0.024 0.809
plt_pwy188_pc5 2 2 0.512 0.062 0.481 0.519
plt_pwy1_pc1 2 2 0.166 -0.201 0.934 0.304
plt_pwy225_pc2 2 2 0.359 0.645 0.714 0.474
plt_pwy225_pc3 2 2 0.994 0.001 0 0.982
plt_pwy22_pc3 3 3 0.074 -0.203 0.857 0.173
plt_pwy23_pc4 2 2 0.057 0.125 0.992 0.125
plt_pwy23_pc5 4 3 0.319 -0.067 0.321 0.281
plt_pwy241_pc3 2 1 0.525 -0.133 0.46 0.527
plt_pwy246_pc2 2 2 0.045 0.158 0.995 0.104
plt_pwy247_pc4 2 2 0.397 -0.092 0.659 0.34
plt_pwy24_pc4 3 2 0.51 0.095 0.24 0.44
plt_pwy254_pc2 2 2 0.001 -0.114 1 0.002
plt_pwy274_pc5 2 2 0.712 0.074 0.192 0.577
plt_pwy292_pc3 2 2 0.039 0.069 0.996 0.082
plt_pwy297_pc2 2 2 0.179 0.122 0.923 0.32
plt_pwy31_pc2 2 2 0.085 -0.089 0.982 0.173
plt_pwy35_pc4 2 2 0.921 0.021 0.015 0.848
plt_pwy39_pc2 2 1 0.911 0.026 0.019 0.823
plt_pwy65_pc3 2 2 0.87 -0.072 0.041 0.766
plt_pwy68_pc1 2 2 0.789 0.039 0.106 0.671
plt_pwy81_pc3 2 2 0.985 -0.005 0.001 0.972
plt_pwy82_pc4 3 3 0.573 0.065 0.182 0.534
plt_pwy87_pc5 3 3 0.545 0.055 0.207 0.517
plt_pwy97_pc3 2 2 0.56 0.1 0.406 0.564
plt_pwy98_pc2 2 2 0.125 -0.23 0.962 0.162
rbc_pwy132_pc3 2 2 0.799 -0.091 0.097 0.613
rbc_pwy169_pc1 2 2 0.025 0.144 0.998 0.031
rbc_pwy175_pc4 4 4 0.148 0.099 0.556 0.132
rbc_pwy176_pc3 3 3 0.023 0.145 0.954 0.06
rbc_pwy221_pc5 2 2 0.886 0.017 0.032 0.771
rbc_pwy254_pc4 2 2 0.985 0.004 0.001 0.978
rbc_pwy263_pc2 2 2 0.059 0.209 0.991 0.145
rbc_pwy275_pc3 2 2 0.265 -0.153 0.836 0.449
rbc_pwy283_pc3 2 2 0.985 0.002 0.001 0.979
rbc_pwy295_pc3 2 2 0.239 0.149 0.865 0.256
rbc_pwy322_pc1 2 2 0.805 0.07 0.091 0.615
rbc_pwy322_pc2 2 2 0.939 0.01 0.009 0.887
rbc_pwy323_pc5 2 2 0.818 0.027 0.079 0.686
rbc_pwy37_pc3 2 2 0.923 -0.018 0.015 0.815
rbc_pwy61_pc4 2 2 0.036 -0.092 0.997 0.049
rbc_pwy62_pc4 2 2 0.789 0.089 0.106 0.601
rbc_pwy71_pc1 2 2 0.096 0.145 0.977 0.217
rbc_pwy8_pc2 2 2 0.967 0.009 0.003 0.936
rbc_pwy91_pc3 2 2 0.988 -0.003 0 0.96
ukb.allasthma_pwy115_pc1 2 2 0.01 -0.302 1 0.005
ukb.allasthma_pwy150_pc1 2 2 0.02 -0.26 0.999 0.018
ukb.allasthma_pwy152_pc2 3 3 0.001 -0.15 0.999 0.001
ukb.allasthma_pwy153_pc3 2 2 0.028 0.124 0.998 0.009
ukb.allasthma_pwy154_pc1 2 2 0.915 0.045 0.018 0.798
ukb.allasthma_pwy164_pc5 2 2 0.139 0.185 0.953 0.178
ukb.allasthma_pwy169_pc4 2 2 0.008 -0.199 1 0.019
ukb.allasthma_pwy169_pc5 2 2 0.079 0.155 0.985 0.2
ukb.allasthma_pwy188_pc1 2 2 0.156 0.312 0.941 0.144
ukb.allasthma_pwy192_pc1 2 2 0.721 -0.183 0.181 0.588
ukb.allasthma_pwy193_pc5 2 1 0.567 -0.113 0.396 0.563
ukb.allasthma_pwy211_pc3 2 2 0.184 0.312 0.919 0.317
ukb.allasthma_pwy213_pc5 2 2 0.73 0.148 0.169 0.545
ukb.allasthma_pwy227_pc3 2 2 0.025 -0.178 0.998 0.065
ukb.allasthma_pwy238_pc5 2 1 0.601 0.107 0.343 0.609
ukb.allasthma_pwy241_pc3 3 3 0.65 0.099 0.122 0.642
ukb.allasthma_pwy246_pc3 2 2 0.034 0.202 0.997 0.09
ukb.allasthma_pwy251_pc5 2 2 0.047 0.229 0.995 0.119
ukb.allasthma_pwy277_pc4 2 2 0.041 -0.183 0.996 0.105
ukb.allasthma_pwy280_pc5 3 3 0.349 0.249 0.424 0.269
ukb.allasthma_pwy282_pc1 2 2 0.93 0.024 0.012 0.841
ukb.allasthma_pwy307_pc2 3 3 0.01 0.285 0.98 0.05
ukb.allasthma_pwy320_pc3 2 1 0.57 0.108 0.392 0.565
ukb.allasthma_pwy321_pc5 2 1 0.608 0.121 0.333 0.612
ukb.allasthma_pwy325_pc4 2 1 0.619 0.109 0.317 0.616
ukb.allasthma_pwy326_pc4 2 1 0.59 -0.106 0.36 0.595
ukb.allasthma_pwy328_pc2 2 2 0.02 0.112 0.999 0.007
ukb.allasthma_pwy329_pc3 2 2 0.017 -0.157 0.999 0.004
ukb.allasthma_pwy330_pc2 2 2 0.034 0.121 0.997 0.009
ukb.allasthma_pwy8_pc4 2 2 0.018 0.243 0.999 0.029
wbc_pwy102_pc3 3 3 0.562 0.078 0.192 0.523
wbc_pwy106_pc5 2 2 0.01 0.102 1 0.032
wbc_pwy125_pc4 2 2 0.942 0.011 0.008 0.839
wbc_pwy132_pc2 2 2 0.954 0.017 0.005 0.858
wbc_pwy139_pc2 2 2 0.04 0.143 0.996 0.11
wbc_pwy13_pc3 2 2 0.271 -0.185 0.829 0.18
wbc_pwy141_pc1 2 2 0.923 0.022 0.014 0.788
wbc_pwy148_pc3 3 3 0 -0.137 1 0.002
wbc_pwy179_pc2 4 4 0.854 -0.024 0.013 0.828
wbc_pwy1_pc3 2 2 0.019 0.096 0.999 0.037
wbc_pwy210_pc5 2 2 0.889 -0.018 0.03 0.721
wbc_pwy21_pc4 2 2 0.451 0.142 0.577 0.473
wbc_pwy226_pc4 2 2 0.271 0.106 0.83 0.137
wbc_pwy232_pc4 2 2 0.935 0.013 0.01 0.828
wbc_pwy251_pc2 2 2 0.06 -0.129 0.991 0.11
wbc_pwy254_pc4 3 3 0.914 0.008 0.007 0.937
wbc_pwy261_pc5 2 2 0.763 -0.035 0.133 0.599
wbc_pwy273_pc4 2 2 0.994 0.001 0 0.981
wbc_pwy274_pc3 2 2 0.783 0.034 0.112 0.625
wbc_pwy275_pc3 2 2 0.925 0.015 0.014 0.799
wbc_pwy278_pc1 3 3 0.008 -0.212 0.984 0.049
wbc_pwy284_pc1 2 2 0.092 0.167 0.979 0.235
wbc_pwy295_pc5 2 2 0.966 0.005 0.003 0.891
wbc_pwy297_pc3 2 2 0.751 0.039 0.146 0.582
wbc_pwy313_pc4 2 2 0.973 0.007 0.002 0.921
wbc_pwy321_pc5 2 1 0.741 0.038 0.157 0.655
wbc_pwy55_pc1 2 2 0.023 -0.233 0.999 0.055
wbc_pwy57_pc5 3 3 0.709 -0.037 0.085 0.746
wbc_pwy5_pc3 2 2 0.038 0.154 0.996 0.118
wbc_pwy66_pc3 4 4 0.001 -0.098 0.987 0.013
wbc_pwy70_pc3 2 2 0.508 -0.104 0.488 0.494
wbc_pwy71_pc5 3 3 0.788 0.043 0.045 0.834
wbc_pwy85_pc4 2 2 0.775 0.035 0.12 0.594
wbc_pwy86_pc5 2 2 0.769 0.036 0.126 0.593
