factor num_snp_fdr<0.2 num_snp_noMHC pval_in_fitting slope_in_fitting pval_in_resampling IVW_estimate IVW_pval IVW_resampling_pval
EUR.CD_pwy101_peer2 3 3 0.943 -0.663 0.942 -5.7566500202372 1.24803124930854e-09 0.582
EUR.CD_pwy107_peer3 2 2 0.995 -0.034 0.991 -0.478983893807206 0.308721891521828 0.882
EUR.CD_pwy114_peer3 3 3 0.282 5.467 0.226 3.74708192241238 1.34430514623039e-09 0.494
EUR.CD_pwy115_peer4 2 2 0.066 -4.144 0.163 -4.1307839807532 5.04597197795086e-21 0.508
EUR.CD_pwy155_peer5 2 2 0.001 -7.13 0.001 -7.13251139807689 1.04381177904526e-48 0.138
EUR.CD_pwy159_peer3 2 2 0.99 0.086 0.977 -0.885293471099508 0.176490145288454 0.864
EUR.CD_pwy164_peer2 2 0 0.073 -3.942 0.063 -3.55172242184327 1.21347106178806e-18 0.196
EUR.CD_pwy165_peer1 2 2 0.893 12.418 0.874 -34.5194434587974 2.1776990856759e-07 0.654
EUR.CD_pwy166_peer5 3 3 0.262 -3.193 0.265 0.123085976467069 0.665843116681239 0.974
EUR.CD_pwy167_peer2 2 2 0.011 4.093 0 4.16490446911679 7.99620651032458e-22 0.232
EUR.CD_pwy168_peer4 2 2 0.114 6.599 0.275 6.69960552493423 3.98344936214983e-30 0.406
EUR.CD_pwy185_peer2 3 3 0.036 6.751 0.06 8.01649373045808 2.8941815667649e-43 0.172
EUR.CD_pwy192_peer4 2 0 0.065 3.836 0.117 3.84332036523118 6.9806712969512e-20 0.484
EUR.CD_pwy193_peer4 2 0 0.045 -2.627 0.098 -2.62699770900189 5.99113779342375e-21 0.528
EUR.CD_pwy193_peer5 3 0 0.105 -1.439 0.068 -0.662592470740438 2.50138892289588e-11 0.579
EUR.CD_pwy198_peer1 2 2 0.944 1.253 0.85 1.80736618600165 0.212377383215518 0.839
EUR.CD_pwy203_peer1 2 2 0.2 -9.146 0.314 -9.79827358532971 1.237271839734e-48 0.041
EUR.CD_pwy20_peer3 2 2 0.422 5.953 0.431 2.78149789094194 1.53508162767455e-08 0.552
EUR.CD_pwy238_peer2 2 2 0.009 -2.421 0 -2.4563337174344 7.91360156997739e-22 0.232
EUR.CD_pwy238_peer5 3 0 0.106 1.406 0.068 0.639250192314607 4.15940208667593e-11 0.583
EUR.CD_pwy256_peer5 2 0 0.947 0.425 0.884 0.267007363424825 0.655645793445093 0.93
EUR.CD_pwy278_peer2 2 2 0.835 -1.137 0.712 -0.237057844415082 0.63986204222104 0.943
EUR.CD_pwy320_peer3 2 0 0.838 0.333 0.69 0.543647231602914 1.30384287913888e-07 0.649
EUR.CD_pwy324_peer2 2 2 0.025 4.126 0.068 4.14574707259085 1.2175844439905e-17 0.548
EUR.CD_pwy325_peer2 2 2 0.026 -2.157 0.005 -2.24608166125573 9.40590555393033e-22 0.226
EUR.CD_pwy325_peer4 2 0 0.871 0.258 0.756 0.465731724724725 4.13952557729597e-06 0.657
EUR.CD_pwy325_peer5 3 0 0.215 2.502 0.231 0.342859900647629 0.0788681191293853 0.72
EUR.CD_pwy326_peer2 2 2 0.014 2.569 0.006 2.51244656559442 8.11058168761698e-22 0.243
EUR.CD_pwy326_peer4 2 0 0.863 -0.274 0.73 -0.481119911721432 1.76980962736224e-06 0.656
EUR.CD_pwy7_peer4 4 4 0.004 4.634 0.007 5.47870852498127 2.08988556327914e-07 0.009
EUR.CD_pwy7_peer5 4 4 0.004 34.453 0.007 40.7507329643293 2.68457957369067e-07 0.009
EUR.CD_pwy85_peer2 2 2 0.057 2.851 0.057 2.71044928204218 1.11614080068428e-52 0.083
EUR.IBD_pwy107_peer1 3 3 0.215 -1.722 0.113 -1.56893054259584 3.16068717348868e-12 0.395
EUR.IBD_pwy107_peer3 2 2 0.991 0.042 0.982 -0.181711489563361 0.596306829935201 0.934
EUR.IBD_pwy117_peer3 2 2 0.99 0.058 0.979 0.302038037248151 0.529161483390303 0.912
EUR.IBD_pwy120_peer1 2 2 0.068 81.253 0.095 85.8553465683604 7.24799950216088e-39 0.247
EUR.IBD_pwy155_peer5 2 2 0.062 -4.518 0.097 -4.39880466105525 1.92128301435154e-33 0.286
EUR.IBD_pwy165_peer1 3 3 0.431 31.308 0.376 3.93458650468704 0.30721179762542 0.914
EUR.IBD_pwy193_peer3 2 0 0.067 2.164 0.145 2.09271316468271 2.67578503208239e-53 0.127
EUR.IBD_pwy193_peer4 5 0 0.099 2.253 0.088 0.852492162878858 0.223742006547895 0.298
EUR.IBD_pwy193_peer5 7 0 0.021 -0.463 0.026 -0.295899516118623 0.00210439889617158 0.043
EUR.IBD_pwy198_peer3 2 0 0.05 -1.263 0.063 -1.32223853710261 1.73090836770796e-18 0.476
EUR.IBD_pwy225_peer4 2 2 0.024 -3.939 0.008 -3.61405038923131 1.87655321882874e-26 0.299
EUR.IBD_pwy238_peer3 3 0 0.005 -1.575 0.004 -1.67693982437578 2.02405599112101e-59 0.081
EUR.IBD_pwy238_peer5 8 0 0.027 0.643 0.032 0.305441107997268 0.00326846113554968 0.063
EUR.IBD_pwy246_peer3 2 2 0.956 -0.183 0.934 0.629195709026853 0.0171182363785858 0.696
EUR.IBD_pwy246_peer5 2 2 0.08 -2.593 0.174 -2.60766287506481 4.75256172837946e-18 0.527
EUR.IBD_pwy252_peer1 2 2 0.049 -4.051 0.021 -4.53952058436854 5.81589788083644e-29 0.216
EUR.IBD_pwy266_peer3 2 2 0.229 -1.382 0.099 -1.60481794787746 1.83153853368545e-21 0.243
EUR.IBD_pwy269_peer5 2 0 0.189 10.998 0.269 6.07638324749813 1.67520689488443e-17 0.159
EUR.IBD_pwy281_peer2 2 2 0.95 -0.165 0.898 0.269033140266337 0.192720058230642 0.854
EUR.IBD_pwy284_peer4 2 2 0.059 4.624 0.142 4.57154501829643 9.65017247520676e-16 0.581
EUR.IBD_pwy292_peer1 2 2 0.114 93.909 0.247 96.3094401950275 1.61622053513833e-37 0.228
EUR.IBD_pwy301_peer4 2 2 0.768 1.716 0.708 -0.188819399632118 0.696259653626899 0.946
EUR.IBD_pwy320_peer3 7 0 0.021 0.459 0.026 0.292421500754619 0.00204512853901577 0.042
EUR.IBD_pwy320_peer4 3 0 0.037 -1.716 0.117 -1.67771254056649 7.07333981454924e-57 0.11
EUR.IBD_pwy321_peer3 4 0 0.126 1.767 0.144 0.926035084062731 0.0566614550119285 0.221
EUR.IBD_pwy321_peer4 7 0 0.04 -0.879 0.041 -0.399521732932632 0.00459454279734169 0.122
EUR.IBD_pwy321_peer5 5 0 0.041 0.698 0.053 0.454752855101899 0.000120951690555912 0.034
EUR.IBD_pwy325_peer2 2 0 0.166 -1.502 0.116 -1.96102836103676 5.89900273748363e-24 0.174
EUR.IBD_pwy325_peer3 3 0 0.013 -1.936 0.009 -2.21857986592633 5.90646648389202e-58 0.08
EUR.IBD_pwy325_peer4 7 0 0.018 0.485 0.025 0.306909436632588 0.00187915963382797 0.042
EUR.IBD_pwy325_peer5 6 6 0.058 1.87 0.066 0.88921609217746 0.00761925720371693 0.087
EUR.IBD_pwy326_peer4 7 0 0.018 -0.477 0.025 -0.301382928450307 0.00193624303540742 0.041
EUR.IBD_pwy326_peer5 3 0 0.027 -1.223 0.063 -1.08815671703693 1.4696249379691e-59 0.089
EUR.IBD_pwy99_peer4 2 2 0.134 -3.088 0.224 -3.26668177048163 2.06685128734596e-28 0.385
EUR.UC_pwy107_peer1 2 2 0.656 -1.691 0.603 -1.71151805394076 1.42392445782365e-08 0.41
EUR.UC_pwy118_peer1 2 2 0.039 -65.926 0.07 -64.9938949693868 1.36083913084127e-21 0.335
EUR.UC_pwy120_peer1 3 3 0.677 21.778 0.634 17.5602547277425 0.00281065729866519 0.795
EUR.UC_pwy123_peer5 2 0 0.136 -3.115 0.137 -3.37879187561127 2.84214427783583e-18 0.311
EUR.UC_pwy142_peer5 2 0 0.817 1.931 0.727 1.42848325191478 0.0417957505739845 0.712
EUR.UC_pwy146_peer4 2 0 0.935 0.87 0.906 1.76150579291619 0.013572300419022 0.542
EUR.UC_pwy162_peer1 2 0 0.142 -38.491 0.059 -45.5610249918182 5.08512609529948e-17 0.369
EUR.UC_pwy162_peer3 3 3 0.868 -0.986 0.889 1.8531235406386 0.00270111318666173 0.783
EUR.UC_pwy167_peer3 3 0 0.11 -3.599 0.1 -5.32497180280301 6.47531787582714e-68 0.039
EUR.UC_pwy171_peer1 2 0 0.107 20.433 0.087 21.3504041516551 1.33167773364397e-34 0.242
EUR.UC_pwy174_peer1 2 0 0.17 -21.416 0.284 -25.1559237242029 2.19397522540367e-57 0.079
EUR.UC_pwy174_peer3 2 2 0.038 -3.462 0.075 -3.46587604239361 8.82342593335723e-23 0.521
EUR.UC_pwy176_peer2 2 2 0.083 8.68 0.147 8.69293687005829 2.35749620169727e-17 0.505
EUR.UC_pwy182_peer3 3 0 0.031 -4.129 0.086 -4.40390799368217 1.92726912282841e-79 0.067
EUR.UC_pwy182_peer4 2 2 0.986 -0.056 0.979 -0.176499223138724 0.573028730854143 0.945
EUR.UC_pwy183_peer5 2 2 0.02 -3.443 0.033 -3.53676292838136 5.1586715948282e-16 0.257
EUR.UC_pwy185_peer2 3 3 0.039 10.686 0.088 10.4886151714893 2.01519267316716e-81 0.137
EUR.UC_pwy186_peer2 5 5 0.797 1.713 0.795 -6.21105476220874 0.237754059887392 0.298
EUR.UC_pwy186_peer5 2 0 0.067 4.112 0.133 4.14786119700763 3.3228168779813e-73 0.102
EUR.UC_pwy193_peer3 3 0 0.024 2.209 0.056 2.47580282892628 6.86764897735309e-83 0.044
EUR.UC_pwy193_peer4 12 0 0.003 1.991 0.004 1.68290443558842 3.57325678286443e-06 0.004
EUR.UC_pwy193_peer5 13 0 0 -0.503 0 -0.374319690612025 3.68026718485911e-12 0
EUR.UC_pwy199_peer5 2 0 0.573 2.255 0.652 1.86695085384836 1.63763053962835e-11 0.547
EUR.UC_pwy203_peer4 2 2 0.14 1.229 0.249 1.22654334303914 1.98036956727229e-23 0.526
EUR.UC_pwy204_peer4 2 2 0.891 0.799 0.789 0.237399005777939 0.633356952169481 0.944
EUR.UC_pwy219_peer4 2 0 0.632 3.857 0.631 0.13579291245511 0.839727433018209 0.985
EUR.UC_pwy225_peer4 3 3 0.065 -3.901 0.15 -3.91139648050249 2.33376116035537e-42 0.335
EUR.UC_pwy228_peer5 2 0 0.438 4.466 0.469 1.54609683018218 6.28026610399449e-05 0.659
EUR.UC_pwy232_peer5 2 2 0.934 0.322 0.902 -0.162138216831948 0.540882642970815 0.846
EUR.UC_pwy238_peer3 5 0 0.005 -1.758 0.011 -1.70145367779968 5.05571947573012e-06 0.024
EUR.UC_pwy238_peer4 3 0 0.037 3.198 0.09 3.5606124741092 2.48249817753605e-79 0.061
EUR.UC_pwy238_peer5 13 0 0 0.499 0 0.370853905183172 4.57048963728248e-12 0
EUR.UC_pwy246_peer3 3 3 0.009 4.018 0.031 3.83071979607231 4.10957919834148e-36 0.267
EUR.UC_pwy246_peer5 3 3 0.754 0.699 0.763 -0.219370421103821 0.399430859909393 0.928
EUR.UC_pwy260_peer4 2 0 0.526 -2.375 0.491 -0.478314112195423 0.167515167355445 0.916
EUR.UC_pwy261_peer2 2 0 0.437 -3.152 0.499 -1.86548749836467 1.09258572260767e-06 0.626
EUR.UC_pwy264_peer3 2 2 0.33 191.41 0.249 70.0734729310676 0.000277321805445528 0.659
EUR.UC_pwy271_peer5 3 0 0.011 8.286 0.027 7.5331121169105 1.43114861696168e-31 0.314
EUR.UC_pwy275_peer1 2 0 0.153 -36.675 0.246 -37.4019974044094 6.10047446144248e-70 0.134
EUR.UC_pwy275_peer2 2 0 0.252 3.584 0.196 4.68925850324485 2.68676116812931e-27 0.104
EUR.UC_pwy275_peer4 2 2 0.013 4.56 0.027 4.49376508918298 1.27571211344716e-16 0.447
EUR.UC_pwy278_peer5 2 2 0.922 0.255 0.849 -0.183129435537181 0.475187278271307 0.927
EUR.UC_pwy279_peer1 2 0 0.137 -77.338 0.236 -78.7221713617231 1.03458461030389e-70 0.13
EUR.UC_pwy279_peer2 2 0 0.569 10.76 0.544 2.98402238818762 0.00741768374268019 0.726
EUR.UC_pwy27_peer2 2 0 0.718 1.119 0.72 0.424793076940497 0.188178347618702 0.78
EUR.UC_pwy281_peer1 2 0 0.054 -15.343 0.112 -15.450279295728 1.82457958647603e-73 0.098
EUR.UC_pwy281_peer4 2 0 0.19 -2.967 0.298 -3.03898130967973 9.72821264421206e-68 0.139
EUR.UC_pwy287_peer1 2 0 0.18 -44.645 0.193 -55.7260886479185 5.2253812938906e-32 0.105
EUR.UC_pwy287_peer4 2 0 0.337 4.153 0.34 6.20165129914914 3.06714478392075e-38 0.079
EUR.UC_pwy292_peer1 2 2 0.046 113.927 0.067 114.069736773737 5.13674185130782e-38 0.218
EUR.UC_pwy300_peer2 2 0 0.108 -12.149 0.213 -11.5511343360066 1.12376327331699e-22 0.529
EUR.UC_pwy306_peer5 2 0 0.049 -3.446 0.058 -3.64481459811374 1.40131349015652e-23 0.204
EUR.UC_pwy308_peer4 2 0 0.612 3.051 0.627 -0.256522478722671 0.630912216937528 0.972
EUR.UC_pwy311_peer1 2 2 0.072 -22.157 0.108 -22.7326444559332 2.64133389804393e-22 0.32
EUR.UC_pwy320_peer3 13 0 0 0.494 0 0.367976851506146 4.51483659996474e-12 0
EUR.UC_pwy320_peer4 4 0 0.47 -1.152 0.483 -2.02443052083527 0.0624935591564184 0.22
EUR.UC_pwy320_peer5 3 0 0.037 2.811 0.089 3.30841662427822 2.16715376808191e-63 0.037
EUR.UC_pwy321_peer3 9 0 0.001 1.583 0.001 1.37465887617788 2.25544979120916e-24 0
EUR.UC_pwy321_peer4 13 0 0 -0.703 0 -0.52393841038802 1.76566523443208e-11 0
EUR.UC_pwy321_peer5 12 0 0 0.735 0 0.556407729748356 3.41284642286133e-21 0
EUR.UC_pwy322_peer1 2 0 0.082 -33.263 0.17 -33.6162558828519 8.20899897745629e-73 0.107
EUR.UC_pwy322_peer4 4 0 0.037 -3.176 0.057 -3.76877760280706 0.00184121921269056 0.076
EUR.UC_pwy323_peer5 2 0 0.767 0.699 0.768 0.429083765038237 0.0399827996485599 0.688
EUR.UC_pwy324_peer1 2 0 0.166 29.936 0.267 30.5793349850315 3.29196964669101e-69 0.136
EUR.UC_pwy324_peer3 2 0 0.016 6.129 0.029 6.1414504025029 6.26326205062726e-74 0.088
EUR.UC_pwy325_peer2 2 2 0.221 -4.796 0.332 -4.5571935895341 9.31649080634663e-53 0.228
EUR.UC_pwy325_peer3 4 0 0.021 -1.981 0.036 -1.82856038188859 0.000654890913325054 0.071
EUR.UC_pwy325_peer4 13 0 0 0.519 0 0.385653486791338 3.6530441234474e-12 0
EUR.UC_pwy325_peer5 11 0 0 1.429 0 1.20632299728931 4.01631761885685e-08 0.002
EUR.UC_pwy326_peer2 3 3 0.415 2.555 0.309 2.23857038415249 7.78287602414364e-21 0.498
EUR.UC_pwy326_peer3 2 0 0.061 -3.191 0.063 -2.64850951807049 2.92099872822776e-16 0.375
EUR.UC_pwy326_peer4 13 0 0 -0.511 0 -0.378625405579944 5.50837065488975e-12 0
EUR.UC_pwy326_peer5 10 0 0 -1.583 0 -1.43631407649419 4.51005757817752e-39 0
EUR.UC_pwy331_peer1 2 0 0.088 9.853 0.181 9.96536639283804 1.24359069603186e-72 0.111
EUR.UC_pwy332_peer4 2 2 0.037 6.616 0.027 6.9951059626672 1.10341158614446e-27 0.296
EUR.UC_pwy48_peer2 2 2 0.114 2899.651 0.205 2973.128007727 1.41785934595896e-22 0.491
EUR.UC_pwy49_peer2 2 2 0.956 0.199 0.905 -0.499121609448293 0.103587784042214 0.862
EUR.UC_pwy6_peer3 3 3 0.436 1.598 0.448 0.837038482008479 0.00379260087713844 0.805
EUR.UC_pwy89_peer4 2 2 0.829 1.671 0.693 0.399885269012859 0.526374541658347 0.904
EUR.UC_pwy92_peer5 2 2 0.478 3.553 0.503 0.325707857175392 0.271219109291222 0.95
HDL_pwy123_peer1 2 2 0.762 -4.298 0.619 -0.0157626541574755 0.986025522477715 0.999
HDL_pwy137_peer5 2 2 0.093 -1.266 0.19 -1.26937495763844 1.63232717467688e-21 0.289
HDL_pwy141_peer1 2 2 0.044 -2.017 0.073 -2.0374499333825 3.49596012748379e-32 0.396
HDL_pwy164_peer2 2 2 0.297 2.644 0.408 2.505605496225 0 0
HDL_pwy16_peer5 2 2 0.089 -1.18 0.134 -1.13219348580678 2.74833008662612e-73 0.163
HDL_pwy174_peer2 2 2 0.112 0.513 0.168 0.518177242445761 4.24157651189123e-28 0.504
HDL_pwy192_peer1 2 2 0.789 2.476 0.708 -0.309419295640789 0.626398823773863 0.957
HDL_pwy202_peer1 3 3 0.655 -3.063 0.658 -0.166696116190523 0.716338709962552 0.991
HDL_pwy207_peer3 2 2 0.106 0.645 0.169 0.633550222127984 4.85643621407983e-34 0.431
HDL_pwy220_peer1 3 3 0.949 0.09 0.951 0.651008390759397 1.05161330055623e-06 0.59
HDL_pwy238_peer2 2 2 0.184 0.441 0.277 0.448511774576059 9.82192406751329e-27 0.511
HDL_pwy241_peer2 2 2 0.225 1.371 0.358 1.19852494546693 1.35525127997546e-48 0.291
HDL_pwy248_peer2 2 2 0.712 0.719 0.572 0.399996042342997 4.76587102389033e-06 0.693
HDL_pwy278_peer3 3 3 0.01 0.741 0.011 0.516085104716375 9.61780715653084e-27 0.489
HDL_pwy279_peer5 2 2 0.118 0.422 0.223 0.426409077952568 2.87273378642685e-28 0.529
HDL_pwy289_peer2 2 2 0.049 2.377 0.103 2.39262157476198 3.91605141643883e-21 0.625
HDL_pwy293_peer3 2 2 0.198 -3.15 0.216 -1.85428204483996 4.21706283755695e-41 0.241
HDL_pwy311_peer5 2 2 0.847 -0.155 0.73 -0.155099220491897 0.0227049174963463 0.818
HDL_pwy321_peer5 2 0 0.681 -0.067 0.599 -0.0248733964040245 0.124352580456526 0.831
HDL_pwy326_peer2 2 2 0.15 -0.39 0.235 -0.394722324485852 1.87474833402505e-27 0.508
HDL_pwy41_peer3 2 2 0.124 0.826 0.128 0.955797601970831 2.9881228570484e-43 0.226
HDL_pwy44_peer3 2 2 0.096 -0.739 0.107 -0.829243591063202 3.12947009336654e-44 0.233
HDL_pwy48_peer4 3 3 0.008 -121031.763 0.017 -122868.261272213 1.66277960078779e-28 0.199
HDL_pwy63_peer4 2 2 0.702 -0.285 0.569 -0.00770972235756908 0.854303134755324 0.996
HDL_pwy66_peer5 2 2 0.979 -0.014 0.951 0.00981784920437804 0.820367572568098 0.983
HDL_pwy6_peer1 2 2 0.957 -0.097 0.913 -0.166407866721051 0.288259128744801 0.882
HDL_pwy71_peer4 2 2 0.033 -0.793 0.055 -0.806746389805228 4.36507587833698e-58 0.237
HDL_pwy71_peer5 3 3 0.425 -113.015 0.35 -89.6802967952032 2.81747206224311e-16 0.549
HDL_pwy87_peer2 3 3 0.735 0.285 0.743 -0.285456253244233 5.58305173677744e-05 0.726
HDL_pwy87_peer5 2 2 0.05 -0.262 0.098 -0.255170102215556 1.36399807329932e-35 0.388
HDL_pwy96_peer2 2 2 0.208 -2.348 0.344 -2.53155432940795 1.66243965291318e-58 0.258
HDL_pwy97_peer4 2 2 0.95 0.06 0.93 0.00903629307886173 0.91169151830233 0.991
HDL_pwy97_peer5 2 2 0.83 -0.253 0.723 0.185108335935535 0.0300891447539881 0.78
LDL_pwy113_peer5 2 2 0.983 -0.037 0.975 0.640669073946249 3.32226137577448e-12 0.651
LDL_pwy118_peer5 3 3 0.098 -4.806 0.11 -2.5141259606135 5.89809508512811e-254 0.068
LDL_pwy122_peer5 2 2 0.755 -0.364 0.737 -0.0486452487799177 0.650827714398967 0.942
LDL_pwy124_peer3 2 0 0.187 -1.645 0.327 -1.67955315227587 4.83371998045676e-39 0.426
LDL_pwy126_peer5 2 2 0.773 -0.366 0.761 0.481215401754456 2.05505159603487e-07 0.684
LDL_pwy144_peer4 3 3 0.208 -0.929 0.221 -0.403163278576103 2.98662530669514e-05 0.755
LDL_pwy148_peer5 2 2 0.429 1.042 0.482 1.4585255957249 1.44096624256094e-170 0.044
LDL_pwy158_peer4 2 2 0.64 -1.171 0.567 -1.17133114264232 1.11559561794661e-47 0.357
LDL_pwy180_peer5 2 2 0.541 -1.446 0.487 -1.16796185720371 6.50965599032111e-54 0.307
LDL_pwy193_peer4 2 0 0.304 0.286 0.426 0.249557173784688 2.78073939326071e-21 0.576
LDL_pwy193_peer5 3 0 0.276 -0.054 0.295 -0.0467743946018731 3.1958027674335e-16 0.579
LDL_pwy200_peer5 2 2 0.391 -0.779 0.365 -0.177559077519353 0.0300968675083828 0.872
LDL_pwy202_peer4 2 2 0.023 -0.647 0.053 -0.648564850581398 1.17726572530067e-15 0.647
LDL_pwy209_peer1 4 4 0.179 0.822 0.187 0.211249334038414 0.760856825531904 0.832
LDL_pwy238_peer5 3 0 0.286 0.053 0.298 0.0456314361680373 9.21167209591722e-16 0.587
LDL_pwy240_peer4 3 3 0.404 0.749 0.291 0.443276435561978 1.34900707933554e-21 0.284
LDL_pwy252_peer5 2 2 0.078 -0.499 0.117 -0.511794633524054 9.41808000139428e-26 0.349
LDL_pwy260_peer5 2 2 0.005 -0.611 0.012 -0.611190325443177 1.43457583084707e-23 0.396
LDL_pwy265_peer3 2 2 0.199 1.874 0.339 1.90530454706528 2.03018888013238e-50 0.408
LDL_pwy265_peer5 2 2 0.209 -2.696 0.29 -2.49389791278115 5.21734935893549e-304 0.046
LDL_pwy272_peer5 2 2 0.137 -0.636 0.182 -0.682667759848268 2.77007950746846e-49 0.261
LDL_pwy281_peer3 2 2 0.167 0.501 0.203 0.545448322130211 4.75733276831148e-48 0.262
LDL_pwy296_peer5 2 2 0.361 -2.252 0.433 -2.25170169684672 1.83150301750929e-95 0.167
LDL_pwy297_peer2 2 2 0.912 -0.07 0.859 0.0588865558057476 0.261245075687159 0.872
LDL_pwy308_peer4 2 2 0.037 0.755 0.031 0.811821632597196 3.4051916831951e-27 0.27
LDL_pwy310_peer1 2 2 0.035 -7.017 0.075 -7.05485950265918 1.60560162095915e-26 0.586
LDL_pwy31_peer5 2 2 0.557 0.569 0.554 0.157321755588583 0.00129824502783509 0.832
LDL_pwy320_peer3 3 0 0.279 0.054 0.298 0.0464672532452607 3.83056071699897e-16 0.579
LDL_pwy320_peer4 2 0 0.128 -0.241 0.24 -0.227144113997492 1.42299628593619e-25 0.497
LDL_pwy321_peer3 3 0 0.344 0.175 0.322 0.147981639074578 7.00560584754568e-13 0.611
LDL_pwy321_peer4 2 0 0.2 -0.093 0.35 -0.0844361339710919 4.52422345489773e-24 0.516
LDL_pwy321_peer5 3 0 0.313 0.075 0.31 0.0641702318926422 1.53514759121042e-14 0.604
LDL_pwy325_peer4 3 0 0.297 0.055 0.305 0.047069189856739 2.77868221878264e-15 0.595
LDL_pwy325_peer5 2 0 0.149 0.194 0.282 0.180228038497644 3.58016077989972e-25 0.503
LDL_pwy326_peer4 3 0 0.285 -0.054 0.302 -0.0469945558191216 7.47108628363339e-16 0.583
LDL_pwy326_peer5 2 0 0.102 -0.253 0.18 -0.241378718424514 5.57104799693913e-26 0.487
LDL_pwy331_peer4 2 0 0.014 -0.439 0.037 -0.439217611211671 2.40773025920224e-20 0.601
LDL_pwy45_peer5 2 2 0.931 0.061 0.858 -0.0586993214788199 0.232940974480052 0.902
LDL_pwy49_peer3 2 2 0.317 -0.849 0.459 -0.778347041418673 6.41797464083522e-52 0.334
LDL_pwy50_peer3 2 2 0.109 1.039 0.147 0.8756536879366 1.07194288471117e-41 0.259
LDL_pwy6_peer2 3 3 0.842 -0.183 0.851 -0.639945323662052 8.50535605693666e-25 0.493
LDL_pwy74_peer1 3 3 0.964 0.055 0.962 0.670261995014119 2.4724100555149e-12 0.615
LDL_pwy78_peer3 2 2 0.058 -0.452 0.089 -0.457044000720454 4.81251078958849e-28 0.399
LDL_pwy84_peer2 2 2 0.129 -0.565 0.198 -0.565235038534302 8.11991564751343e-24 0.567
LDL_pwy85_peer4 2 2 0.411 0.16 0.488 0.104524076234076 2.01225990041294e-22 0.596
LDL_pwy93_peer4 2 2 0.139 -1.105 0.238 -1.15692945894355 1.18212039835658e-25 0.122
SCZ_pwy104_peer5 2 2 0.066 0.83 0.191 0.840102396069739 2.14097421039007e-21 0.22
SCZ_pwy119_peer2 3 3 0.004 1.852 0.008 2.00915133362593 1.33272452375604e-36 0.057
SCZ_pwy127_peer2 2 2 0.934 -0.203 0.855 -0.106551785523596 0.649894461513322 0.895
SCZ_pwy172_peer3 2 0 0.055 0.702 0.047 0.729226244707514 1.83825846397908e-17 0.257
SCZ_pwy176_peer3 2 2 0.938 0.275 0.768 0.129648294473621 0.656219646066355 0.876
SCZ_pwy181_peer5 2 2 0.018 -1.408 0.076 -1.39923995257659 1.02563604444294e-14 0.496
SCZ_pwy183_peer3 2 2 0.043 1.992 0.174 1.99218262944196 2.33687723878127e-17 0.493
SCZ_pwy183_peer4 2 2 0.079 1.285 0.215 1.30275237432375 6.8294168946786e-18 0.433
SCZ_pwy183_peer5 2 2 0.812 0.477 0.638 0.0402227602743481 0.83135156174831 0.953
SCZ_pwy184_peer3 2 2 0.9 -0.331 0.821 -0.348519486980003 0.135834334689713 0.831
SCZ_pwy193_peer2 2 0 0.001 -1.733 0.001 -1.72597579818567 9.59498922418354e-22 0.159
SCZ_pwy193_peer4 2 0 0.038 1.249 0.04 1.26831449280305 2.01053356162617e-37 0.038
SCZ_pwy193_peer5 2 0 0.112 0.237 0.308 0.230253821698082 5.45928926615635e-23 0.241
SCZ_pwy197_peer1 2 0 0.136 6.275 0.254 6.71201328693667 1.52641031785555e-27 0.016
SCZ_pwy203_peer1 2 2 0.125 -1.476 0.211 -1.43637218490678 1.02118654297689e-16 0.382
SCZ_pwy203_peer2 2 2 0.106 -1.132 0.189 -1.10540464512924 7.14902789954966e-17 0.373
SCZ_pwy203_peer4 2 2 0.088 -0.187 0.176 -0.18331068508125 5.4190723654821e-17 0.371
SCZ_pwy21_peer1 2 2 0.742 -1.349 0.595 -0.615134539396876 0.0410606751932148 0.692
SCZ_pwy238_peer3 3 0 0.246 -1.058 0.214 0.6146487291359 1.88356863688538e-07 0.55
SCZ_pwy238_peer5 2 0 0.115 -0.24 0.309 -0.232726481892297 5.84718475054273e-23 0.242
SCZ_pwy242_peer5 2 2 0.054 -2.327 0.032 -1.99077482494296 6.43609642367171e-16 0.191
SCZ_pwy259_peer5 2 2 0.957 -0.121 0.854 -0.0735987084255149 0.724374620836593 0.902
SCZ_pwy260_peer4 3 3 0.556 0.782 0.45 0.625978449972797 9.65041911083838e-05 0.642
SCZ_pwy269_peer3 2 2 0.004 3.309 0.015 3.3086884130552 1.39567704054696e-15 0.539
SCZ_pwy269_peer4 2 2 0.91 -0.44 0.757 -0.493378716541109 0.173527789126148 0.78
SCZ_pwy289_peer4 2 2 0.002 4.449 0.004 4.44978057707194 4.08719855833632e-18 0.351
SCZ_pwy304_peer3 4 4 0.003 -2.536 0.008 -2.68342255531504 2.0230090155658e-17 0.002
SCZ_pwy309_peer1 2 2 0.011 4.431 0.043 4.43208105424798 2.58798227463912e-21 0.328
SCZ_pwy310_peer3 2 2 0.093 2.706 0.244 2.72056956045297 6.7224170988569e-21 0.361
SCZ_pwy317_peer2 2 2 0.022 3.62 0.076 3.63135711528443 2.19713632968178e-16 0.457
SCZ_pwy318_peer4 2 2 0.993 0.025 0.965 -0.3476136420235 0.163555365904201 0.889
SCZ_pwy319_peer3 2 2 0.966 -0.167 0.881 -0.194691531218312 0.573160819413746 0.877
SCZ_pwy320_peer3 2 0 0.115 -0.238 0.309 -0.231262308127426 5.93206315579113e-23 0.242
SCZ_pwy320_peer4 3 0 0.012 -1.09 0.027 -1.15971487503793 7.23740299803086e-46 0.021
SCZ_pwy321_peer3 3 0 0.865 -0.162 0.906 -0.354515916201973 2.06977697609928e-05 0.69
SCZ_pwy321_peer4 2 0 0.097 0.324 0.296 0.315915670682418 3.79920260199251e-23 0.237
SCZ_pwy321_peer5 2 0 0.128 -0.366 0.316 -0.353749959341066 8.40057272749275e-23 0.246
SCZ_pwy325_peer4 2 0 0.118 -0.25 0.311 -0.242468465214178 6.36130511410205e-23 0.244
SCZ_pwy325_peer5 2 0 0.08 -0.774 0.265 -0.757694832641094 2.67416301481548e-23 0.238
SCZ_pwy326_peer4 2 0 0.116 0.245 0.309 0.23715071421537 6.10464972719619e-23 0.244
SCZ_pwy326_peer5 2 0 0.079 0.943 0.263 0.922510132359834 2.61566004539159e-23 0.238
SCZ_pwy328_peer5 2 2 0.011 -2.427 0.043 -2.42897729684985 1.27361209313979e-54 0.003
SCZ_pwy330_peer5 2 2 0.143 -2.521 0.181 -2.1505293799655 6.74356714686804e-31 0.091
SCZ_pwy39_peer2 2 2 0.027 -2.291 0.124 -2.27752140355977 7.59320881708014e-15 0.444
SCZ_pwy42_peer3 4 4 0.473 0.67 0.426 0.117119035077135 0.885956116692301 0.887
SCZ_pwy42_peer4 2 2 0.055 -2.017 0.089 -1.9652120575926 4.79971169490516e-32 0.077
SCZ_pwy50_peer4 3 0 0.007 1.543 0.007 1.47336966636579 8.07268552401825e-35 0.129
SCZ_pwy55_peer1 3 3 0.012 3.927 0.005 3.84804845400652 3.10231438700202e-47 0.025
SCZ_pwy65_peer3 2 0 0.652 1.422 0.525 0.747120527023743 0.0024302691647745 0.594
SCZ_pwy67_peer4 3 3 0.631 -0.686 0.606 -0.55478242133634 0.00135481396015429 0.782
SCZ_pwy73_peer1 2 2 0.031 3.359 0.111 3.36007228429064 2.43081501252667e-18 0.454
SCZ_pwy73_peer4 2 2 0.012 1.157 0.042 1.15325362586486 5.99924150000785e-18 0.276
SCZ_pwy79_peer5 2 2 0.067 1.532 0.23 1.53027261890343 1.20014424447045e-19 0.37
SCZ_pwy84_peer2 2 2 0.07 1.175 0.163 1.15610689308116 4.33314345610409e-17 0.363
SCZ_pwy84_peer3 2 2 0.096 0.249 0.181 0.243665978907665 6.11289372895393e-17 0.371
SCZ_pwy84_peer4 2 2 0.098 -0.304 0.185 -0.296834250210212 6.34767851338474e-17 0.371
SCZ_pwy84_peer5 2 2 0.081 0.412 0.171 0.404841652830689 4.92219832379199e-17 0.369
SCZ_pwy85_peer2 2 2 0.098 0.334 0.183 0.327132434515917 6.29234377321392e-17 0.371
SCZ_pwy85_peer3 2 2 0.09 0.273 0.177 0.267562022765623 5.61518494269344e-17 0.373
SCZ_pwy85_peer5 2 2 0.089 0.34 0.177 0.333467793791919 5.49778599544825e-17 0.371
SCZ_pwy89_peer3 2 2 0.138 -0.948 0.217 -0.920663576880654 1.3148049987872e-16 0.388
SCZ_pwy99_peer5 2 2 0.065 -1.826 0.237 -1.8722440290733 2.69197964770346e-42 0.007
T1D_pwy106_peer1 2 2 0.027 -8.615 0.071 -8.6148437306585 3.48852855602374e-28 0.403
T1D_pwy124_peer4 2 2 0.051 4.965 0.136 4.964608781755 1.8926572212744e-21 0.543
T1D_pwy133_peer4 2 2 0.922 0.587 0.821 0.585211576873679 0.18786762155976 0.829
T1D_pwy141_peer2 3 2 0.774 -1.746 0.64 -0.648777379531007 0.250525046660457 0.797
T1D_pwy146_peer1 2 2 0.908 5.439 0.782 3.53264809306606 0.0595718919563045 0.764
T1D_pwy147_peer4 3 3 0.007 -4.027 0.046 -4.04824689587214 6.07433331043995e-35 0.362
T1D_pwy162_peer3 2 2 0.79 -2.201 0.641 -0.420104402392887 0.540316677686776 0.917
T1D_pwy203_peer2 2 2 0.055 -5.219 0.026 -4.82169155099183 1.74561762436266e-24 0.177
T1D_pwy224_peer3 2 2 0.554 -4.028 0.559 0.660177035637759 0.200342242186342 0.973
T1D_pwy225_peer4 2 2 0.061 -3.309 0.054 -2.9369377880061 2.66191829942957e-24 0.226
T1D_pwy22_peer5 2 2 0.995 -0.02 0.991 -0.148107258947866 0.559763269816023 0.941
T1D_pwy237_peer4 2 2 0.076 4.196 0.184 4.19615750595731 4.74188229549563e-18 0.589
T1D_pwy23_peer4 2 2 0.004 2.755 0.009 2.75452809905906 3.80362251193373e-22 0.529
T1D_pwy295_peer2 2 2 0.953 1.08 0.916 -2.92983209198619 0.0101840789011671 0.696
T1D_pwy332_peer3 2 2 0.673 3.999 0.565 4.33529831736484 5.33215095311272e-19 0.518
T1D_pwy56_peer1 2 2 0.186 -53.553 0.217 -47.9394423334341 1.6787471458075e-116 0.049
T1D_pwy67_peer2 2 2 0.914 0.417 0.824 -0.0101182766533773 0.978688135610299 0.995
T1D_pwy90_peer3 2 3 0.389 2.608 0.369 -1.18624570415274 0.000179741240411401 0.692
T1D_pwy94_peer5 2 2 0.136 2.302 0.309 2.30213983071065 4.66174645304845e-32 0.347
T2D_2_pwy127_peer3 3 3 0.283 6.173 0 12.2456393379462 0.0236414832033676 0
T2D_2_pwy156_peer5 2 2 0.509 1.325 NA 2.72550041161945 0.453254912629756 NA
T2D_2_pwy15_peer3 4 4 0.274 3.023 NA 8.32158275010845 0.0225422435122733 NA
T2D_2_pwy164_peer5 2 2 NaN 0 NA 0 NaN NA
T2D_2_pwy231_peer5 2 2 0.625 1.046 NA 3.39425502758628 0.0217837584104599 NA
T2D_2_pwy233_peer4 3 3 0.868 0.646 0.5 4.85581024425408 0.16234494280311 0.5
T2D_2_pwy248_peer2 3 3 0.894 -0.362 0.75 -2.70578847238642 0.202391926642704 0.5
T2D_2_pwy261_peer4 3 3 0.273 2.053 0 3.98219575710739 0.022951397892875 0
T2D_2_pwy274_peer2 2 2 0.852 -3.206 NA -9.76357401409792 0.141254001011067 NA
T2D_2_pwy287_peer4 2 2 0.567 -3.437 NA -8.67630276045056 0.0217837742170579 NA
T2D_2_pwy48_peer4 3 3 0.286 632127.46 0 1286930.19607563 0.0205390332020158 0
T2D_2_pwy57_peer5 3 3 0.495 0.906 0.25 3.55992001241825 0.453255047262758 0
T2D_2_pwy58_peer1 4 4 0.318 4.443 NA 13.8764077024236 0.0255263347091607 NA
T2D_2_pwy67_peer4 4 4 0.222 10.914 NA 25.6494296150504 0.0212917912019031 NA
T2D_2_pwy91_peer2 3 3 0.509 1.855 0.5 7.697935704048 0.453255042451139 0.25
T2D_pwy102_peer3 2 2 0.007 4.416 0 4.41421234787448 8.87456658159342e-21 0.407
T2D_pwy138_peer4 2 2 0.088 -5.125 0.121 -5.69866340826708 2.11873324823452e-29 0.099
T2D_pwy283_peer5 2 2 0.754 2.525 0.593 1.63640396637361 0.00393102609548906 0.692
T2D_pwy287_peer5 2 2 0.049 3.785 0.044 3.89621731605916 3.58304683099569e-16 0.33
T2D_pwy324_peer5 2 2 0.837 0.928 0.692 0.248725129268615 0.49139455673168 0.912
T2D_pwy34_peer1 2 2 0.945 0.17 0.813 -0.0912121496948464 0.713861271270459 0.956
T2D_pwy34_peer3 2 2 0.004 -2.28 0 -2.27926884297396 6.85248224263762e-26 0.385
TC_pwy109_peer5 2 2 0.907 -9.857 0.899 -44.9871263917538 4.18758205340066e-56 0.071
TC_pwy111_peer4 2 2 0.229 2.024 0.349 1.36647305914954 1.44997801176192e-18 0.338
TC_pwy117_peer1 2 0 0.749 4.057 0.611 3.80742906289586 1.72554254109819e-05 0.697
TC_pwy122_peer5 2 2 0.043 1.17 0.096 1.19828716720674 1.18916866586552e-33 0.358
TC_pwy123_peer3 3 3 0.446 -0.787 0.433 -0.732203165528254 3.85082797365227e-13 0.514
TC_pwy138_peer2 3 3 0.561 0.62 0.536 0.533124167903568 2.76169248574484e-06 0.727
TC_pwy146_peer3 2 2 0.827 0.386 0.691 0.562445047683959 6.27085392363688e-09 0.638
TC_pwy169_peer4 2 2 0.908 0.136 0.848 -0.00503903204577465 0.956864248933407 0.997
TC_pwy193_peer4 2 0 0.972 -0.016 0.947 0.0192561138303456 0.637984183062745 0.944
TC_pwy193_peer5 2 0 0.231 0.089 0.258 0.098180453870637 1.09746564575522e-26 0.38
TC_pwy210_peer4 2 2 0.851 0.273 0.728 0.529551557101788 3.09373841837808e-12 0.614
TC_pwy237_peer2 2 2 0.069 -2.957 0.142 -2.91668195901256 1.17805200269059e-44 0.348
TC_pwy238_peer5 2 0 0.221 -0.088 0.256 -0.0967009537584322 5.04748522451456e-27 0.379
TC_pwy252_peer5 2 2 0.223 -0.526 0.329 -0.625398296439019 3.65865396421466e-44 0.268
TC_pwy255_peer1 2 2 0.515 -9.969 0.502 -3.74197743980004 0.00419698579065697 0.623
TC_pwy257_peer1 2 2 0.139 -2.416 0.229 -2.60154508516444 2.50787109831038e-31 0.333
TC_pwy260_peer5 3 3 0.972 -0.024 0.976 0.437730773423827 5.12631463443333e-23 0.448
TC_pwy272_peer3 2 2 0.291 0.927 0.25 -0.210214646166882 0.00019579432510047 0.995
TC_pwy272_peer5 2 2 0.076 -0.502 0.112 -0.522847969901903 4.36677353625976e-32 0.344
TC_pwy278_peer3 2 2 0.226 -1.034 0.38 -1.02302802810082 2.96715706745455e-85 0.213
TC_pwy281_peer1 2 0 0.019 1.198 0.038 1.19884584805199 2.1068056594828e-15 0.624
TC_pwy281_peer3 3 3 0.011 0.4 0.029 0.418543040329173 1.82190172295803e-42 0.33
TC_pwy297_peer2 5 5 0.915 0.029 0.919 0.100387970508565 0.691535191913459 0.719
TC_pwy304_peer3 3 0 0.01 -0.788 0.034 -0.812502347069938 1.58531569577691e-31 0.389
TC_pwy308_peer4 2 2 0.015 0.673 0.013 0.693257852307651 3.28687329641426e-22 0.285
TC_pwy309_peer1 2 2 0.879 0.343 0.812 0.0270369702293747 0.860401359069516 0.99
TC_pwy310_peer1 3 3 0.039 -7.859 0.1 -7.99003085846987 1.5121279198054e-53 0.318
TC_pwy313_peer4 2 2 0.633 -0.622 0.543 -0.232611632711623 0.00437467201746631 0.766
TC_pwy31_peer5 2 2 0.645 0.346 0.579 0.00519609526209999 0.91138732414871 0.995
TC_pwy320_peer3 2 0 0.239 -0.087 0.258 -0.0959273228912886 2.1405982885223e-26 0.38
TC_pwy321_peer4 2 0 0.228 0.13 0.257 0.143849684868614 8.67891804381015e-27 0.38
TC_pwy321_peer5 2 0 0.231 -0.122 0.258 -0.135080917698602 1.15167288335737e-26 0.381
TC_pwy322_peer4 2 2 0.627 -0.33 0.601 -0.0951250462183597 0.187229244277738 0.789
TC_pwy323_peer3 2 2 0.118 0.495 0.184 0.518158618989086 6.47520206534768e-28 0.417
TC_pwy325_peer4 2 0 0.223 -0.089 0.257 -0.098275660367583 5.90235169625738e-27 0.381
TC_pwy326_peer4 2 0 0.23 0.088 0.258 0.0972632497273939 1.0148564143298e-26 0.38
TC_pwy331_peer4 2 0 0.036 -0.676 0.053 -0.665894017579772 2.91253621939004e-38 0.327
TC_pwy45_peer5 3 3 0.587 0.174 0.558 0.122478131574712 0.00106797929274129 0.846
TC_pwy49_peer3 2 2 0.707 -0.401 0.598 -0.29238791613066 9.12460136771245e-08 0.657
TC_pwy50_peer3 2 2 0.139 0.89 0.191 0.705026341058772 9.99224880997096e-30 0.323
TC_pwy57_peer2 2 2 0.707 0.652 0.598 0.513222683267381 1.06460447246646e-09 0.662
TC_pwy74_peer1 4 4 0.55 0.411 0.562 0.69513334991256 0.271231791540576 0.352
TC_pwy79_peer4 2 2 0.077 -1.416 0.058 -1.26582899464751 4.98446382437037e-99 0.01
TC_pwy84_peer2 2 2 0.997 -0.003 0.995 0.0266684372897097 0.635634315184067 0.96
TC_pwy85_peer4 2 2 0.328 0.158 0.41 0.13523065824852 2.49127123186984e-23 0.307
TC_pwy87_peer3 2 2 0.714 -0.224 0.589 -0.212231029457306 1.98409246983097e-10 0.657
TG_pwy111_peer4 2 0 0.019 1.157 0.027 1.1623421995645 1.20759159112237e-24 0.429
TG_pwy112_peer3 2 2 0.758 -0.269 0.702 -0.0824101264922046 0.282838256416925 0.917
TG_pwy115_peer5 2 2 0.022 -1.248 0.043 -1.25425298823984 8.1437851674362e-53 0.36
TG_pwy133_peer3 2 2 0.932 -0.15 0.901 -0.341183616001298 8.78544600039628e-05 0.758
TG_pwy140_peer2 2 2 0.892 0.247 0.87 -0.461710580009073 0.00227839696456415 0.791
TG_pwy141_peer1 2 2 0.108 1.835 0.202 1.7798421209031 1.35660304877628e-25 0.501
TG_pwy15_peer5 2 2 0.72 -0.286 0.663 -0.345364095756506 1.77652849014144e-20 0.58
TG_pwy164_peer2 2 2 0.923 0.098 0.857 0.332799262059349 2.88106660964181e-08 0.669
TG_pwy184_peer4 2 2 0.785 0.522 0.664 1.02466897498076 4.88363621466993e-41 0.363
TG_pwy187_peer1 2 0 0.998 0.02 0.998 0.0200941536465042 0.981429694862194 0.998
TG_pwy188_peer2 2 2 0.803 0.4 0.729 0.0337950958926431 0.793333326248411 0.97
TG_pwy193_peer1 2 2 0.161 -1.52 0.206 -1.27577576190262 7.73104362216903e-20 0.208
TG_pwy193_peer4 6 0 0 0.327 0.002 0.339571861831427 2.81922080958501e-32 0.002
TG_pwy193_peer5 5 0 0.111 -0.057 0.131 -0.02245175605603 0.577347915745919 0.555
TG_pwy202_peer3 2 0 0.15 0.801 0.229 0.832343362556772 9.83494020281033e-32 0.402
TG_pwy204_peer3 2 2 0.47 -1.134 0.456 -0.429883205057785 2.01670267835641e-12 0.629
TG_pwy205_peer3 2 0 0.033 -0.795 0.06 -0.78931989633189 1.32465188574867e-24 0.436
TG_pwy210_peer4 3 3 0.746 -0.216 0.781 -0.13456802549469 0.0283500835338825 0.899
TG_pwy210_peer5 2 2 0.939 -0.058 0.882 -0.0312461930473808 0.625519108785408 0.935
TG_pwy213_peer4 2 2 0.166 0.782 0.224 0.754440499793039 5.98333165700256e-42 0.349
TG_pwy229_peer5 2 2 0.077 -0.472 0.143 -0.473643533797262 2.71244545762137e-25 0.616
TG_pwy238_peer3 2 0 0.708 -0.186 0.583 -0.0138353942135755 0.720736969717621 0.985
TG_pwy238_peer5 5 0 0.111 0.056 0.132 0.0220149536006736 0.580758079822822 0.556
TG_pwy240_peer4 2 2 0.834 0.182 0.779 -0.0905467353440848 0.120257406713897 0.707
TG_pwy245_peer4 2 2 0.961 -0.033 0.926 -0.0493301453612278 0.32304471242315 0.905
TG_pwy246_peer4 2 2 0.127 1.258 0.108 0.902399607997618 5.79578411593057e-48 0.194
TG_pwy252_peer1 2 2 0.007 0.838 0.019 0.839210545560986 5.91021468136943e-32 0.503
TG_pwy252_peer3 2 2 0.013 0.372 0.026 0.37196237939078 5.0198670474912e-22 0.589
TG_pwy283_peer4 2 2 0.075 1.826 0.079 1.30406600948604 2.53023765511296e-16 0.371
TG_pwy284_peer3 3 3 0.181 2.978 0.183 0.689472066420897 8.90628544481608e-08 0.699
TG_pwy285_peer3 3 3 0.125 -1.487 0.141 -0.0364915232049397 0.721296701748932 0.962
TG_pwy285_peer4 2 2 0.349 -1.101 0.271 0.013862530783117 0.901666592330595 0.997
TG_pwy292_peer2 3 3 0.683 0.746 0.705 0.163677871682535 0.401802362777496 0.945
TG_pwy292_peer4 2 2 0.103 -1.683 0.167 -1.69122577422502 9.01610312592207e-43 0.396
TG_pwy293_peer5 2 2 0.986 -0.024 0.973 -0.0970115295483858 0.326760600833149 0.889
TG_pwy295_peer3 2 2 0.84 0.288 0.723 0.348007119975773 0.00269925700556783 0.77
TG_pwy298_peer4 2 2 0.112 -1.074 0.159 -1.09048761803646 4.41429726032033e-24 0.558
TG_pwy304_peer5 2 2 0.043 -0.771 0.05 -0.712053185062317 1.83956740625288e-21 0.462
TG_pwy309_peer4 2 2 0.98 0.023 0.962 0.0657996351186168 0.320564547430873 0.916
TG_pwy313_peer4 3 0 0.726 0.286 0.737 0.539951122456749 6.26764532837298e-11 0.66
TG_pwy320_peer3 5 0 0.111 0.056 0.133 0.022446059890069 0.576191070292134 0.554
TG_pwy320_peer4 5 0 0 -0.251 0 -0.24696087530019 7.75344667485047e-26 0
TG_pwy320_peer5 3 3 0.003 -0.267 0.002 -0.26346426440071 1.29901637782101e-29 0.297
TG_pwy321_peer3 5 0 0.081 0.184 0.11 0.103087591985154 0.438511565919142 0.4
TG_pwy321_peer4 5 0 0.1 -0.077 0.091 -0.0321236201300928 0.540955915392552 0.492
TG_pwy321_peer5 5 0 0.131 0.088 0.142 0.0296977306003308 0.637579030159182 0.62
TG_pwy323_peer1 3 3 0.495 0.675 0.432 0.705591735257631 7.59244392425144e-20 0.559
TG_pwy325_peer4 5 0 0.122 0.06 0.142 0.0216305693618709 0.614633273497863 0.586
TG_pwy325_peer5 4 0 0.032 0.153 0.029 0.11859574556349 0.111432922775169 0.102
TG_pwy326_peer4 5 0 0.117 -0.059 0.137 -0.0222512331903166 0.596948103557283 0.572
TG_pwy326_peer5 3 0 0.117 -0.176 0.126 -0.107148680677243 5.96318903310256e-14 0.468
TG_pwy331_peer4 5 5 0.184 -1.135 0.166 -0.484180690900288 0.434810644049387 0.519
TG_pwy42_peer1 2 2 0.022 1.89 0.042 1.8846691980922 6.79222785649281e-133 0.15
TG_pwy42_peer4 2 0 0.081 -0.597 0.136 -0.598257170888961 4.30629046494325e-35 0.205
TG_pwy50_peer1 2 2 0.008 -0.759 0.01 -0.759774983699728 2.46409767043176e-25 0.594
TG_pwy74_peer5 2 2 0.145 0.554 0.202 0.494904043786077 9.61426972613787e-25 0.485
TG_pwy84_peer4 2 2 0.001 0.213 0.001 0.211935141780212 5.66790663272823e-23 0.329
TG_pwy87_peer5 2 2 0.147 0.356 0.234 0.33401725640763 1.3641737026505e-66 0.289
TG_pwy89_peer5 2 2 0.331 2.422 0.382 1.85266498456089 3.05108806107067e-148 0.03
WHR_pwy11_peer3 2 2 0.468 -0.395 0.494 -0.0106227183324635 0.834048177111335 0.995
WHR_pwy11_peer4 2 2 0.547 127.715 0.505 -11.984804843804 0.502692363265121 0.986
WHR_pwy155_peer4 3 3 0.955 -0.05 0.952 0.329801312758711 0.000421990796413763 0.698
WHR_pwy161_peer2 2 2 0.896 0.315 0.738 0.0199107305404147 0.933002319630579 0.967
WHR_pwy198_peer5 2 2 0.141 -1.115 0.403 -1.18671417829939 1.27415844135677e-47 0.016
WHR_pwy20_peer5 2 2 0.003 -0.481 0.002 -0.481755124226536 6.14204276715972e-18 0.351
WHR_pwy267_peer3 2 2 0.823 -0.173 0.637 0.0527833079770833 0.476101999743116 0.886
WHR_pwy306_peer4 2 2 0.777 0.2 0.6 -0.0042992137982247 0.94997180628753 0.978
WHR_pwy311_peer5 2 2 0.039 -0.735 0.173 -0.732066364573406 7.36316443302289e-19 0.378
WHR_pwy320_peer3 2 2 0.855 -0.04 0.602 -0.0404851001728044 0.00321074914762261 0.581
WHR_pwy322_peer1 2 2 0.118 3.129 0.354 3.24515709795358 1.06530499958214e-21 0.111
WHR_pwy74_peer1 4 4 0.161 0.784 0.118 0.633179939309936 0.20348276755639 0.196
allergy_pwy104_peer4 2 2 0.98 0.044 0.934 -0.0205619670143716 0.826755772776112 0.966
allergy_pwy113_peer5 2 2 0.902 0.238 0.765 0.0718493303581665 0.637331997096245 0.923
allergy_pwy130_peer4 4 0 0.998 0.003 0.999 -0.313876871580638 0.716255530030204 0.714
allergy_pwy134_peer1 2 2 0.023 -2.248 0.066 -2.26256015920489 2.44069454300896e-18 0.387
allergy_pwy136_peer5 2 2 0.966 -0.073 0.904 0.0146331275755767 0.915686265765114 0.985
allergy_pwy155_peer5 4 4 0.861 -0.124 0.848 0.0374702995976287 0.954344636041831 0.931
allergy_pwy15_peer5 2 2 0.044 -0.5 0.066 -0.511435106005241 6.85575768988523e-16 0.336
allergy_pwy162_peer3 2 2 0.913 0.236 0.855 -0.254634199527825 0.178493422414926 0.783
allergy_pwy172_peer3 2 0 0.072 0.383 0.127 0.397863413626969 9.94914505955225e-18 0.305
allergy_pwy180_peer2 2 2 0.988 -0.044 0.974 0.0345700069257124 0.904207229684046 0.983
allergy_pwy182_peer3 3 3 0.804 0.188 0.846 0.383497806911476 6.22129632874863e-08 0.603
allergy_pwy190_peer1 2 2 0.943 -1.257 0.878 0.864240368274115 0.574239139182222 0.885
allergy_pwy193_peer3 3 3 0.783 -0.123 0.776 -0.223090340497134 6.212567480401e-08 0.645
allergy_pwy193_peer4 5 0 0.068 -0.458 0.079 -0.352117173519052 0.041322267712053 0.155
allergy_pwy193_peer5 11 0 0.001 0.11 0.002 0.0715120796078652 0.00461630067024998 0.045
allergy_pwy195_peer3 4 4 0.13 1.148 0.145 0.279166288635729 0.709506363949798 0.729
allergy_pwy196_peer4 2 2 0.879 0.603 0.728 1.15216347653931 1.51004532457406e-08 0.537
allergy_pwy202_peer3 2 2 0.668 -0.973 0.536 -0.472310131407434 0.0014339377871171 0.69
allergy_pwy219_peer5 3 3 0.009 1.046 0.007 1.1359783270345 5.32308362737001e-39 0.029
allergy_pwy221_peer3 4 4 0.115 -1.5 0.115 -0.99479147986291 0.256296216033134 0.304
allergy_pwy222_peer5 2 2 0.772 -0.295 0.634 0.00307761060174522 0.975884181176568 0.995
allergy_pwy224_peer4 2 2 0.059 1.181 0.159 1.15877964761924 2.0611588100742e-18 0.474
allergy_pwy236_peer4 3 0 0.154 -1.089 0.131 -0.481756740255723 0.000102849617551301 0.625
allergy_pwy238_peer3 8 8 0.187 0.366 0.201 0.267719515386295 0.23544552613257 0.39
allergy_pwy238_peer5 11 0 0.001 -0.108 0.002 -0.0706233785079603 0.00501839558983911 0.048
allergy_pwy243_peer1 2 2 0.979 0.037 0.934 0.147384910158778 0.229944528328905 0.838
allergy_pwy245_peer3 3 3 0.594 0.382 0.612 -0.423204152913965 1.30310496501398e-06 0.58
allergy_pwy245_peer5 3 3 0.019 0.868 0.102 0.85084079611017 1.05539490064729e-24 0.336
allergy_pwy247_peer4 2 2 0.117 1.463 0.259 1.40901161995226 1.58376196604539e-31 0.114
allergy_pwy258_peer4 2 2 0.241 -3.168 0.407 -2.86124275285462 5.57727411458467e-48 0.077
allergy_pwy314_peer3 3 3 0.614 -0.67 0.599 -0.566867530183385 0.000263323816162968 0.779
allergy_pwy315_peer3 2 2 0.143 -2.659 0.322 -2.61101023936709 1.02047492890907e-35 0.237
allergy_pwy316_peer5 3 3 0.15 -1.046 0.134 -0.357780312254703 0.000190447940178443 0.653
allergy_pwy320_peer3 11 0 0.001 -0.108 0.002 -0.0701753896437495 0.00545978318048518 0.05
allergy_pwy320_peer4 4 0 0.011 0.536 0.035 0.446005055369368 7.31308639226659e-12 0.028
allergy_pwy321_peer3 7 0 0.03 -0.337 0.039 -0.22198635726415 0.0511065497319129 0.199
allergy_pwy321_peer4 11 0 0.001 0.154 0.002 0.1049374342748 0.00221263929688789 0.023
allergy_pwy321_peer5 9 0 0.007 -0.15 0.013 -0.0897456647100325 0.0239348571124099 0.135
allergy_pwy322_peer4 2 0 0.897 -0.165 0.738 0.0623626279149175 0.54184810364433 0.953
allergy_pwy325_peer3 3 0 0.086 0.721 0.194 0.668531678738182 1.38487786800639e-48 0.155
allergy_pwy325_peer4 11 0 0.001 -0.113 0.002 -0.0724733403585961 0.00674697187041948 0.056
allergy_pwy325_peer5 10 0 0 -0.357 0.002 -0.263169907229386 2.16263345571283e-05 0.012
allergy_pwy326_peer4 11 0 0.001 0.111 0.002 0.0713766677769641 0.00669373933534203 0.056
allergy_pwy326_peer5 6 0 0.004 0.408 0.012 0.295304406977644 1.22788704819849e-05 0.036
allergy_pwy330_peer4 2 2 0.871 0.147 0.745 0.114634761150797 0.170344197143688 0.82
allergy_pwy331_peer4 7 0 0 0.845 0 0.967598894468442 7.86863088379425e-14 0.002
allergy_pwy54_peer3 2 2 0.815 -0.529 0.615 -0.444381872054557 0.00131276083072572 0.67
allergy_pwy60_peer3 2 0 0.422 -0.331 0.42 -0.158650949225892 0.00035250355646861 0.594
allergy_pwy68_peer3 2 2 0.899 0.109 0.741 0.0391109607753402 0.628255928321112 0.881
allergy_pwy89_peer2 2 0 0.028 -2.498 0.036 -2.54812198071536 3.1250571813995e-18 0.311
allergy_pwy89_peer3 3 3 0.303 -0.656 0.295 -0.402280226541038 2.58543244745556e-06 0.617
allergy_pwy90_peer2 2 2 0.919 -0.155 0.832 -0.422490465264419 7.79090396526465e-06 0.622
asthma_2_pwy115_peer5 2 2 0.013 -28.224 0.046 -28.2585680243616 0 0
asthma_2_pwy117_peer1 3 0 0.108 -206.805 0.119 -262.172241952295 0 0
asthma_2_pwy124_peer3 2 2 0.951 -3.038 0.64 -5.72239848049283 2.75260057848073e-131 0.583
asthma_2_pwy155_peer2 2 0 0.952 4.416 0.887 -12.6914696234433 2.53152502996577e-200 0.786
asthma_2_pwy159_peer3 2 2 0.108 -25.405 0.069 -28.3724308617014 0 0
asthma_2_pwy160_peer4 2 2 0.061 26.924 0.134 26.9029306734763 0 0
asthma_2_pwy168_peer2 2 0 0.96 -3.009 0.889 11.1199287770232 7.22107751160874e-226 0.786
asthma_2_pwy177_peer1 2 2 0.983 14.461 0.851 -3.83522043630673 0.283872929628288 0.915
asthma_2_pwy180_peer3 3 0 0.254 10.38 0.137 15.169055504638 0 0
asthma_2_pwy186_peer5 2 2 0.107 10.143 0.002 11.2525690913402 0 0
asthma_2_pwy189_peer4 2 0 0.981 0.626 0.856 2.71320821376859 3.09491910995315e-81 0.418
asthma_2_pwy18_peer1 3 3 0.371 -20.868 0.45 -18.7611300549542 0 0
asthma_2_pwy190_peer1 2 0 0.23 259.908 0.553 282.163583004705 0 0
asthma_2_pwy193_peer3 4 0 0.008 8.799 0.056 9.45264259427934 2.15836102769722e-11 0.058
asthma_2_pwy193_peer4 17 0 0.012 3.791 0.031 5.4926496844329 4.39134769521362e-07 0.001
asthma_2_pwy193_peer5 28 0 0.047 -0.592 0.08 -0.862813514673794 0.00401289605995087 0.018
asthma_2_pwy1_peer3 3 0 0.005 25.686 0.129 26.7219806373689 0 0
asthma_2_pwy202_peer3 2 2 0.007 28.518 0.038 28.5107595998343 0 0
asthma_2_pwy210_peer3 2 2 0.964 -1.559 0.869 4.64577164598656 1.58932392880922e-121 0.848
asthma_2_pwy213_peer5 2 0 0.198 12.929 0.54 13.5180265616108 0 0
asthma_2_pwy224_peer4 4 4 0.389 -10.275 0.415 -12.949376277056 0.201951360198954 0.397
asthma_2_pwy224_peer5 3 0 0.511 -12.594 0.562 -7.39785736593847 0 0
asthma_2_pwy238_peer3 14 0 0.318 -1.686 0.318 -2.67720473023999 0.133200715198127 0.138
asthma_2_pwy238_peer5 28 0 0.043 0.602 0.075 0.875475213298181 0.00316180802585531 0.015
asthma_2_pwy239_peer3 2 0 0.089 -7795.126 0.292 -8093.81423865785 0 0
asthma_2_pwy242_peer2 2 2 0.683 9.873 0.441 -17.6068203396867 0 0
asthma_2_pwy246_peer5 2 0 0.363 -9.373 0.675 -18.4260382635918 0 0
asthma_2_pwy265_peer3 2 2 0.972 -2.275 0.718 2.82202948386364 2.78069672647444e-19 0.684
asthma_2_pwy267_peer4 2 0 0.726 -4.641 0.834 9.16264845469768 0 0
asthma_2_pwy272_peer4 3 0 0.617 4.08 0.758 7.29809297527738 0 0
asthma_2_pwy278_peer3 4 0 0.94 0.851 0.83 -0.22056207997381 0.983342023105688 0.925
asthma_2_pwy281_peer4 2 0 0.073 -6.399 0.104 -6.69642672111943 0 0
asthma_2_pwy283_peer1 2 2 0.9 44.943 0.434 31.8956623232709 4.98698399094406e-68 0.44
asthma_2_pwy283_peer4 4 4 0.465 17.592 0.404 18.403084214638 0.382794082321586 0.365
asthma_2_pwy285_peer1 2 2 0.992 -5.427 0.888 -28.4631635683334 1.28657722998782e-28 0.65
asthma_2_pwy285_peer3 2 2 0.866 5.684 0.889 -4.75181185112413 6.03196250856371e-104 0.426
asthma_2_pwy287_peer4 2 2 0.083 24.663 0.639 24.0020623719709 0 0
asthma_2_pwy289_peer5 2 2 0.916 2.541 0.952 -4.77117858529793 1.0950989637482e-87 0.351
asthma_2_pwy299_peer5 2 0 0.056 26.418 0.269 27.1174463604458 0 0
asthma_2_pwy305_peer4 2 0 0.709 4.843 0.953 0.767473844958262 5.2384792393941e-10 0.956
asthma_2_pwy309_peer5 3 3 0.871 1.145 0.506 -8.5543528449846 0 0
asthma_2_pwy315_peer3 2 2 0 -44.394 0.006 -44.3919523858359 0 0
asthma_2_pwy319_peer5 2 2 0.872 5.355 0.757 3.71459297091354 3.91401206874818e-97 0.752
asthma_2_pwy320_peer3 29 0 0.035 0.623 0.07 0.883474122185274 0.00247686786013423 0.015
asthma_2_pwy320_peer4 18 0 0.484 -1.286 0.384 -2.99863827270627 0.137198354729778 0.112
asthma_2_pwy320_peer5 2 0 0.059 -7.018 0.247 -7.03191342705951 0 0
asthma_2_pwy321_peer3 17 17 0.09 2.225 0.102 3.81952665130438 0.00460707017399398 0.044
asthma_2_pwy321_peer4 28 0 0.094 -0.676 0.108 -1.10967374680127 0.00704257415284502 0.023
asthma_2_pwy321_peer5 26 0 0.026 0.995 0.066 1.33169324666981 0.00158983508691935 0.032
asthma_2_pwy322_peer4 2 0 0.062 -12.064 0.104 -12.5412480053709 0 0
asthma_2_pwy324_peer5 2 0 0.729 -5.755 0.701 6.34618018607573 0 0
asthma_2_pwy325_peer3 11 0 0.468 -1.531 0.55 -3.09862079323919 0.18782945637725 0.355
asthma_2_pwy325_peer4 29 0 0.031 0.673 0.064 0.93494207977998 0.00234029092670145 0.015
asthma_2_pwy325_peer5 26 0 0.268 1.035 0.156 2.39264927589609 0.0170119124078619 0.018
asthma_2_pwy326_peer3 2 0 0.978 0.147 0.975 0.839229026882257 1.93353793398373e-20 0.302
asthma_2_pwy326_peer4 29 0 0.031 -0.656 0.064 -0.918825806313806 0.00221913567814481 0.015
asthma_2_pwy326_peer5 17 0 0.58 -0.636 0.513 -1.76525244501693 0.119920817583301 0.192
asthma_2_pwy327_peer1 2 0 0.407 -14.207 0.209 -19.0651005113822 0 0
asthma_2_pwy331_peer3 3 0 0.66 -7.707 0.569 -7.01529645318204 0 0
asthma_2_pwy331_peer4 8 0 0.008 10.929 0.021 12.4895285560182 0.00632927563725646 0.034
asthma_2_pwy46_peer5 2 2 0.134 -11.443 0.62 -12.0094641711739 0 0
asthma_2_pwy50_peer4 2 0 0.053 15.843 0.221 15.9643811974116 0 0
asthma_2_pwy50_peer5 2 2 0.345 -6.996 0.646 -10.1491797803505 0 0
asthma_2_pwy54_peer3 2 2 0.997 -0.179 0.952 2.08638371014366 7.24634771612925e-27 0.638
asthma_2_pwy68_peer3 2 0 0.127 -4.149 0.308 -3.9981697767393 0 0
asthma_2_pwy78_peer5 2 0 0.811 -2.055 0.76 2.11346323097152 2.75757945249257e-204 0.614
asthma_2_pwy81_peer2 2 2 0.024 21.415 0.272 21.4272684352472 0 0
asthma_2_pwy82_peer1 2 2 0.885 -3.219 0.754 3.24318344536934 1.9026077728824e-101 0.606
bmi_pwy104_peer2 3 3 0.721 0.132 0.751 0.0910064858541737 0.0421358574568908 0.876
bmi_pwy105_peer5 2 2 0.766 0.167 0.599 -0.0167248537776538 0.747391806711307 0.97
bmi_pwy110_peer2 6 6 0.614 -0.33 0.589 -0.238511607114856 0.680768287667473 0.646
bmi_pwy123_peer1 2 2 0.914 1.189 0.774 1.73462395319127 0.0423335513203585 0.744
bmi_pwy123_peer2 2 2 0.312 -5.71 0.488 -5.90018180774992 2.2394972280432e-131 0.011
bmi_pwy155_peer2 3 3 0.003 1.329 0.025 1.31704137401428 1.46935415335958e-24 0.299
bmi_pwy162_peer3 2 2 0.113 -1.121 0.173 -0.923372344382742 1.56334891982644e-15 0.359
bmi_pwy169_peer1 2 2 0.114 -3.631 0.279 -3.51424362571474 2.89558499913004e-15 0.277
bmi_pwy186_peer3 2 2 0.098 1.034 0.23 1.00754374425886 1.48151921154428e-34 0.095
bmi_pwy190_peer5 2 2 0.861 0.16 0.712 0.181281170435596 0.00503224646026846 0.7
bmi_pwy198_peer5 2 2 0.858 0.146 0.783 -0.220648398284461 0.000859862376395652 0.681
bmi_pwy209_peer4 2 2 0.911 0.046 0.775 0.0661727079812219 0.0437955368655192 0.727
bmi_pwy210_peer4 2 2 0.92 0.094 0.801 0.204941193706807 0.00291838110373457 0.662
bmi_pwy225_peer5 2 2 0.798 0.088 0.679 -0.00728447622249602 0.832552231211036 0.963
bmi_pwy297_peer3 2 2 0.065 0.339 0.041 0.301042696966028 3.303962383773e-20 0.162
bmi_pwy312_peer1 2 2 0.096 3.243 0.228 3.18867286687134 1.30941165538686e-20 0.354
bmi_pwy314_peer2 2 2 0.014 -1.526 0.038 -1.51939292257581 2.51387240995447e-18 0.441
bmi_pwy320_peer2 2 2 0.063 -0.291 0.133 -0.283517837164045 7.1104917787292e-20 0.266
bmi_pwy329_peer4 2 2 0.502 0.346 0.49 0.0188776034254214 0.684185696576996 0.984
bmi_pwy71_peer2 2 2 0.06 -0.62 0.139 -0.617994136094609 9.85445932163095e-42 0.174
eo_pwy100_peer1 2 2 0.196 0.565 0.154 0.587143356038809 4.80587407540998e-26 0.214
eo_pwy107_peer1 3 3 0.266 0.355 0.235 0.339302390195931 6.01129247464734e-17 0.369
eo_pwy119_peer4 2 2 0.405 -0.366 0.383 -0.0134637405383241 0.778703362526979 0.984
eo_pwy120_peer2 3 3 0.002 2.14 0.004 2.25753678436315 3.98271871186531e-35 0.163
eo_pwy124_peer3 4 4 0.728 0.226 0.704 -0.212848944457771 0.734906247257307 0.743
eo_pwy128_peer2 2 2 0.009 2.309 0.016 2.30274707209108 1.48397545873809e-21 0.425
eo_pwy148_peer5 4 4 0.485 0.173 0.486 -0.0963250763055714 0.632246979748689 0.667
eo_pwy167_peer3 2 2 0.607 -0.44 0.598 0.186743229183638 0.01508274811209 0.807
eo_pwy170_peer1 2 2 0.598 1.206 0.574 0.359092590727559 0.0853729120369804 0.843
eo_pwy184_peer3 2 0 0.054 1.05 0.018 0.81312807467753 9.70509264838075e-16 0.527
eo_pwy191_peer3 2 0 0.237 -1.429 0.398 -1.45232756961644 3.12948591513407e-52 0.25
eo_pwy192_peer2 2 2 0.081 -1.25 0.05 -1.45844533700232 1.60146830611903e-25 0.204
eo_pwy193_peer3 2 0 0.227 -0.461 0.3 -0.509033922965117 5.95926203060036e-62 0.136
eo_pwy193_peer4 5 0 0.263 -0.193 0.246 -0.188972568439542 0.236352892798779 0.267
eo_pwy193_peer5 8 0 0.117 0.047 0.103 0.0544523264600546 0.0505377197351272 0.066
eo_pwy202_peer4 2 2 0.878 -0.133 0.77 0.00161779667837063 0.984929053420776 0.998
eo_pwy231_peer4 2 2 0.974 0.023 0.948 0.133622846002236 0.0249745088213106 0.787
eo_pwy238_peer3 4 0 0.033 0.427 0.044 0.476585997598648 9.38215802848775e-05 0.043
eo_pwy238_peer5 9 0 0.093 -0.052 0.093 -0.0592047168738727 0.0373258296052484 0.065
eo_pwy254_peer2 2 2 0.936 -0.066 0.886 0.132493477132406 0.0131728558072562 0.768
eo_pwy25_peer3 2 2 0.79 -273.494 0.639 -282.812769595682 2.43607606063029e-08 0.651
eo_pwy25_peer4 2 2 0.793 6037.157 0.644 6246.03865351678 3.73250007422999e-08 0.651
eo_pwy263_peer1 3 3 0.545 1.127 0.496 1.44061449929078 4.23206519014283e-20 0.469
eo_pwy265_peer3 3 0 0.335 -0.84 0.343 -0.479089854694117 1.44905365643429e-06 0.67
eo_pwy268_peer5 2 0 0.725 -0.189 0.636 -0.132501728087415 0.00814501167729621 0.72
eo_pwy280_peer5 3 3 0.367 -0.547 0.388 0.180317797193097 0.000141274986230664 0.736
eo_pwy293_peer5 2 2 0.889 0.158 0.803 -0.113670682240884 0.279470858548244 0.861
eo_pwy295_peer5 2 2 0.133 1.224 0.157 1.0035219278416 8.30546219091472e-29 0.257
eo_pwy296_peer5 2 2 0.437 -0.955 0.434 -0.24082493946651 0.0063674900445495 0.787
eo_pwy299_peer3 2 2 0.04 -1.197 0.087 -1.19168717384528 2.80606010747177e-29 0.419
eo_pwy300_peer2 4 0 0.278 -1.418 0.234 1.42063442539406 0.0915109499532644 0.267
eo_pwy300_peer5 2 2 0.018 -0.639 0.037 -0.637607229287904 1.0739725032735e-29 0.409
eo_pwy302_peer5 2 2 0.765 -0.231 0.622 -0.186799358879607 0.00204148216885978 0.74
eo_pwy303_peer3 3 3 0.919 -0.127 0.93 -0.218098508530377 0.0036655224007743 0.843
eo_pwy304_peer3 3 3 0.574 0.401 0.582 -0.17981327778622 0.00158898717935276 0.79
eo_pwy306_peer4 2 2 0.808 0.215 0.665 -0.089901119717411 0.123573401465513 0.893
eo_pwy314_peer3 2 2 0.598 0.595 0.593 0.0326519501485631 0.783001490216328 0.959
eo_pwy316_peer2 2 2 1 0 0.999 0.00351463672564552 0.982876153234482 0.996
eo_pwy320_peer3 8 0 0.113 -0.047 0.097 -0.053839436075155 0.0487126197961735 0.066
eo_pwy320_peer4 4 0 0.634 0.085 0.602 0.0452007764736113 0.782750265708656 0.777
eo_pwy321_peer3 5 0 0.288 -0.152 0.291 -0.171550334974378 0.181313786428159 0.244
eo_pwy321_peer4 8 8 0.039 0.091 0.048 0.0895302155183197 0.00597583476338595 0.039
eo_pwy321_peer5 7 0 0.068 -0.076 0.055 -0.0880965154980106 0.0100054218078396 0.031
eo_pwy322_peer1 2 0 0.855 -0.681 0.764 0.503555417505947 0.0913398832449655 0.779
eo_pwy325_peer4 9 0 0.089 -0.054 0.091 -0.0616301650790166 0.0350175263752739 0.061
eo_pwy325_peer5 6 0 0.058 -0.179 0.06 -0.205135865007496 0.00309382035543841 0.041
eo_pwy326_peer4 9 0 0.091 0.053 0.092 0.0605888920598971 0.0365423388510882 0.061
eo_pwy326_peer5 5 0 0.101 0.203 0.121 0.236185683014477 0.00697690321213603 0.081
eo_pwy328_peer5 4 0 0.002 -0.592 0.008 -0.59032948728824 3.36910968937307e-26 0.007
eo_pwy331_peer4 2 0 0.899 0.086 0.806 0.166619014415497 0.00164578900930667 0.726
eo_pwy44_peer4 2 2 0.962 0.04 0.921 0.0897335349906823 0.117473600679282 0.808
eo_pwy51_peer4 2 2 0.047 0.407 0.084 0.397055564424202 1.76933706319552e-19 0.508
eo_pwy54_peer3 2 2 0.103 0.944 0.108 0.984944491834176 4.09987741022047e-60 0.115
eo_pwy59_peer1 3 3 0.657 -0.141 0.674 -0.183905713375864 1.90057565760214e-07 0.702
eo_pwy60_peer3 3 3 0.571 -0.119 0.542 -0.149420424384689 4.58269310177013e-13 0.553
eo_pwy6_peer1 2 2 0.007 -1.195 0.003 -1.21346777615793 2.83191819690561e-20 0.243
eo_pwy96_peer3 2 2 0.998 0.003 0.999 0.0949739021213348 0.316896869716847 0.842
gran_pwy105_peer2 2 2 0.583 0.634 0.541 0.0328961251009094 0.685606764227018 0.975
gran_pwy111_peer4 2 2 0.1 -1.377 0.192 -1.31938190957589 1.16732397877314e-23 0.353
gran_pwy140_peer1 4 4 0.834 -1.612 0.813 -7.8416981183019 0.176984076691474 0.263
gran_pwy14_peer2 3 3 0.039 0.601 0.115 0.595490362524061 4.3387188435706e-55 0.16
gran_pwy164_peer4 4 4 0.002 -0.403 0.006 -0.396605613015387 4.06107899930461e-30 0.004
gran_pwy167_peer3 4 0 0.583 0.321 0.572 0.362577748510668 0.551908562756035 0.582
gran_pwy174_peer4 2 2 0.981 0.013 0.957 0.0200588947784044 0.681638154287636 0.947
gran_pwy182_peer3 2 0 0.331 0.648 0.447 0.775334905420467 6.50565570385187e-57 0.154
gran_pwy193_peer3 6 0 0.089 -0.285 0.074 -0.315359937108693 0.0133030912597196 0.063
gran_pwy193_peer4 7 0 0.559 -0.083 0.571 -0.113114812957827 0.407931396714803 0.446
gran_pwy193_peer5 9 0 0.001 0.063 0 0.0661176324990853 7.78450588530615e-07 0
gran_pwy200_peer3 2 2 0.141 -1.156 0.25 -1.07788953318326 2.95213043024715e-22 0.4
gran_pwy206_peer5 2 2 0.023 0.472 0.048 0.472786462857502 3.02253811396038e-17 0.503
gran_pwy209_peer4 2 2 0.585 -0.187 0.576 -0.0034611674560484 0.9254314385915 0.993
gran_pwy211_peer3 2 2 0.047 -1.28 0.077 -1.31092152756442 6.74549894530381e-24 0.371
gran_pwy212_peer2 3 0 0.004 3.301 0.009 3.35917737916032 4.43077293515963e-49 0.133
gran_pwy217_peer2 3 3 0.681 -0.493 0.689 -0.442157907988741 0.000387354108057111 0.572
gran_pwy219_peer3 2 2 0.348 -0.455 0.283 -0.0218033443486612 0.747301929241764 0.987
gran_pwy238_peer2 2 2 0.963 -0.023 0.914 0.0794357773210563 0.0328181733817111 0.803
gran_pwy238_peer3 7 0 0.002 0.361 0.002 0.36942294775601 1.06635738452956e-06 0.002
gran_pwy238_peer5 10 0 0 -0.064 0 -0.067352193603348 3.87987982326113e-07 0
gran_pwy25_peer1 3 3 0.009 -0.453 0.026 -0.443611720380854 7.15616280940184e-30 0.294
gran_pwy25_peer3 3 3 0.016 -504.109 0.047 -488.758390544599 2.03737917555553e-29 0.304
gran_pwy25_peer4 3 3 0.016 11232.432 0.046 10889.6335683899 1.92847451227757e-29 0.304
gran_pwy26_peer1 2 2 0.546 0.975 0.517 -0.0311626725331544 0.859884686649802 0.993
gran_pwy26_peer4 2 0 0.755 -0.249 0.691 0.109895612218283 0.138341748026083 0.886
gran_pwy270_peer2 2 2 0.725 4.317 0.561 3.38494112044881 4.74636032942103e-12 0.599
gran_pwy27_peer3 2 2 0.092 -0.467 0.192 -0.459116380972288 4.67589227463641e-21 0.494
gran_pwy281_peer1 4 0 0.005 1.931 0.015 2.12319184704829 3.35521895368258e-09 0.016
gran_pwy281_peer5 2 2 0.006 -0.277 0.014 -0.276668155530154 1.78536195395345e-15 0.576
gran_pwy285_peer1 2 2 0.015 10.398 0.008 10.1171535067107 4.64887816190555e-32 0.066
gran_pwy297_peer3 2 2 0.663 0.162 0.604 -0.000651281047345236 0.986032559844846 1
gran_pwy30_peer2 2 2 0.715 -0.221 0.588 -0.188376498582509 6.30525600170088e-11 0.466
gran_pwy317_peer2 2 2 0.672 0.52 0.593 0.00728835404967662 0.953848025856549 0.997
gran_pwy317_peer3 5 5 0.554 -0.49 0.565 -0.913000713536503 0.266911618856251 0.336
gran_pwy31_peer3 2 2 0.213 0.826 0.296 0.663429266321353 1.42118954237983e-53 0.136
gran_pwy320_peer3 10 0 0 -0.063 0 -0.066715841269605 6.88327057050309e-07 0.001
gran_pwy320_peer4 2 0 0.185 0.169 0.21 0.182867364034954 7.37495564178606e-28 0.296
gran_pwy321_peer2 3 3 0.661 0.143 0.674 0.0549225121320882 0.0739194758195244 0.877
gran_pwy321_peer3 9 0 0 -0.251 0.002 -0.268117589943836 1.81435006190984e-08 0.002
gran_pwy321_peer4 9 0 0.001 0.089 0 0.0921731906028231 1.24897351233511e-06 0
gran_pwy321_peer5 10 0 0.003 -0.085 0.001 -0.0924349730190806 5.27033673575511e-05 0.001
gran_pwy322_peer4 5 0 0.504 0.187 0.498 0.438419204377156 0.0282677481657692 0.098
gran_pwy325_peer2 3 3 0.646 -0.149 0.651 -0.0616547885323002 0.04597778645017 0.867
gran_pwy325_peer3 4 0 0.087 0.323 0.082 0.374245075697879 0.0123296072993684 0.083
gran_pwy325_peer4 9 0 0.001 -0.065 0 -0.06826773541485 6.54199757594479e-07 0
gran_pwy325_peer5 9 0 0 -0.218 0 -0.217093262056421 2.31523691010971e-08 0
gran_pwy326_peer4 9 0 0.001 0.064 0 0.066938329444191 9.40113219742678e-07 0
gran_pwy326_peer5 12 0 0 0.252 0 0.247008227286765 1.50106568901654e-07 0
gran_pwy327_peer4 2 2 0.09 0.383 0.054 0.475645252619672 1.12594772547134e-23 0.227
gran_pwy328_peer5 2 2 0.704 -0.288 0.634 -0.0161632723799873 0.737071155240694 0.964
gran_pwy331_peer4 2 0 0.111 -0.495 0.189 -0.515962186720778 3.79103150595557e-23 0.239
gran_pwy3_peer3 2 0 0.951 -0.046 0.905 -0.0384725077430621 0.496731327749283 0.925
gran_pwy50_peer4 3 3 0.652 0.186 0.63 0.249455108372206 1.69268848966904e-15 0.436
gran_pwy54_peer5 2 2 0.725 0.237 0.621 0.013679702116202 0.833870093085371 0.985
gran_pwy67_peer5 2 2 0.283 -0.438 0.198 0.0291732365487549 0.504013931199472 0.998
gran_pwy68_peer3 2 2 0.146 0.216 0.083 0.216171961183551 1.63808983476289e-48 0.208
gran_pwy70_peer4 2 2 0.593 -0.475 0.501 -0.354561257286081 7.24603151673513e-16 0.336
gran_pwy92_peer2 2 2 0.034 -0.552 0.06 -0.544274866414463 2.12065799024961e-17 0.49
height_pwy110_peer2 3 3 0.497 -0.207 0.415 -0.149957684164802 2.28428465486434e-07 0.649
height_pwy116_peer1 2 2 0.375 -1.608 0.364 -0.410726371174596 0.00663215406284012 0.785
height_pwy135_peer3 2 2 0.071 -0.304 0.119 -0.323142019292938 3.7964241916207e-24 0.359
height_pwy13_peer5 2 2 0.276 0.219 0.447 0.232440464651568 8.27433148917555e-82 0.118
height_pwy146_peer4 2 2 0.111 0.314 0.199 0.324336539704631 6.19568734318628e-21 0.189
height_pwy168_peer2 3 3 0.798 0.101 0.798 0.221423188349497 3.18892221349007e-08 0.545
height_pwy190_peer4 2 2 0.16 0.433 0.279 0.386957598218655 4.8401734320345e-41 0.249
height_pwy192_peer3 3 3 0.232 0.374 0.245 0.255159077311649 8.73217801785754e-23 0.403
height_pwy193_peer3 3 0 0.054 0.124 0.1 0.139971148216231 1.57914331937629e-50 0.163
height_pwy193_peer4 3 0 0.731 0.039 0.716 0.0425504086647057 1.83658998638796e-10 0.577
height_pwy193_peer5 7 0 0.197 -0.02 0.19 -0.0305874229619031 0.00944545135245694 0.083
height_pwy196_peer3 3 3 0.527 0.301 0.447 0.199130084254133 4.94496061217563e-05 0.754
height_pwy208_peer2 3 3 0.824 -0.036 0.844 -0.122138483333398 2.33082978626028e-14 0.512
height_pwy217_peer1 2 2 0.725 -0.644 0.634 0.28719814606525 0.10887446857848 0.889
height_pwy221_peer5 2 2 0.022 -0.23 0.044 -0.229464771189978 7.71909860825803e-17 0.189
height_pwy231_peer2 2 2 0.853 -0.14 0.71 -0.139668409849241 0.000285157585969331 0.7
height_pwy236_peer1 2 2 0.153 2.161 0.303 2.34091589819289 2.67552897099721e-32 0.066
height_pwy238_peer3 3 0 0.102 -0.099 0.123 -0.113071807744707 1.85789165527969e-44 0.182
height_pwy238_peer5 8 0 0.152 0.021 0.159 0.0322441809106496 0.00507476242638132 0.051
height_pwy240_peer2 3 3 0.488 0.246 0.38 0.25729340929497 3.72209506341738e-27 0.403
height_pwy240_peer3 3 3 0.431 0.189 0.397 -0.0149838298267301 0.340757807747511 0.93
height_pwy251_peer3 2 2 0.279 0.312 0.442 0.335917358915043 1.73154486165303e-47 0.145
height_pwy267_peer5 2 2 0.827 -0.086 0.804 0.376299244455291 1.69613093246009e-70 0.106
height_pwy268_peer2 4 4 0.063 0.483 0.081 0.368595538732173 0.209435847304257 0.304
height_pwy26_peer1 2 2 0.999 0.001 0.998 -0.0487769895101517 0.402319256553169 0.922
height_pwy297_peer2 2 2 0.916 -0.021 0.836 0.0183816565026437 0.295369772486565 0.906
height_pwy310_peer3 3 3 0.019 0.475 0.064 0.469033621136314 9.43870880467798e-48 0.15
height_pwy311_peer5 2 2 0.872 -0.049 0.752 0.0176638254402315 0.475636134023361 0.891
height_pwy316_peer3 2 2 0.057 -0.362 0.086 -0.343715911760028 1.58995494737674e-21 0.036
height_pwy320_peer3 7 0 0.198 0.019 0.187 0.0301598909801008 0.00974137608039214 0.084
height_pwy320_peer4 3 0 0.014 -0.147 0.044 -0.143006812948494 2.78622590843473e-58 0.211
height_pwy320_peer5 2 2 0.869 -0.028 0.738 -0.0113126156371341 0.270746116481064 0.874
height_pwy321_peer3 5 0 0.537 0.045 0.552 0.105808826046192 0.0668508365638854 0.16
height_pwy321_peer4 6 0 0.262 -0.027 0.237 -0.0435244630689389 0.015677439193992 0.101
height_pwy321_peer5 7 0 0.19 0.029 0.184 0.043259304995365 0.0121141564267264 0.087
height_pwy323_peer1 2 2 0.798 -0.136 0.635 -0.107211497686016 0.000208217739059829 0.705
height_pwy324_peer5 2 2 0.829 0.082 0.68 0.0639148783885952 0.00166811290782926 0.717
height_pwy325_peer3 2 0 0.088 -0.119 0.108 -0.131289174405934 7.62429638924885e-23 0.339
height_pwy325_peer4 7 0 0.19 0.021 0.181 0.031394551445939 0.00954785933514205 0.084
height_pwy325_peer5 5 0 0.54 0.04 0.542 0.100312074029056 0.0553338817847017 0.146
height_pwy326_peer4 8 0 0.141 -0.022 0.149 -0.0328907027030334 0.00487106846646964 0.051
height_pwy326_peer5 4 0 0.712 -0.029 0.678 -0.0949456661984914 0.12481514299954 0.266
height_pwy327_peer5 2 2 0.046 0.128 0.109 0.127292853118689 2.52070116112593e-18 0.54
height_pwy329_peer2 2 2 0.963 -0.015 0.929 0.00043245806318408 0.989182698253084 0.995
height_pwy3_peer4 2 2 0.962 0.014 0.911 0.0136258773055293 0.451064075634229 0.912
height_pwy4_peer2 2 2 0.014 -0.145 0.035 -0.145182292579309 2.53888708270946e-27 0.456
height_pwy51_peer4 2 2 0.051 -0.24 0.088 -0.236130067077327 4.55968473735945e-57 0.05
height_pwy55_peer4 3 3 0.589 -0.081 0.545 -0.117828699922102 8.68210919554394e-28 0.335
height_pwy56_peer5 2 2 0.073 -0.432 0.165 -0.42920962308849 7.32033299375784e-61 0.154
height_pwy58_peer2 2 2 0.54 0.119 0.527 0.012185922444625 0.442941329551286 0.963
height_pwy84_peer2 4 4 0.696 0.037 0.668 0.00392582693728111 0.967425974113323 0.966
height_pwy84_peer5 2 2 0.689 -0.059 0.657 0.0591098387481915 4.06612906713891e-09 0.668
height_pwy87_peer5 4 4 0.967 -0.003 0.971 -0.0144319310208459 0.807591284804089 0.813
height_pwy88_peer1 2 2 0.727 -0.355 0.645 -0.134573844521199 0.0866961494405899 0.806
height_pwy91_peer1 2 2 0.048 0.781 0.108 0.787882613762499 3.0465512389709e-25 0.454
lymph_pwy107_peer4 2 2 0.973 -0.024 0.966 0.238924370839017 1.00446900142051e-09 0.613
lymph_pwy116_peer1 2 0 0.799 1.482 0.772 -1.74132978645352 0.000205001472150507 0.716
lymph_pwy13_peer1 4 4 0.001 -0.521 0.007 -0.529868423080102 4.82220833428743e-36 0.006
lymph_pwy149_peer1 2 2 0.692 0.805 0.576 0.551640818105536 5.28451159419365e-05 0.7
lymph_pwy154_peer2 3 3 0.499 0.898 0.496 -0.126590867581522 0.271255266842438 0.935
lymph_pwy159_peer3 3 0 0.297 -1.004 0.283 -0.246276550508381 0.000338877961764506 0.763
lymph_pwy15_peer3 2 0 0.631 0.102 0.602 0.00173663980669625 0.937594656172775 0.996
lymph_pwy160_peer5 2 2 0.607 0.676 0.556 0.13862385222024 0.0665055697947238 0.827
lymph_pwy189_peer3 3 3 0.843 -0.158 0.849 -0.593807896917313 1.1833120037352e-15 0.371
lymph_pwy192_peer4 3 3 0.603 0.271 0.607 0.156652348460673 0.0098495164713296 0.861
lymph_pwy193_peer4 3 0 0.141 -0.402 0.103 -0.279223315608031 5.63212096752338e-23 0.428
lymph_pwy193_peer5 6 0 0.376 0.044 0.352 0.0431605384660607 0.286187159526064 0.395
lymph_pwy195_peer2 4 4 0.722 0.29 0.675 0.182920831213573 0.794989471790378 0.799
lymph_pwy200_peer3 3 3 0.306 -1.031 0.301 -0.218233014600492 0.0239703377586723 0.802
lymph_pwy212_peer2 3 0 0.001 5.118 0.001 5.15374753364353 2.34700086075112e-112 0.015
lymph_pwy216_peer1 3 0 0.502 -1.645 0.518 -0.333236221739193 0.186502535974196 0.872
lymph_pwy225_peer1 2 2 0.738 0.444 0.614 -0.0363863080180082 0.768143555690573 0.985
lymph_pwy231_peer4 2 2 0.092 0.539 0.159 0.527325016344765 3.28060023423499e-23 0.466
lymph_pwy238_peer3 2 0 0.17 0.426 0.243 0.516424723320917 4.60752124725457e-68 0.123
lymph_pwy238_peer5 7 0 0.298 -0.049 0.251 -0.0506519703781303 0.206593160527675 0.332
lymph_pwy240_peer5 2 2 0.02 -0.382 0.022 -0.38929213928621 4.77962724237394e-19 0.46
lymph_pwy241_peer2 2 0 0.984 -0.019 0.972 0.00156161595061298 0.983884540478827 0.994
lymph_pwy251_peer2 2 2 0.038 -0.665 0.061 -0.65467830943191 9.24886124424791e-23 0.465
lymph_pwy252_peer1 2 2 0.444 0.462 0.442 -0.0649231403881461 0.3524312127854 0.973
lymph_pwy268_peer5 2 2 0.785 -0.233 0.649 -0.157522003379358 0.00805895801145826 0.78
lymph_pwy27_peer3 2 2 0.995 0.004 0.99 0.0204467122874317 0.725578229857971 0.964
lymph_pwy281_peer1 2 0 0.099 2.633 0.206 2.65154904154254 1.50652140174904e-86 0.137
lymph_pwy285_peer1 2 2 0.072 14.972 0.089 14.1583817867255 1.23026690817479e-53 0.141
lymph_pwy289_peer4 2 2 0.136 -1.724 0.234 -1.81759701284099 1.16082071113864e-30 0.315
lymph_pwy320_peer3 6 0 0.375 -0.044 0.347 -0.0425403616976218 0.288332978102749 0.398
lymph_pwy321_peer3 7 0 0.606 -0.09 0.588 -0.200013023834996 0.166514256221465 0.234
lymph_pwy321_peer4 6 0 0.345 0.064 0.323 0.0614374887987597 0.28346692337758 0.388
lymph_pwy321_peer5 6 0 0.621 -0.037 0.645 -0.0713162405023574 0.264424446678967 0.37
lymph_pwy325_peer4 8 0 0.255 -0.053 0.244 -0.0567539109359065 0.143175603478218 0.233
lymph_pwy325_peer5 7 0 0.251 -0.139 0.238 -0.147066322140918 0.229559502185141 0.299
lymph_pwy326_peer4 8 0 0.249 0.052 0.237 0.0559360681175525 0.144311984224496 0.235
lymph_pwy326_peer5 7 0 0.375 0.121 0.372 0.0945672030628535 0.489945688695013 0.55
lymph_pwy328_peer5 2 2 0.007 -0.934 0.012 -0.934068311512752 8.22386481643807e-85 0.014
lymph_pwy331_peer4 3 0 0.02 -0.79 0.047 -0.758847182471251 5.24071254282707e-89 0.01
lymph_pwy331_peer5 2 2 0.176 -0.414 0.217 -0.501846833372459 5.92073517442213e-30 0.124
lymph_pwy36_peer3 3 3 0.653 -0.138 0.643 0.199346610579901 2.54157246691311e-08 0.618
lymph_pwy48_peer3 3 0 0.626 -2616.518 0.577 477.303836649005 0.101736672238086 0.861
lymph_pwy4_peer2 2 2 0.034 -0.426 0.045 -0.445194084092558 1.70350094206276e-22 0.308
lymph_pwy62_peer1 2 2 0.107 -0.85 0.188 -0.857572665807909 1.93289758825648e-27 0.413
lymph_pwy71_peer5 2 2 0.121 133.648 0.237 132.16432714472 5.3703888272083e-25 0.394
lymph_pwy86_peer5 3 3 0.006 -0.369 0.019 -0.370748314912541 5.35556963071397e-32 0.381
lymph_pwy90_peer2 5 5 0.613 -0.155 0.625 0.0307816340096013 0.912408026129146 0.916
lymph_pwy95_peer4 2 2 0.127 0.967 0.251 1.02507031138369 2.55718374555064e-26 0.413
myeloid_wbc_pwy111_peer4 2 2 0.114 -1.349 0.223 -1.2845529789551 2.08477396201143e-22 0.401
myeloid_wbc_pwy135_peer5 2 2 0.964 -0.04 0.919 -0.0418815739618413 0.543100263516172 0.921
myeloid_wbc_pwy144_peer4 2 2 0.023 -1.243 0.016 -1.25725740506232 1.47119267469639e-57 0.137
myeloid_wbc_pwy145_peer2 2 2 0.116 -2.183 0.217 -2.25582561066231 2.66525807012047e-21 0.078
myeloid_wbc_pwy14_peer2 3 3 0.032 0.584 0.107 0.580854716020186 3.03590370537682e-52 0.171
myeloid_wbc_pwy165_peer1 2 2 0.087 -8.263 0.167 -7.8504565302117 2.64826444386134e-19 0.464
myeloid_wbc_pwy167_peer3 3 0 0.446 0.546 0.433 0.667160071038198 4.55070400738098e-33 0.187
myeloid_wbc_pwy16_peer5 3 3 0.083 0.648 0.159 0.738721041601454 6.31452646193321e-50 0.197
myeloid_wbc_pwy182_peer3 2 0 0.331 0.655 0.402 0.784782858327641 5.54529282048843e-58 0.151
myeloid_wbc_pwy193_peer3 6 0 0.08 -0.289 0.073 -0.317980443140123 0.0109206839941896 0.055
myeloid_wbc_pwy193_peer4 5 0 0.158 -0.188 0.146 -0.195980310477744 0.138423792281263 0.164
myeloid_wbc_pwy193_peer5 8 0 0 0.062 0.001 0.0628373487005651 1.30687824696936e-07 0.002
myeloid_wbc_pwy206_peer5 2 2 0.033 0.511 0.083 0.512828354002785 6.36309702604975e-20 0.491
myeloid_wbc_pwy210_peer3 3 3 0.005 -0.928 0.008 -0.826980560667325 4.4180562528645e-32 0.248
myeloid_wbc_pwy211_peer3 2 2 0.074 -1.265 0.131 -1.31290748464623 7.40283505028478e-24 0.403
myeloid_wbc_pwy212_peer2 3 0 0.003 3.532 0.005 3.55931461109248 1.3385082523382e-54 0.119
myeloid_wbc_pwy217_peer2 3 3 0.706 -0.435 0.733 -0.396782259069558 0.00117740139008614 0.65
myeloid_wbc_pwy218_peer2 2 2 0.809 0.44 0.661 0.140356369876565 0.286126420096503 0.869
myeloid_wbc_pwy219_peer3 2 2 0.343 -0.444 0.278 -0.0290774371822719 0.66820557276824 0.992
myeloid_wbc_pwy221_peer3 2 2 0.872 0.252 0.763 0.313660234977281 0.0036378734271126 0.751
myeloid_wbc_pwy228_peer2 2 2 0.607 0.71 0.552 0.140528940550012 0.332906688416934 0.891
myeloid_wbc_pwy238_peer2 2 2 0.119 -0.476 0.245 -0.483483623929702 2.62661392866829e-26 0.251
myeloid_wbc_pwy238_peer3 8 0 0.001 0.383 0 0.379651326426157 7.25229567152891e-08 0
myeloid_wbc_pwy238_peer5 8 0 0 -0.061 0.001 -0.0625084638524557 9.77977364384084e-08 0.002
myeloid_wbc_pwy252_peer2 2 2 0.144 0.495 0.234 0.542724684135489 5.28902673539438e-28 0.327
myeloid_wbc_pwy25_peer1 2 0 0.019 -0.414 0.044 -0.41031752550611 4.49744928549979e-17 0.53
myeloid_wbc_pwy25_peer3 2 0 0.03 -448.157 0.061 -440.887114306165 4.75412601829607e-17 0.533
myeloid_wbc_pwy25_peer4 2 0 0.031 10002.511 0.062 9835.6969527051 4.77798200727277e-17 0.533
myeloid_wbc_pwy26_peer1 2 2 0.537 1.002 0.56 -0.00452555438848595 0.979595855191345 0.999
myeloid_wbc_pwy270_peer2 4 4 0.698 -1.724 0.704 1.57526595007844 0.717160509510962 0.783
myeloid_wbc_pwy27_peer3 2 2 0.092 -0.477 0.177 -0.469141781267758 8.15218286209604e-22 0.454
myeloid_wbc_pwy281_peer1 3 0 0.03 1.937 0.041 2.15818017918699 1.47481434576892e-92 0.078
myeloid_wbc_pwy283_peer2 2 2 0.034 2.109 0.075 2.10439350823455 1.2580862227642e-28 0.301
myeloid_wbc_pwy285_peer1 2 2 0.012 10.114 0.016 10.3365993245625 3.22388109473989e-33 0.063
myeloid_wbc_pwy285_peer5 5 0 0.021 -1.35 0.034 -0.526699643570267 1.24532687979069e-06 0.066
myeloid_wbc_pwy297_peer3 2 2 0.677 0.153 0.576 -0.00872760804035609 0.814994335986466 0.986
myeloid_wbc_pwy309_peer3 2 2 0.934 0.087 0.872 0.0510321897223351 0.536794265237556 0.909
myeloid_wbc_pwy30_peer2 2 2 0.714 -0.214 0.553 -0.183051329201576 2.38400916083605e-10 0.448
myeloid_wbc_pwy311_peer3 3 3 0.127 1.556 0.084 0.436320839822786 1.41492019710671e-06 0.608
myeloid_wbc_pwy317_peer2 2 2 0.721 0.448 0.637 -0.0851116709752547 0.500159551356104 0.951
myeloid_wbc_pwy317_peer3 5 5 0.591 -0.438 0.607 -0.832355319308751 0.315664091014696 0.374
myeloid_wbc_pwy31_peer3 2 2 0.209 0.804 0.311 0.648865779074161 4.67357046712455e-51 0.15
myeloid_wbc_pwy320_peer3 8 0 0 -0.061 0.001 -0.0620001525985874 1.44931448037891e-07 0.002
myeloid_wbc_pwy320_peer4 2 0 0.197 0.164 0.255 0.178290322120855 1.93659650842428e-26 0.335
myeloid_wbc_pwy321_peer2 2 2 0.079 0.463 0.181 0.467173905671188 8.38763464727447e-27 0.253
myeloid_wbc_pwy321_peer3 7 0 0 -0.237 0.001 -0.240680429097065 9.10128417417127e-11 0.001
myeloid_wbc_pwy321_peer4 7 0 0.001 0.085 0.001 0.0846564454265028 2.83781963342604e-08 0.002
myeloid_wbc_pwy321_peer5 9 0 0.002 -0.084 0.001 -0.0869357501510663 1.34579172262468e-05 0.001
myeloid_wbc_pwy322_peer4 4 0 0.031 0.48 0.058 0.540191790967938 0.000223056175626835 0.061
myeloid_wbc_pwy325_peer2 2 2 0.092 -0.455 0.204 -0.460500467718101 1.16128412813633e-26 0.253
myeloid_wbc_pwy325_peer3 3 3 0.051 0.258 0.061 0.281066319575387 6.45480781873887e-35 0.27
myeloid_wbc_pwy325_peer4 8 0 0 -0.064 0.001 -0.0649460121208192 7.7445799434994e-08 0.002
myeloid_wbc_pwy325_peer5 8 0 0 -0.204 0.004 -0.203517083132767 7.78962709615082e-08 0.005
myeloid_wbc_pwy326_peer4 8 0 0 0.063 0.001 0.0637617230093685 1.23937626342255e-07 0.002
myeloid_wbc_pwy326_peer5 8 0 0 0.228 0 0.232715911954331 4.52724060383348e-10 0.004
myeloid_wbc_pwy327_peer4 2 2 0.119 0.377 0.049 0.498121986732377 1.09964489377094e-25 0.223
myeloid_wbc_pwy328_peer5 3 3 0.335 -0.438 0.306 -0.217614231743719 4.22500235345484e-08 0.558
myeloid_wbc_pwy331_peer4 3 0 0.016 -0.496 0.062 -0.480016474610204 2.83040886542425e-33 0.25
myeloid_wbc_pwy34_peer2 2 2 0.522 0.327 0.542 -0.0836767490375442 0.0937779671498744 0.881
myeloid_wbc_pwy50_peer4 3 0 0.869 -0.053 0.847 0.142031198835428 4.70082963224697e-05 0.731
myeloid_wbc_pwy54_peer3 2 0 0.036 0.901 0.038 0.88837451183793 2.29095024141821e-47 0.147
myeloid_wbc_pwy54_peer5 2 2 0.726 0.235 0.594 0.0116796456045967 0.858224540321034 0.987
myeloid_wbc_pwy61_peer5 2 0 0.138 0.799 0.19 0.731723123676555 7.02718791073369e-63 0.12
myeloid_wbc_pwy68_peer3 2 2 0.153 0.213 0.059 0.21262889394564 9.22487388468139e-47 0.205
myeloid_wbc_pwy86_peer5 2 2 0.435 -0.285 0.435 0.00390639599144377 0.919631754728805 0.998
myeloid_wbc_pwy92_peer2 2 2 0.047 -0.559 0.089 -0.547707933262957 1.58529442124074e-17 0.516
myeloid_wbc_pwy92_peer5 2 2 0.047 0.695 0.096 0.690116390173081 2.62541449786066e-43 0.224
neut_pwy111_peer4 2 2 0.117 -1.367 0.209 -1.29908171860833 4.28667644198393e-23 0.382
neut_pwy121_peer1 2 2 0.916 -0.73 0.826 0.0986247441856149 0.889065119695331 0.976
neut_pwy133_peer3 3 3 0.249 -0.571 0.247 -0.259251321266457 0.00020870984345493 0.74
neut_pwy140_peer1 2 2 0.683 5.36 0.603 -0.901280128509348 0.414436269140695 0.961
neut_pwy14_peer2 3 3 0.052 0.65 0.104 0.606553847690479 8.74883001998114e-59 0.189
neut_pwy164_peer4 2 0 0.062 -0.405 0.137 -0.399417168636243 3.8550792635707e-23 0.457
neut_pwy167_peer3 3 0 0.502 0.471 0.482 0.575424950910915 2.83391731687333e-25 0.285
neut_pwy169_peer4 2 2 0.303 -1.814 0.435 -1.52882008036223 1.43815058966914e-48 0.127
neut_pwy174_peer4 2 2 0.979 0.014 0.956 0.0212808484306872 0.662623715441224 0.937
neut_pwy193_peer3 5 0 0.175 -0.263 0.163 -0.295991718330567 0.0474238317540544 0.122
neut_pwy193_peer4 6 0 0.73 -0.053 0.736 -0.0905990751062571 0.53840167116573 0.546
neut_pwy193_peer5 9 0 0.002 0.071 0 0.0630625968301313 9.65852599361056e-06 0.001
neut_pwy206_peer5 2 2 0.023 0.457 0.043 0.457625081464577 2.51993214230217e-16 0.535
neut_pwy212_peer2 3 0 0.007 2.98 0.005 3.07319646544778 1.50756983631326e-41 0.17
neut_pwy217_peer2 2 2 0.908 -0.23 0.808 0.0193431170413391 0.903017479876939 0.982
neut_pwy219_peer3 2 2 0.344 -0.445 0.282 -0.028169547786854 0.676419894990895 0.984
neut_pwy228_peer2 2 2 0.648 0.674 0.608 0.0543105835353842 0.710460875058139 0.97
neut_pwy238_peer3 6 0 0.006 0.322 0.006 0.318873027235439 3.50253103123748e-06 0.007
neut_pwy238_peer5 9 0 0.002 -0.071 0 -0.0629381781865207 7.17725868158165e-06 0.001
neut_pwy26_peer1 2 2 0.545 0.971 0.553 -0.0271462195941833 0.877456212821739 0.993
neut_pwy270_peer2 2 2 0.723 4.374 0.58 3.47824093209887 1.30376314837729e-12 0.617
neut_pwy27_peer3 2 2 0.053 -0.488 0.113 -0.482789381642548 9.21263425255679e-22 0.45
neut_pwy281_peer1 4 0 0.005 1.819 0.013 1.99834904569067 5.29319952361917e-10 0.012
neut_pwy285_peer1 2 2 0.034 10.1 0.039 9.46307277623588 2.30268124701999e-28 0.081
neut_pwy297_peer3 2 2 0.648 0.173 0.587 0.00819117941366204 0.825328175741391 0.988
neut_pwy302_peer2 2 2 0.62 -0.891 0.564 0.0451279651616466 0.787290916805469 0.985
neut_pwy30_peer2 2 2 0.706 -0.224 0.569 -0.192486888671072 2.15993383656019e-11 0.408
neut_pwy317_peer2 2 2 0.647 0.569 0.57 0.0595480591052707 0.635652856089791 0.956
neut_pwy317_peer3 5 5 0.571 -0.474 0.566 -0.890736776579917 0.285672982148493 0.351
neut_pwy31_peer3 2 2 0.221 0.813 0.308 0.646541132079968 3.28846937709648e-51 0.158
neut_pwy320_peer3 9 0 0.002 -0.071 0 -0.0623580608327246 1.03782158482943e-05 0.001
neut_pwy320_peer4 2 0 0.19 0.154 0.224 0.16665040183646 1.60561682025759e-23 0.36
neut_pwy321_peer2 2 0 0.964 0.023 0.942 -0.0459953864227841 0.194955657976466 0.893
neut_pwy321_peer3 6 0 0.006 -0.228 0.004 -0.246855902479259 5.61694258764891e-05 0.01
neut_pwy321_peer4 9 0 0.002 0.1 0.001 0.0870318844072222 2.33859047907922e-05 0.002
neut_pwy321_peer5 9 0 0.006 -0.096 0.004 -0.0861781404381323 0.000312763855655232 0.004
neut_pwy325_peer2 2 0 0.96 -0.026 0.934 0.044563528910678 0.217696227946029 0.897
neut_pwy325_peer3 5 0 0.038 0.3 0.032 0.341410701664554 0.00208293543408722 0.038
neut_pwy325_peer4 9 0 0.002 -0.074 0 -0.0655063854735161 6.14673971010566e-06 0.001
neut_pwy325_peer5 8 0 0.003 -0.202 0.003 -0.200737505287346 1.29507631936412e-05 0.004
neut_pwy326_peer4 9 0 0.002 0.073 0 0.0642063901381377 8.24463805854423e-06 0.001
neut_pwy326_peer5 10 0 0 0.264 0 0.218052542095063 3.72647206322116e-05 0.003
neut_pwy328_peer5 2 2 0.677 -0.271 0.602 -0.0402263351824502 0.402341698972335 0.913
neut_pwy331_peer4 4 4 0.719 -0.103 0.742 -0.0536877109354115 0.84410110394885 0.84
neut_pwy3_peer3 2 0 0.964 -0.032 0.907 -0.0247616864754011 0.660996240859336 0.93
neut_pwy50_peer4 4 4 0.545 0.175 0.526 0.237653775232498 0.293048983085377 0.331
neut_pwy68_peer3 2 2 0.145 0.203 0.063 0.20240526531793 5.88518751635235e-43 0.228
neut_pwy92_peer5 2 2 0.069 0.652 0.149 0.645314574391226 1.89058612770139e-38 0.268
plt_pwy106_peer4 2 2 0.469 0.41 0.447 -0.152913154426125 0.0156207339361496 0.902
plt_pwy107_peer5 2 2 0.793 0.136 0.67 0.0881204602005385 0.0179403014053026 0.794
plt_pwy109_peer1 2 2 0.205 0.973 0.301 1.13775368740282 1.62557604201397e-36 0.275
plt_pwy120_peer2 2 2 0.283 5.157 0.407 5.22152691428398 2.13044514656797e-134 0.08
plt_pwy136_peer1 2 2 0.353 6.649 0.296 0.0504168162680312 0.944673220646766 0.999
plt_pwy148_peer3 2 2 0.073 -1.299 0.113 -1.2733989118437 1.17943178946378e-240 0.012
plt_pwy148_peer5 2 2 0.062 -1.075 0.09 -1.05723203711874 1.91245384420617e-241 0.011
plt_pwy167_peer4 2 2 0.126 0.495 0.18 0.463637971965393 2.64542767664857e-27 0.42
plt_pwy174_peer1 2 2 0.075 -2.296 0.123 -2.24844759011968 3.20137641955862e-21 0.517
plt_pwy177_peer2 2 2 0.896 -0.924 0.823 0.526248208443375 0.13078631204836 0.889
plt_pwy177_peer3 2 2 0.014 -1.121 0.017 -1.11546062668933 3.90610000985305e-23 0.457
plt_pwy182_peer4 3 3 0.476 0.267 0.414 0.156581588472877 1.48849968355185e-05 0.74
plt_pwy189_peer4 2 0 0.068 -0.797 0.112 -0.802574942463848 1.80003026093569e-36 0.429
plt_pwy192_peer2 2 2 0.388 -1.68 0.351 -3.18940193528244 6.9427584028048e-110 0.027
plt_pwy210_peer3 2 2 0.753 0.339 0.668 0.00426521587434915 0.957915740238748 0.996
plt_pwy215_peer4 2 2 0.041 -0.489 0.057 -0.503769774963675 9.02366854472145e-34 0.265
plt_pwy228_peer3 2 2 0.596 0.268 0.615 -0.0759198494475024 0.114520050942545 0.888
plt_pwy238_peer1 2 2 0.164 -0.987 0.245 -0.903166962010401 1.93009163425162e-26 0.449
plt_pwy241_peer1 2 2 0.516 -0.762 0.535 0.233006210054744 0.0586774243164556 0.924
plt_pwy241_peer3 2 2 0.016 0.573 0.022 0.573893485952255 2.23649798286078e-17 0.504
plt_pwy254_peer3 3 3 0.696 -0.173 0.709 -0.16364641981264 0.00320331952658859 0.877
plt_pwy264_peer3 3 3 0.69 -8.134 0.68 -9.42616706848909 0.000237174857684959 0.818
plt_pwy265_peer3 2 2 0.825 -0.393 0.717 -0.289909413815546 0.0251948068697589 0.811
plt_pwy275_peer3 2 2 0.601 -0.379 0.545 -0.20059286304118 2.66879465422746e-05 0.71
plt_pwy279_peer5 4 4 0.727 -0.103 0.677 -0.147599815647052 0.553288015190652 0.543
plt_pwy282_peer5 3 3 0.019 0.433 0.019 0.527645815536052 1.93589820229275e-36 0.256
plt_pwy295_peer1 3 3 0.576 -3.315 0.552 -2.52441062421653 0.00018352061610589 0.789
plt_pwy300_peer5 2 2 0.024 -1.934 0.041 -1.9474338916901 2.88460973815325e-243 0.01
plt_pwy302_peer3 2 2 0.733 1.177 0.604 1.18595105864959 6.77756238871214e-31 0.441
plt_pwy302_peer5 2 2 0.01 -1.967 0.022 -1.97233639144537 1.57440212969538e-243 0.01
plt_pwy303_peer3 2 2 0.935 0.128 0.935 -0.9436310236563 4.0810260308244e-32 0.228
plt_pwy303_peer5 2 2 0.029 2.078 0.05 2.09560745201948 4.26961299329407e-243 0.01
plt_pwy304_peer5 2 2 0.035 2.121 0.063 2.14230666629033 7.23856510178055e-243 0.01
plt_pwy306_peer5 3 3 0.117 -1.245 0.179 -1.43968732769066 2.59775865863013e-209 0.011
plt_pwy308_peer3 2 2 0.029 -0.564 0.033 -0.588436145888792 2.48174930712747e-15 0.506
plt_pwy308_peer5 2 2 0.031 1.608 0.054 1.62249199356972 4.99369299743291e-243 0.01
plt_pwy313_peer5 2 2 0.017 -1.63 0.025 -1.62221642340828 1.99496253514141e-243 0.01
plt_pwy320_peer5 2 0 0.008 -0.273 0.018 -0.273329666813773 1.10294286544429e-33 0.36
plt_pwy321_peer4 2 2 0.448 -0.104 0.448 0.0373005995276045 0.00113919495321831 0.965
plt_pwy322_peer5 2 2 0.123 -0.451 0.174 -0.423158008975532 2.33333112295572e-27 0.42
plt_pwy325_peer5 3 3 0.161 0.213 0.126 0.0324490455866824 0.144487087597846 0.896
plt_pwy326_peer1 4 4 0.284 -0.561 0.299 0.524673899092219 0.282961822831983 0.336
plt_pwy36_peer3 2 2 0.082 0.366 0.155 0.366168207237618 2.48317453831051e-18 0.551
plt_pwy3_peer4 2 2 0.665 0.324 0.651 -0.242378357831904 2.74185691314288e-05 0.461
plt_pwy58_peer5 2 2 0.109 0.285 0.052 0.385046450884944 9.29883348871358e-27 0.283
plt_pwy60_peer3 2 2 0.034 0.272 0.04 0.285164338052946 5.48436089441013e-30 0.342
plt_pwy87_peer3 2 2 0.106 0.31 0.131 0.361380447512515 3.59733927928931e-29 0.319
plt_pwy87_peer5 2 2 0.843 -0.066 0.758 0.116353002515466 1.34024252875172e-08 0.771
plt_pwy91_peer2 2 2 0.889 0.252 0.814 0.273092853031372 0.0615227240747346 0.849
plt_pwy96_peer2 2 2 0.081 1.279 0.108 1.11245846364565 7.00517843396111e-17 0.183
rbc_pwy107_peer1 2 2 0.022 -0.732 0.04 -0.739087275688217 5.17209833662107e-17 0.297
rbc_pwy113_peer5 2 2 0.016 -0.815 0.039 -0.815405591499502 1.26477318832159e-24 0.454
rbc_pwy119_peer1 2 2 0.456 -1.028 0.472 -0.288469086115474 0.0905491058230094 0.766
rbc_pwy174_peer3 2 2 0.24 -1.947 0.18 -0.609587312707061 5.22166643319765e-19 0.273
rbc_pwy179_peer1 2 2 0.386 -0.976 0.354 -0.163074419392453 0.269510222820399 0.92
rbc_pwy185_peer3 2 2 0.841 0.238 0.706 0.330269878609252 3.360578955621e-05 0.685
rbc_pwy193_peer4 3 0 0.042 0.361 0.094 0.350656967463146 3.08675056451251e-48 0.253
rbc_pwy193_peer5 2 0 0.139 0.074 0.209 0.072279615161612 1.0617215550515e-16 0.605
rbc_pwy200_peer2 2 2 0.904 0.274 0.849 -0.454885418689936 0.0035202028939923 0.667
rbc_pwy208_peer4 2 2 0.66 0.37 0.605 0.0511892800471013 0.146025226173276 0.826
rbc_pwy20_peer3 2 0 0.018 0.855 0.032 0.850878904934092 2.21044919265094e-24 0.471
rbc_pwy222_peer4 2 2 0.096 -0.826 0.194 -0.780292738069505 1.264682803424e-19 0.337
rbc_pwy223_peer2 3 3 0.304 -1.141 0.302 -0.381749338981257 0.0116121438854092 0.822
rbc_pwy223_peer4 2 2 0.092 -1.094 0.204 -1.09959184870852 6.00745735564752e-28 0.415
rbc_pwy225_peer1 2 2 0.023 1.024 0.03 1.00436310923619 2.62261460854167e-15 0.551
rbc_pwy232_peer1 3 3 0.63 0.68 0.617 0.718442588372771 9.9590014887037e-08 0.664
rbc_pwy237_peer2 3 3 0.036 -2.231 0.046 -2.51645296025379 6.85702743588471e-60 0.116
rbc_pwy238_peer3 2 0 0.156 0.369 0.271 0.366869715068632 2.72616770072764e-23 0.539
rbc_pwy238_peer5 2 0 0.146 -0.075 0.211 -0.0731250694041235 1.24871095023412e-16 0.607
rbc_pwy245_peer5 2 2 0.55 0.944 0.506 0.459675648472658 6.23899274247606e-13 0.579
rbc_pwy26_peer3 2 2 0.044 0.596 0.025 0.67208021216167 2.56659947279753e-19 0.285
rbc_pwy28_peer3 3 3 0.834 -0.068 0.871 -0.205871943541747 5.99445683723623e-12 0.552
rbc_pwy320_peer3 2 0 0.132 -0.075 0.198 -0.0726958684063691 9.11501116284753e-17 0.604
rbc_pwy320_peer4 2 0 0.168 -0.388 0.293 -0.38730245418294 2.60166464424243e-40 0.247
rbc_pwy320_peer5 5 0 0.081 -0.214 0.074 -0.198405349763747 0.05101188337404 0.094
rbc_pwy321_peer3 4 4 0 -0.31 0 -0.327934843991736 9.26672387714686e-34 0
rbc_pwy325_peer4 2 0 0.125 -0.078 0.191 -0.0762391984076177 7.95744729521155e-17 0.601
rbc_pwy325_peer5 2 0 0.968 -0.012 0.933 -0.0116202200940514 0.636714797230989 0.952
rbc_pwy326_peer3 2 2 0.245 -0.976 0.195 -0.293537352434716 5.25293798516232e-18 0.291
rbc_pwy326_peer4 2 0 0.135 0.077 0.204 0.0752883159007153 9.7236354079755e-17 0.605
rbc_pwy331_peer4 2 2 0.16 -0.399 0.199 -0.446001642565333 5.00580592697334e-22 0.39
rbc_pwy39_peer3 2 2 0.121 -0.578 0.214 -0.578143677993445 9.03287393695356e-25 0.48
rbc_pwy3_peer1 3 3 0.481 0.808 0.441 0.483855969090509 0.000225594581701315 0.776
rbc_pwy70_peer3 3 3 0.006 -0.309 0.012 -0.314375561225593 2.8600497176057e-24 0.37
rbc_pwy71_peer1 3 3 0.011 0.499 0.036 0.477147452081061 1.51087075124511e-31 0.332
rbc_pwy73_peer2 2 2 0.689 0.338 0.602 -0.049307950657288 0.582602871849491 0.967
rbc_pwy87_peer3 2 2 0.879 0.077 0.793 0.11429104904926 0.000457561294802118 0.736
rbc_pwy99_peer5 2 2 0.402 -0.6 0.417 -0.159778331808687 0.000943557307869549 0.707
ukb.allasthma_pwy102_peer2 2 2 0.846 0.489 0.714 -0.0124422500362716 0.956023417484612 0.998
ukb.allasthma_pwy124_peer3 2 0 0.847 0.631 0.705 -0.657029812775486 0.000774215685219811 0.77
ukb.allasthma_pwy124_peer4 2 2 0.033 -1.588 0.057 -1.60924503522705 5.89804466696051e-25 0.384
ukb.allasthma_pwy138_peer5 2 2 0.018 -1.435 0.029 -1.43937708919331 3.25739659588413e-28 0.406
ukb.allasthma_pwy139_peer3 2 2 0.098 -2.625 0.174 -2.48562471631097 2.00218893781612e-21 0.431
ukb.allasthma_pwy162_peer4 2 0 0.142 -3.171 0.258 -3.35512065612782 6.17047809833755e-66 0.028
ukb.allasthma_pwy178_peer3 3 3 0.111 1.721 0.176 1.39165017776161 1.74258560186559e-23 0.243
ukb.allasthma_pwy188_peer1 2 2 0.831 -2.225 0.672 -2.25343082739438 0.0024157623559546 0.714
ukb.allasthma_pwy193_peer2 2 2 0.071 1.102 0.143 1.02563905739817 1.66634888185388e-17 0.525
ukb.allasthma_pwy193_peer4 5 0 0.254 -0.394 0.282 -0.402759696526107 0.150832255124547 0.233
ukb.allasthma_pwy193_peer5 5 0 0.511 0.055 0.552 0.0196209095639804 0.844706134602855 0.837
ukb.allasthma_pwy204_peer5 2 2 0.022 0.904 0.005 0.870638406514181 5.99267506055462e-34 0.037
ukb.allasthma_pwy210_peer3 2 2 0.913 0.193 0.843 -0.218838834832446 0.162965303582858 0.854
ukb.allasthma_pwy211_peer5 2 2 0.069 -1.503 0.087 -1.64286765200298 1.19476473824929e-22 0.228
ukb.allasthma_pwy233_peer3 2 0 0.027 2.83 0.038 2.98455135601909 1.94098162054048e-39 0.119
ukb.allasthma_pwy238_peer3 3 0 0.316 0.56 0.307 0.573281236215539 6.23218251597605e-22 0.099
ukb.allasthma_pwy238_peer5 6 0 0.505 -0.05 0.529 -0.00510874203749933 0.954904635525007 0.944
ukb.allasthma_pwy259_peer4 2 2 0.758 -0.549 0.631 0.204801507687781 0.225565772863573 0.903
ukb.allasthma_pwy272_peer1 2 2 0.917 0.964 0.833 -0.111074388164078 0.867304766940157 0.978
ukb.allasthma_pwy288_peer3 2 2 0.053 2.485 0.101 2.4038370261689 2.50602916889197e-34 0.285
ukb.allasthma_pwy299_peer3 2 2 0.005 -1.683 0.004 -1.66230545750303 4.3692809065323e-15 0.423
ukb.allasthma_pwy315_peer3 2 2 0.073 -3.071 0.164 -3.03279729444848 1.92635386678846e-51 0.175
ukb.allasthma_pwy31_peer3 2 2 0.675 0.3 0.595 -0.00899325273443008 0.908135375558853 0.988
ukb.allasthma_pwy320_peer3 6 0 0.391 -0.067 0.402 -0.0336718602668943 0.713380439381643 0.709
ukb.allasthma_pwy320_peer4 3 0 0.059 0.802 0.096 0.695505258690932 1.49268714137664e-51 0.02
ukb.allasthma_pwy320_peer5 2 0 0.563 0.605 0.536 0.119952156739686 0.1890044042494 0.785
ukb.allasthma_pwy321_peer3 5 0 0.672 -0.131 0.682 -0.0804635492967174 0.789707075639546 0.811
ukb.allasthma_pwy321_peer4 4 0 0.399 0.101 0.408 0.0914174520068845 0.424783657674073 0.431
ukb.allasthma_pwy321_peer5 5 0 0.498 -0.077 0.505 -0.0423675806368823 0.718133459407173 0.674
ukb.allasthma_pwy325_peer2 2 0 0.122 1.052 0.196 1.08429834713172 3.28969080028897e-22 0.065
ukb.allasthma_pwy325_peer4 7 0 0.402 -0.063 0.429 -0.0176866080217082 0.843006324690825 0.819
ukb.allasthma_pwy325_peer5 5 0 0.35 -0.223 0.375 -0.205215584842163 0.364914148024198 0.387
ukb.allasthma_pwy326_peer4 6 0 0.406 0.067 0.417 0.0315356777034294 0.739241267350427 0.736
ukb.allasthma_pwy326_peer5 2 0 0.169 0.431 0.303 0.448292988211191 1.15952042230237e-39 0.031
ukb.allasthma_pwy39_peer5 2 2 0.099 0.796 0.134 0.855157411673851 1.7257966424778e-20 0.417
ukb.allasthma_pwy59_peer1 2 2 0.015 -0.981 0.021 -0.997082305562615 2.94007942846379e-26 0.254
ukb.allasthma_pwy84_peer4 2 2 0.418 0.295 0.423 -0.00801732503682423 0.861710947441387 0.995
ukb.allasthma_pwy8_peer2 2 2 0.508 0.655 0.518 0.0564347809130567 0.615810346022325 0.947
ukb.allasthma_pwy93_peer5 2 0 0.777 0.388 0.746 0.225271098814415 0.0755815332093307 0.669
ukb.allasthma_pwy98_peer2 2 2 0.012 -1.075 0.027 -1.07307826983759 3.45113059706367e-16 0.534
ukb.allasthma_pwy99_peer1 2 2 0.93 -0.32 0.868 -0.386606177550468 0.198206802678127 0.862
wbc_pwy127_peer5 2 2 0.962 -0.029 0.912 -0.0320848277774569 0.553400132515667 0.921
wbc_pwy131_peer5 2 0 0.053 1.047 0.111 1.04002476057693 1.02006580817238e-44 0.106
wbc_pwy134_peer3 2 0 0.56 -0.516 0.554 -0.0341891815887424 0.639376349258806 0.957
wbc_pwy140_peer1 3 3 0.001 -9.763 0.004 -9.88865198268367 6.55876784632955e-33 0.322
wbc_pwy140_peer3 2 0 0.182 1.076 0.322 1.04966039628573 8.2982023920275e-31 0.355
wbc_pwy14_peer2 4 4 0.943 -0.022 0.953 0.212659458922156 0.424080845313673 0.485
wbc_pwy15_peer3 3 3 0.741 0.057 0.712 -0.0505340110105297 0.00864603569004707 0.811
wbc_pwy167_peer3 3 0 0.203 0.872 0.197 0.850870069756906 2.90595435245005e-52 0.154
wbc_pwy169_peer4 2 2 0.315 -1.891 0.446 -1.5805322345802 9.93308949621111e-52 0.104
wbc_pwy182_peer3 2 0 0.392 0.659 0.439 0.82286883276137 2.92380834061036e-74 0.099
wbc_pwy186_peer5 2 2 0.687 -0.391 0.558 -0.414938964418335 5.40793599416052e-26 0.456
wbc_pwy193_peer2 2 0 0.739 -0.268 0.596 -0.212520920826385 5.13955552985496e-05 0.691
wbc_pwy193_peer3 5 0 0.015 -0.389 0.03 -0.408296411174996 0.000239656234406062 0.036
wbc_pwy193_peer4 7 0 0.267 -0.178 0.256 -0.138132134515655 0.390045888101773 0.432
wbc_pwy193_peer5 12 0 0.004 0.067 0.004 0.0705095112070751 0.000116864435208095 0.002
wbc_pwy200_peer3 2 2 0.961 0.092 0.921 0.135073030552175 0.221308886646002 0.86
wbc_pwy212_peer2 3 0 0.003 4.926 0.005 4.97011754078584 1.51548494416859e-105 0.034
wbc_pwy215_peer3 2 2 0.012 0.154 0.01 0.149385073179881 5.98472017033342e-19 0.275
wbc_pwy217_peer2 2 2 0.81 0.382 0.683 0.10164886749424 0.466886456127138 0.85
wbc_pwy217_peer4 2 2 0.002 -0.657 0.003 -0.656290388700286 3.14821443716879e-17 0.501
wbc_pwy218_peer2 2 0 0.786 0.595 0.636 0.599801917048407 6.01393877650976e-06 0.668
wbc_pwy235_peer1 2 2 0.288 7.835 0.43 7.97271972020542 1.07348212896074e-47 0.253
wbc_pwy236_peer4 2 2 0.494 0.658 0.491 -0.0841914145660885 0.402421379982998 0.98
wbc_pwy238_peer2 3 0 0.023 -0.331 0.063 -0.283141570138857 6.46741350627853e-29 0.275
wbc_pwy238_peer3 7 0 0.006 0.375 0.007 0.394736415326225 7.80849886993425e-05 0.008
wbc_pwy238_peer5 12 0 0.003 -0.067 0.003 -0.0703779976092381 8.86841096443767e-05 0.002
wbc_pwy23_peer4 2 2 0.358 0.416 0.306 -0.0243236745012602 0.643931631219761 0.986
wbc_pwy268_peer5 2 0 0.147 -1.025 0.185 -0.974502726091351 5.94001947912298e-85 0.062
wbc_pwy270_peer2 3 3 0.5 3.794 0.43 3.29330134645052 7.96387669886143e-17 0.5
wbc_pwy272_peer4 2 2 0.08 1.007 0.053 0.77397211190745 1.46754415031295e-28 0.18
wbc_pwy27_peer3 2 2 0.1 -0.441 0.202 -0.43250243111523 6.44933171543092e-19 0.505
wbc_pwy281_peer1 5 0 0.003 2.002 0.01 2.28185876573548 6.00252162436329e-08 0.015
wbc_pwy282_peer4 2 2 0.643 0.738 0.533 0.7755110436549 3.67782995142663e-32 0.383
wbc_pwy285_peer1 2 2 0.148 9.196 0.13 11.7693871662823 6.94838219601207e-43 0.034
wbc_pwy299_peer2 2 2 0.024 2.335 0.016 2.17387666277099 6.35368806016274e-16 0.337
wbc_pwy30_peer2 2 0 0.86 -0.098 0.741 -0.126648489635946 7.16455366293878e-06 0.598
wbc_pwy31_peer3 2 2 0.202 0.759 0.303 0.61720610428368 9.75036735233817e-47 0.164
wbc_pwy320_peer3 12 0 0.004 -0.067 0.002 -0.0700661963222633 0.000116412016250227 0.001
wbc_pwy320_peer4 2 0 0.197 0.154 0.235 0.167033062544271 1.37364882666369e-23 0.359
wbc_pwy320_peer5 2 0 0.17 -0.461 0.228 -0.42034499607809 1.18313051417651e-76 0.082
wbc_pwy321_peer2 3 0 0.018 0.296 0.043 0.262421573002931 3.05295782134185e-29 0.258
wbc_pwy321_peer3 9 0 0.002 -0.249 0.005 -0.265081086028739 3.60046537856587e-05 0.004
wbc_pwy321_peer4 8 0 0.001 0.098 0.004 0.0937729560080303 1.22895194094025e-06 0.01
wbc_pwy321_peer5 10 0 0.009 -0.09 0.008 -0.100318866303101 0.000448209869103927 0.003
wbc_pwy322_peer4 3 0 0.086 0.629 0.128 0.706226560782217 3.70242123824661e-58 0.18
wbc_pwy325_peer2 3 0 0.02 -0.304 0.049 -0.265638155144857 3.75580409715706e-29 0.264
wbc_pwy325_peer3 2 0 0.192 0.226 0.235 0.245681635951826 9.55642539828378e-24 0.356
wbc_pwy325_peer4 12 0 0 -0.077 0 -0.0776129050828305 1.09091237330251e-06 0
wbc_pwy325_peer5 8 0 0.001 -0.217 0.001 -0.216837562455109 5.83628164453095e-06 0.009
wbc_pwy326_peer4 12 0 0 0.075 0 0.076050387010585 1.42133912278337e-06 0
wbc_pwy326_peer5 8 0 0 0.26 0.001 0.256813278724084 4.78990362833418e-07 0.006
wbc_pwy328_peer5 3 3 0.256 -0.652 0.253 -0.389174984761845 7.42987267470952e-23 0.335
wbc_pwy331_peer1 2 0 0.333 -1.682 0.438 -2.03044519925464 4.60084423295601e-83 0.092
wbc_pwy331_peer4 5 0 0.01 -0.393 0.017 -0.339490521801483 0.045795587792996 0.097
wbc_pwy331_peer5 4 0 0.838 -0.05 0.832 0.114120316100469 0.599501528636911 0.608
wbc_pwy50_peer4 3 0 0.021 0.932 0.038 0.888571943158054 4.39370852987431e-181 0.011
wbc_pwy74_peer4 2 2 0.014 -0.273 0.036 -0.273600794982788 3.61779247188734e-15 0.592
wbc_pwy83_peer2 3 3 0.194 0.595 0.147 -0.143833663662202 0.0326243025094997 0.774
wbc_pwy86_peer5 2 2 0.01 -0.378 0.008 -0.367218977777619 1.25668752781674e-21 0.295
wbc_pwy90_peer3 2 2 0.988 0.012 0.971 0.124464410862178 0.0476840096535354 0.808
wbc_pwy92_peer2 2 2 0.024 -0.593 0.045 -0.587307477578401 1.03430560576879e-18 0.466
