factor num_snp_fdr<0.2 num_snp_noMHC pval_in_fitting slope_in_fitting rsq_in_fitting pval_in_resampling
EUR.CD_pwy128_pc5 2 2 0.982 -0.014 0.001 0.926
EUR.CD_pwy164_pc1 2 2 0.977 -0.032 0.001 0.94
EUR.CD_pwy168_pc2 2 2 0.866 0.144 0.044 0.689
EUR.CD_pwy19_pc1 2 2 0.37 0.401 0.699 0.358
EUR.CD_pwy253_pc3 2 1 0.541 0.503 0.436 0.605
EUR.CD_pwy31_pc2 2 2 0.05 -0.56 0.994 0.158
EUR.CD_pwy45_pc3 2 2 0.129 -0.695 0.96 0.09
EUR.CD_pwy61_pc5 2 1 0.721 -0.211 0.18 0.523
EUR.CD_pwy73_pc5 2 2 0.772 0.465 0.123 0.553
EUR.CD_pwy77_pc4 2 2 0.265 -1.772 0.836 0.394
EUR.CD_pwy8_pc1 2 2 0.962 -0.054 0.004 0.897
EUR.IBD_pwy104_pc1 2 2 0.062 0.574 0.991 0.191
EUR.IBD_pwy105_pc1 2 2 0.997 -0.003 0 0.991
EUR.IBD_pwy150_pc1 2 2 0.825 -0.083 0.074 0.548
EUR.IBD_pwy163_pc2 2 2 0.077 -0.689 0.986 0.262
EUR.IBD_pwy168_pc2 3 3 0.031 -0.572 0.939 0.227
EUR.IBD_pwy180_pc1 2 2 0.935 -0.047 0.01 0.875
EUR.IBD_pwy182_pc5 3 3 0.008 -0.462 0.984 0.065
EUR.IBD_pwy19_pc1 2 2 0.39 0.312 0.67 0.32
EUR.IBD_pwy230_pc1 2 2 0.907 0.073 0.021 0.71
EUR.IBD_pwy237_pc1 3 3 0.441 0.222 0.313 0.285
EUR.IBD_pwy271_pc1 3 3 0.797 0.07 0.041 0.857
EUR.IBD_pwy272_pc1 3 3 0.312 0.307 0.473 0.242
EUR.IBD_pwy282_pc1 2 2 0.034 -0.363 0.997 0.08
EUR.IBD_pwy285_pc1 3 3 0.728 0.142 0.074 0.747
EUR.IBD_pwy290_pc1 2 2 0.965 -0.021 0.003 0.933
EUR.IBD_pwy291_pc1 3 3 0.73 0.134 0.073 0.805
EUR.IBD_pwy8_pc1 3 3 0.631 -0.236 0.136 0.53
EUR.UC_pwy114_pc2 2 2 0.775 -0.175 0.12 0.616
EUR.UC_pwy126_pc5 2 2 0.064 -0.39 0.99 0.155
EUR.UC_pwy134_pc5 2 2 0.021 0.443 0.999 0.074
EUR.UC_pwy136_pc2 2 2 0.141 0.65 0.952 0.335
EUR.UC_pwy150_pc2 2 2 0.894 -0.099 0.028 0.741
EUR.UC_pwy165_pc2 2 2 0.015 -0.504 0.999 0.049
EUR.UC_pwy168_pc2 3 3 0.004 -0.621 0.992 0.034
EUR.UC_pwy211_pc2 2 2 0.004 0.499 1 0.005
EUR.UC_pwy240_pc1 2 2 0.83 -0.145 0.07 0.648
EUR.UC_pwy244_pc2 2 1 0.809 -0.26 0.087 0.603
EUR.UC_pwy269_pc1 2 2 0.018 -0.534 0.999 0.062
EUR.UC_pwy271_pc1 2 2 0.047 0.433 0.995 0.158
EUR.UC_pwy291_pc1 2 2 0.015 0.578 0.999 0.069
EUR.UC_pwy328_pc3 2 2 0.955 -0.048 0.005 0.85
EUR.UC_pwy43_pc3 2 2 0.015 0.765 0.999 0.062
EUR.UC_pwy61_pc2 2 2 0.899 -0.077 0.025 0.648
EUR.UC_pwy97_pc3 2 1 0.295 -0.955 0.8 0.451
T1D_pwy101_pc4 2 2 0.104 0.302 0.974 0.228
T1D_pwy114_pc4 2 2 0.935 -0.018 0.01 0.834
T1D_pwy117_pc2 2 2 0.088 0.463 0.981 0.206
T1D_pwy126_pc1 2 2 0.909 -0.044 0.02 0.774
T1D_pwy131_pc5 3 3 0.646 0.083 0.125 0.672
T1D_pwy133_pc2 2 2 0.942 -0.037 0.008 0.871
T1D_pwy144_pc2 2 2 0.028 0.488 0.998 0.062
T1D_pwy157_pc3 2 2 0.021 -0.533 0.999 0.019
T1D_pwy170_pc1 2 2 0.942 0.033 0.008 0.845
T1D_pwy171_pc1 2 2 0.902 0.053 0.023 0.763
T1D_pwy174_pc2 2 2 0.449 2.047 0.58 0.503
T1D_pwy180_pc1 2 2 0.978 -0.014 0.001 0.942
T1D_pwy199_pc2 2 2 0.99 0.005 0 0.966
T1D_pwy202_pc1 2 2 0.956 0.026 0.005 0.877
T1D_pwy213_pc3 2 2 0.018 0.429 0.999 0.032
T1D_pwy217_pc1 2 2 0.954 0.026 0.005 0.875
T1D_pwy222_pc1 2 2 0.886 -0.071 0.032 0.74
T1D_pwy231_pc1 2 2 0.957 -0.026 0.005 0.877
T1D_pwy235_pc1 2 2 0.957 -0.027 0.005 0.884
T1D_pwy237_pc1 2 2 0.936 -0.029 0.01 0.834
T1D_pwy237_pc2 2 2 0.11 0.484 0.971 0.161
T1D_pwy240_pc5 2 2 0.99 -0.005 0 0.968
T1D_pwy262_pc2 2 2 0.924 -0.044 0.014 0.819
T1D_pwy266_pc2 2 2 0.996 -0.003 0 0.991
T1D_pwy271_pc1 2 2 0.996 -0.002 0 0.981
T1D_pwy271_pc3 2 2 0.161 0.561 0.937 0.308
T1D_pwy284_pc1 2 2 0.945 -0.026 0.007 0.847
T1D_pwy289_pc2 2 2 0.973 -0.021 0.002 0.929
T1D_pwy301_pc3 3 3 0.433 0.738 0.322 0.355
T1D_pwy304_pc1 2 2 0.931 -0.037 0.012 0.828
T1D_pwy305_pc1 2 2 0.923 -0.045 0.014 0.819
T1D_pwy311_pc1 3 3 0.571 -0.168 0.184 0.542
T1D_pwy315_pc1 2 2 0.95 -0.028 0.006 0.869
T1D_pwy318_pc1 2 2 0.921 -0.051 0.015 0.811
T1D_pwy58_pc1 2 2 0.194 1.348 0.91 0.232
T1D_pwy5_pc5 2 2 0.392 0.42 0.667 0.359
T1D_pwy88_pc1 2 2 0.914 -0.047 0.018 0.787
T1D_pwy89_pc1 2 2 0.076 0.443 0.986 0.125
T1D_pwy96_pc5 3 3 0.58 -0.138 0.176 0.492
allergy_pwy100_pc2 3 3 0.885 0.019 0.013 0.868
allergy_pwy108_pc4 2 2 0.735 0.079 0.164 0.568
allergy_pwy110_pc1 2 2 0.033 -0.152 0.997 0.058
allergy_pwy111_pc5 3 3 0.379 -0.074 0.386 0.258
allergy_pwy135_pc5 2 2 0.685 -0.061 0.225 0.526
allergy_pwy144_pc4 2 2 0.84 -0.028 0.062 0.657
allergy_pwy145_pc3 2 2 0.867 -0.033 0.043 0.7
allergy_pwy147_pc1 3 3 0.855 -0.033 0.021 0.866
allergy_pwy148_pc3 2 2 0.97 0.006 0.002 0.92
allergy_pwy15_pc1 2 2 0.011 -0.133 1 0.035
allergy_pwy164_pc1 2 2 0.929 0.018 0.012 0.797
allergy_pwy17_pc3 2 1 0.165 -0.217 0.934 0.346
allergy_pwy187_pc3 2 2 0.636 0.119 0.292 0.538
allergy_pwy189_pc3 2 2 0.954 0.01 0.005 0.848
allergy_pwy18_pc4 2 2 0.937 0.015 0.01 0.812
allergy_pwy236_pc5 2 2 0.624 -0.076 0.309 0.538
allergy_pwy24_pc1 2 2 0.666 0.1 0.251 0.538
allergy_pwy259_pc1 2 2 0.848 -0.028 0.056 0.663
allergy_pwy259_pc5 2 2 0.002 0.117 1 0.012
allergy_pwy260_pc1 2 2 0.958 0.007 0.004 0.869
allergy_pwy26_pc4 2 2 0.129 -0.162 0.959 0.159
allergy_pwy283_pc3 3 3 0.613 0.06 0.15 0.581
allergy_pwy284_pc3 2 2 0.994 0.001 0 0.983
allergy_pwy296_pc1 2 2 0.234 0.139 0.871 0.454
allergy_pwy301_pc4 2 2 0.638 0.082 0.29 0.538
allergy_pwy326_pc5 2 2 0.058 -0.131 0.992 0.097
allergy_pwy328_pc1 2 2 0.127 -0.107 0.961 0.169
allergy_pwy75_pc2 3 3 0.424 0.099 0.332 0.264
allergy_pwy84_pc4 2 2 0.994 0.001 0 0.972
baso_pwy123_pc5 2 2 0.086 0.075 0.982 0.216
baso_pwy164_pc4 2 2 0.072 0.101 0.987 0.087
baso_pwy166_pc1 2 2 0.104 0.064 0.974 0.212
baso_pwy197_pc5 2 2 0.081 -0.094 0.984 0.257
baso_pwy245_pc3 2 2 0.185 -0.088 0.918 0.363
baso_pwy260_pc4 2 2 0.769 0.033 0.126 0.559
baso_pwy302_pc3 2 2 0.441 0.087 0.591 0.461
baso_pwy315_pc3 3 3 0.012 0.075 0.976 0.062
baso_pwy45_pc4 2 2 0.873 0.021 0.039 0.7
baso_pwy6_pc3 2 2 0.067 -0.079 0.989 0.135
baso_pwy78_pc2 2 2 0.813 0.027 0.084 0.64
baso_pwy88_pc4 3 3 0.906 0.007 0.009 0.946
baso_pwy97_pc2 2 2 0.122 0.117 0.963 0.115
eo_pwy116_pc1 2 2 0.01 0.146 1 0.025
eo_pwy139_pc1 2 2 0.048 0.099 0.994 0.124
eo_pwy140_pc1 2 2 0.039 0.07 0.996 0.094
eo_pwy157_pc3 2 2 0.216 -0.125 0.889 0.442
eo_pwy172_pc2 2 2 0.043 0.087 0.995 0.101
eo_pwy195_pc2 2 2 0.116 -0.105 0.967 0.281
eo_pwy225_pc3 2 2 0.883 -0.028 0.034 0.723
eo_pwy228_pc1 2 2 0.809 -0.025 0.087 0.6
eo_pwy239_pc1 2 2 0.983 0.003 0.001 0.949
eo_pwy241_pc1 3 3 0.007 -0.117 0.986 0.043
eo_pwy260_pc4 2 2 0.895 -0.013 0.027 0.759
eo_pwy271_pc1 2 2 0.057 0.072 0.992 0.14
eo_pwy29_pc1 2 2 0.988 0.002 0 0.977
eo_pwy326_pc5 2 2 0.659 -0.061 0.261 0.522
eo_pwy44_pc3 2 2 0.953 -0.01 0.005 0.885
eo_pwy57_pc3 2 2 0.965 -0.005 0.003 0.914
eo_pwy93_pc1 2 2 0.897 -0.015 0.026 0.753
gran_pwy15_pc4 2 2 0.94 -0.008 0.009 0.812
gran_pwy179_pc3 2 2 0.195 0.099 0.909 0.392
gran_pwy187_pc2 2 2 0.941 0.011 0.009 0.878
gran_pwy18_pc1 2 2 0.334 0.194 0.749 0.496
gran_pwy194_pc5 3 3 0.488 0.054 0.262 0.338
gran_pwy228_pc2 2 2 0.094 0.116 0.978 0.265
gran_pwy262_pc5 2 2 0.966 -0.003 0.003 0.888
gran_pwy266_pc2 2 2 0.915 0.011 0.018 0.768
gran_pwy29_pc2 3 3 0.867 -0.027 0.018 0.901
gran_pwy330_pc5 2 2 0.162 -0.082 0.937 0.375
gran_pwy47_pc5 2 2 0.933 -0.007 0.011 0.8
gran_pwy53_pc5 2 2 0.993 -0.001 0 0.971
gran_pwy64_pc4 2 2 0.743 0.04 0.154 0.523
gran_pwy73_pc3 2 2 0.73 0.048 0.169 0.626
gran_pwy75_pc3 2 2 0.097 0.076 0.977 0.274
gran_pwy77_pc2 5 5 0.373 0.035 0.201 0.341
gran_pwy94_pc5 2 2 0.868 -0.021 0.042 0.73
hct_pwy103_pc4 2 2 0.92 0.013 0.016 0.76
hct_pwy123_pc5 4 4 0.469 0.031 0.185 0.497
hct_pwy131_pc4 4 4 0.25 0.037 0.403 0.18
hct_pwy159_pc3 2 2 0.108 0.052 0.972 0.116
hct_pwy163_pc5 2 2 0.75 0.047 0.147 0.576
hct_pwy202_pc3 2 2 0.669 0.031 0.246 0.545
hct_pwy204_pc3 2 2 0.851 0.022 0.054 0.685
hct_pwy221_pc3 3 3 0.127 0.081 0.762 0.213
hct_pwy234_pc3 2 2 0.001 0.109 1 0.002
hct_pwy250_pc4 2 2 0.207 -0.297 0.898 0.315
hct_pwy255_pc5 2 2 0.089 -0.044 0.981 0.113
hct_pwy260_pc2 2 2 0.122 0.09 0.964 0.332
hct_pwy274_pc2 2 2 0.969 -0.006 0.002 0.935
hct_pwy280_pc5 2 2 0.593 -0.147 0.356 0.504
hct_pwy287_pc5 2 2 0.335 -0.142 0.747 0.469
hct_pwy298_pc3 2 2 0.1 -0.084 0.976 0.114
hct_pwy306_pc3 2 2 0.346 -0.101 0.733 0.461
hct_pwy315_pc3 2 2 0.1 -0.056 0.976 0.114
hct_pwy316_pc3 2 2 0.649 0.032 0.274 0.545
hct_pwy332_pc2 2 2 0.931 0.009 0.012 0.877
hct_pwy36_pc2 2 2 0.787 0.025 0.108 0.619
hct_pwy56_pc3 2 2 0.236 -0.172 0.869 0.437
hct_pwy84_pc4 2 2 0.041 0.081 0.996 0.099
hct_pwy92_pc5 2 2 0.009 -0.096 1 0.014
hgb_pwy103_pc4 2 2 0.901 0.015 0.024 0.732
hgb_pwy114_pc5 2 2 0.983 0.001 0.001 0.942
hgb_pwy121_pc3 3 3 0.006 -0.069 0.988 0.044
hgb_pwy123_pc5 4 3 0.307 0.051 0.334 0.287
hgb_pwy143_pc3 2 1 0.921 0.008 0.015 0.878
hgb_pwy151_pc5 2 1 0.835 -0.021 0.065 0.627
hgb_pwy156_pc4 2 2 0 0.094 1 0.001
hgb_pwy159_pc3 2 2 0.037 0.056 0.997 0.027
hgb_pwy163_pc3 2 2 0.939 0.01 0.009 0.807
hgb_pwy167_pc3 2 2 0.072 0.095 0.987 0.173
hgb_pwy180_pc5 2 2 0.03 0.06 0.998 0.024
hgb_pwy197_pc5 2 1 0.883 0.016 0.033 0.861
hgb_pwy202_pc3 3 2 0.427 0.046 0.328 0.39
hgb_pwy204_pc3 2 2 0.871 0.019 0.04 0.692
hgb_pwy206_pc2 2 1 0.889 -0.017 0.03 0.867
hgb_pwy20_pc3 2 1 0.71 -0.072 0.194 0.533
hgb_pwy213_pc3 2 1 0.922 -0.013 0.015 0.879
hgb_pwy218_pc3 2 1 0.887 0.014 0.031 0.866
hgb_pwy221_pc3 2 2 0.249 0.116 0.855 0.454
hgb_pwy228_pc3 2 1 0.878 -0.016 0.036 0.859
hgb_pwy231_pc4 2 1 0.837 -0.026 0.064 0.603
hgb_pwy234_pc3 2 2 0.003 0.102 1 0.014
hgb_pwy238_pc5 2 1 0.763 -0.036 0.132 0.563
hgb_pwy250_pc1 2 1 0.171 -0.138 0.929 0.326
hgb_pwy250_pc4 3 3 0.121 -0.236 0.772 0.187
hgb_pwy255_pc5 2 2 0.049 -0.044 0.994 0.031
hgb_pwy265_pc3 2 2 0.653 0.076 0.269 0.534
hgb_pwy287_pc5 2 1 0.61 -0.101 0.33 0.505
hgb_pwy288_pc5 2 1 0.892 -0.009 0.028 0.868
hgb_pwy294_pc3 2 2 0.064 -0.056 0.99 0.195
hgb_pwy296_pc5 2 2 0.104 0.053 0.974 0.302
hgb_pwy306_pc3 3 3 0.385 -0.068 0.378 0.348
hgb_pwy315_pc3 2 2 0.079 -0.052 0.985 0.042
hgb_pwy316_pc3 2 2 0.641 0.042 0.285 0.534
hgb_pwy325_pc2 2 2 0.117 0.08 0.966 0.051
hgb_pwy327_pc4 2 2 0.855 -0.015 0.051 0.642
hgb_pwy36_pc2 2 2 0.759 0.028 0.136 0.571
hgb_pwy46_pc5 2 2 0.022 -0.094 0.999 0.027
hgb_pwy56_pc3 2 2 0.258 -0.179 0.844 0.455
hgb_pwy68_pc1 2 2 0.028 0.097 0.998 0.092
hgb_pwy6_pc5 2 2 0.945 0.006 0.007 0.858
hgb_pwy85_pc3 2 2 0.123 -0.079 0.963 0.165
hgb_pwy92_pc5 2 2 0.128 -0.085 0.96 0.329
lymph_pwy106_pc4 2 2 0.122 0.08 0.964 0.334
lymph_pwy183_pc3 2 2 0.627 -0.053 0.305 0.546
lymph_pwy66_pc5 3 3 0.65 -0.034 0.123 0.653
lymph_pwy80_pc4 3 3 0.02 0.103 0.961 0.104
lymph_pwy82_pc4 2 2 0.898 0.014 0.025 0.748
lymph_pwy84_pc2 2 2 0.812 0.022 0.085 0.605
lymph_pwy92_pc3 2 2 0.065 -0.077 0.99 0.086
mch_pwy105_pc2 2 2 0.062 0.089 0.991 0.081
mch_pwy113_pc2 2 2 0.028 -0.081 0.998 0.039
mch_pwy114_pc3 2 2 0.071 -0.084 0.988 0.063
mch_pwy122_pc5 2 1 0.004 0.12 1 0.014
mch_pwy123_pc1 2 2 0.9 -0.018 0.025 0.818
mch_pwy144_pc5 2 2 0.757 0.058 0.139 0.624
mch_pwy146_pc3 3 3 0.753 -0.038 0.061 0.783
mch_pwy244_pc3 2 2 0.713 0.112 0.19 0.588
mch_pwy250_pc1 2 2 0.665 -0.119 0.252 0.556
mch_pwy279_pc5 2 2 0.074 0.067 0.987 0.098
mch_pwy300_pc1 2 2 0.633 -0.081 0.297 0.539
mch_pwy302_pc1 2 2 0.934 -0.012 0.011 0.902
mch_pwy305_pc1 2 2 0.894 0.014 0.028 0.812
mch_pwy307_pc4 2 2 0.02 -0.06 0.999 0.033
mch_pwy308_pc1 2 2 0.89 0.013 0.029 0.808
mch_pwy313_pc1 2 2 0.832 0.017 0.068 0.724
mch_pwy315_pc1 2 2 0.788 0.021 0.107 0.636
mch_pwy316_pc5 2 2 0.077 -0.059 0.985 0.106
mch_pwy318_pc1 3 3 0.391 -0.072 0.371 0.329
mch_pwy319_pc5 2 2 0.113 0.076 0.969 0.155
mch_pwy321_pc2 2 2 0.348 0.076 0.729 0.275
mch_pwy322_pc4 3 3 0.563 0.041 0.191 0.493
mch_pwy323_pc5 2 2 0.04 0.074 0.996 0.045
mch_pwy325_pc2 2 2 0.344 0.078 0.736 0.27
mch_pwy328_pc5 2 2 0.832 0.012 0.068 0.705
mch_pwy330_pc5 2 2 0.504 -0.048 0.494 0.524
mch_pwy4_pc1 2 2 0.847 -0.036 0.057 0.747
mch_pwy54_pc5 2 2 0.141 0.086 0.951 0.273
mchc_pwy117_pc3 2 2 0.002 -0.121 1 0.004
mchc_pwy141_pc1 2 2 0.052 -0.074 0.993 0.102
mchc_pwy14_pc3 2 2 0.064 -0.095 0.99 0.117
mchc_pwy151_pc2 2 2 0.982 0.002 0.001 0.948
mchc_pwy153_pc2 2 2 0.014 -0.081 1 0.026
mchc_pwy162_pc4 2 2 0.036 0.061 0.997 0.082
mchc_pwy164_pc1 3 2 0.004 -0.109 0.992 0.02
mchc_pwy213_pc1 2 2 0.787 -0.043 0.108 0.593
mchc_pwy232_pc3 3 3 0.748 0.021 0.064 0.774
mchc_pwy235_pc5 3 3 0.617 -0.026 0.147 0.585
mchc_pwy241_pc1 2 2 0.33 0.267 0.755 0.462
mchc_pwy269_pc2 2 1 0.986 0.002 0.001 0.971
mchc_pwy272_pc2 2 2 0.005 -0.095 1 0.007
mchc_pwy296_pc4 2 2 0.086 -0.042 0.982 0.202
mchc_pwy314_pc2 2 2 0.816 -0.026 0.081 0.67
mchc_pwy325_pc5 2 2 0.794 -0.051 0.101 0.567
mchc_pwy328_pc1 2 1 0.96 0.004 0.004 0.905
mchc_pwy330_pc1 2 1 0.933 0.007 0.011 0.845
mchc_pwy47_pc4 2 2 0.345 -0.137 0.734 0.521
mchc_pwy73_pc3 2 2 0.032 0.119 0.997 0.061
mchc_pwy92_pc1 2 2 0.028 0.091 0.998 0.062
mcv_pwy144_pc5 2 2 0.744 0.061 0.153 0.606
mcv_pwy146_pc3 2 2 0.676 -0.084 0.237 0.559
mcv_pwy169_pc5 2 2 0.397 0.049 0.659 0.329
mcv_pwy183_pc4 2 2 0.492 0.039 0.513 0.514
mcv_pwy190_pc2 2 2 0.948 0.007 0.007 0.881
mcv_pwy244_pc3 2 2 0.77 0.078 0.125 0.614
mcv_pwy252_pc2 2 2 0.682 0.047 0.229 0.582
mcv_pwy270_pc2 2 2 0.045 0.065 0.995 0.115
mcv_pwy279_pc5 2 2 0.039 0.067 0.996 0.052
mcv_pwy300_pc1 2 2 0.641 -0.064 0.286 0.547
mcv_pwy305_pc1 2 2 0.941 0.007 0.009 0.884
mcv_pwy318_pc1 3 3 0.362 -0.063 0.407 0.278
mcv_pwy322_pc4 3 3 0.526 0.046 0.225 0.452
mcv_pwy46_pc2 2 2 0.541 -0.08 0.436 0.542
mcv_pwy64_pc5 2 2 0.061 0.067 0.991 0.054
mcv_pwy79_pc3 2 2 0.062 0.077 0.99 0.051
mcv_pwy79_pc4 3 3 0.597 -0.026 0.162 0.562
mcv_pwy87_pc5 2 2 0.949 -0.008 0.006 0.896
mcv_pwy95_pc1 2 2 0.273 -0.112 0.828 0.406
mono_pwy101_pc5 2 2 0.97 -0.003 0.002 0.942
mono_pwy117_pc5 2 2 0.137 0.07 0.955 0.245
mono_pwy122_pc4 2 2 0.443 0.021 0.589 0.455
mono_pwy127_pc2 3 3 0.342 -0.048 0.434 0.27
mono_pwy128_pc2 2 2 0.795 0.019 0.101 0.827
mono_pwy128_pc4 2 2 0.847 -0.011 0.056 0.833
mono_pwy130_pc4 2 2 0.458 -0.028 0.565 0.482
mono_pwy139_pc4 2 2 0.089 -0.052 0.981 0.186
mono_pwy140_pc4 3 3 0.493 0.038 0.257 0.521
mono_pwy143_pc2 4 4 0.463 0.106 0.19 0.46
mono_pwy143_pc4 3 3 0.031 0.053 0.94 0.087
mono_pwy144_pc3 2 2 0.13 -0.148 0.959 0.198
mono_pwy147_pc3 2 2 0.135 -0.128 0.956 0.267
mono_pwy148_pc3 2 2 0.958 0.007 0.004 0.918
mono_pwy149_pc1 2 2 0.465 0.033 0.554 0.492
mono_pwy151_pc4 2 2 0.46 0.02 0.563 0.484
mono_pwy161_pc4 2 2 0.005 0.052 1 0.015
mono_pwy163_pc4 2 2 0.782 -0.013 0.112 0.827
mono_pwy165_pc4 2 2 0.812 0.009 0.085 0.827
mono_pwy169_pc4 2 2 0.857 0.01 0.049 0.839
mono_pwy174_pc2 2 2 0.164 0.12 0.935 0.306
mono_pwy181_pc4 2 2 0.47 0.027 0.547 0.498
mono_pwy189_pc2 2 2 0.679 0.138 0.233 0.565
mono_pwy192_pc4 2 2 0.792 0.011 0.103 0.827
mono_pwy196_pc4 2 2 0.14 -0.066 0.953 0.253
mono_pwy199_pc2 2 2 0.442 -0.094 0.59 0.498
mono_pwy202_pc4 2 2 0.041 -0.061 0.996 0.095
mono_pwy205_pc4 2 2 0.027 0.056 0.998 0.063
mono_pwy211_pc3 2 2 0.457 -0.036 0.568 0.477
mono_pwy211_pc4 2 2 0.83 0.009 0.07 0.828
mono_pwy212_pc2 2 2 0.666 0.099 0.251 0.564
mono_pwy217_pc4 2 2 0.852 0.038 0.053 0.787
mono_pwy223_pc4 3 3 0.813 -0.008 0.035 0.814
mono_pwy225_pc5 2 2 0.936 -0.009 0.01 0.89
mono_pwy226_pc2 2 2 0.733 0.043 0.166 0.602
mono_pwy228_pc4 2 2 0.017 -0.053 0.999 0.037
mono_pwy234_pc1 2 2 0.842 -0.015 0.06 0.829
mono_pwy242_pc1 3 3 0.399 -0.041 0.361 0.442
mono_pwy247_pc2 2 2 0.835 0.017 0.066 0.828
mono_pwy254_pc1 2 2 0.049 0.127 0.994 0.086
mono_pwy258_pc1 3 3 0.352 -0.033 0.42 0.387
mono_pwy266_pc4 2 2 0.203 -0.084 0.902 0.365
mono_pwy270_pc3 2 2 0.459 -0.053 0.565 0.484
mono_pwy274_pc4 2 2 0.827 0.013 0.072 0.828
mono_pwy277_pc5 3 3 0.002 -0.088 0.996 0.007
mono_pwy284_pc4 3 3 0.026 -0.066 0.949 0.065
mono_pwy286_pc1 2 2 0.73 -0.074 0.169 0.605
mono_pwy288_pc4 2 2 0.106 0.059 0.972 0.166
mono_pwy289_pc5 2 2 0.831 -0.011 0.069 0.828
mono_pwy291_pc5 2 2 0.115 0.067 0.968 0.193
mono_pwy294_pc4 3 3 0.946 0.001 0.003 0.932
mono_pwy296_pc2 3 3 0.794 0.011 0.042 0.806
mono_pwy310_pc2 2 2 0.489 0.039 0.517 0.529
mono_pwy317_pc1 2 2 0.11 0.06 0.971 0.198
mono_pwy325_pc4 3 3 0.494 -0.102 0.256 0.399
mono_pwy330_pc4 2 2 0.805 -0.015 0.091 0.827
mono_pwy331_pc4 2 2 0.028 -0.075 0.998 0.048
mono_pwy332_pc4 3 3 0.369 -0.039 0.398 0.411
mono_pwy45_pc2 2 2 0.033 0.081 0.997 0.066
mono_pwy74_pc3 3 3 0.948 0.016 0.003 0.958
mono_pwy81_pc2 2 2 0.102 -0.104 0.974 0.118
mono_pwy82_pc5 2 2 0.851 0.03 0.054 0.747
mpv_pwy101_pc4 2 2 0.759 -0.052 0.137 0.645
mpv_pwy103_pc2 2 2 0.159 -0.121 0.939 0.284
mpv_pwy105_pc3 2 2 0.04 -0.075 0.996 0.054
mpv_pwy140_pc1 3 3 0.162 -0.105 0.703 0.166
mpv_pwy147_pc4 2 2 0.646 0.193 0.278 0.521
mpv_pwy166_pc5 2 2 0.04 -0.062 0.996 0.067
mpv_pwy175_pc4 2 2 0.346 0.143 0.732 0.382
mpv_pwy175_pc5 2 2 0.173 -0.116 0.928 0.203
mpv_pwy179_pc1 2 2 0.168 0.409 0.932 0.141
mpv_pwy182_pc1 2 2 0.071 0.09 0.988 0.156
mpv_pwy185_pc1 3 3 0.12 0.158 0.774 0.107
mpv_pwy186_pc1 2 2 0.315 -0.126 0.774 0.28
mpv_pwy21_pc3 2 2 0.279 -0.079 0.82 0.291
mpv_pwy23_pc5 2 2 0.406 0.302 0.645 0.469
mpv_pwy24_pc5 2 2 0.009 0.116 1 0.019
mpv_pwy251_pc4 2 2 0.432 -0.268 0.605 0.507
mpv_pwy259_pc2 2 2 0.392 -0.504 0.666 0.466
mpv_pwy264_pc3 3 3 0.682 -0.041 0.101 0.694
mpv_pwy26_pc2 2 2 0.68 0.063 0.232 0.584
mpv_pwy275_pc1 2 2 0.337 0.115 0.745 0.326
mpv_pwy279_pc1 3 3 0.131 -0.111 0.756 0.118
mpv_pwy296_pc3 2 2 0.091 -0.104 0.979 0.187
mpv_pwy29_pc2 2 2 0.474 0.15 0.541 0.483
mpv_pwy322_pc1 2 2 0.034 -0.101 0.997 0.023
mpv_pwy323_pc1 2 2 0.339 0.311 0.742 0.348
mpv_pwy49_pc3 2 2 0.594 0.19 0.354 0.575
mpv_pwy62_pc3 2 1 0.384 0.454 0.679 0.461
mpv_pwy68_pc3 2 2 0.102 0.125 0.975 0.17
mpv_pwy75_pc2 2 2 0.75 -0.048 0.147 0.638
mpv_pwy99_pc5 2 2 0.564 0.403 0.4 0.52
myeloid_wbc_pwy194_pc5 2 2 0.919 0.01 0.016 0.775
myeloid_wbc_pwy262_pc5 2 2 0.967 -0.003 0.003 0.901
myeloid_wbc_pwy266_pc2 3 3 0.697 -0.027 0.092 0.713
myeloid_wbc_pwy330_pc5 2 2 0.158 -0.079 0.939 0.368
myeloid_wbc_pwy53_pc5 2 2 0.927 -0.009 0.013 0.825
myeloid_wbc_pwy64_pc4 2 2 0.754 0.038 0.143 0.542
myeloid_wbc_pwy75_pc3 2 2 0.209 0.099 0.896 0.427
myeloid_wbc_pwy77_pc2 3 3 0.74 -0.02 0.067 0.799
myeloid_wbc_pwy91_pc1 2 2 0.192 0.184 0.912 0.406
myeloid_wbc_pwy94_pc5 2 2 0.891 -0.017 0.029 0.759
neut_pwy15_pc4 2 2 0.961 -0.005 0.004 0.865
neut_pwy194_pc5 3 3 0.508 0.051 0.242 0.373
neut_pwy209_pc5 2 2 0.111 -0.221 0.97 0.302
neut_pwy228_pc2 2 2 0.1 0.115 0.975 0.267
neut_pwy262_pc5 2 2 0.982 -0.002 0.001 0.926
neut_pwy29_pc2 2 2 0.765 -0.08 0.13 0.528
neut_pwy328_pc1 2 2 0.892 0.011 0.029 0.698
neut_pwy330_pc1 2 2 0.863 0.015 0.046 0.654
neut_pwy330_pc5 2 2 0.146 -0.083 0.949 0.342
neut_pwy47_pc5 2 2 0.914 -0.009 0.018 0.755
neut_pwy64_pc4 2 2 0.756 0.037 0.14 0.573
neut_pwy75_pc3 2 2 0.082 0.075 0.984 0.219
neut_pwy77_pc2 3 3 0.369 0.049 0.399 0.299
pct_pwy117_pc4 2 2 0.086 0.049 0.982 0.202
pct_pwy138_pc2 2 2 0.115 -0.095 0.967 0.235
pct_pwy138_pc3 2 2 0.077 0.095 0.986 0.109
pct_pwy147_pc4 2 2 0.066 -0.077 0.989 0.171
pct_pwy15_pc4 2 2 0.979 0.003 0.001 0.944
pct_pwy204_pc1 2 1 0.086 -0.111 0.982 0.182
pct_pwy209_pc1 2 2 0.101 -0.071 0.975 0.236
pct_pwy209_pc5 2 2 0.903 0.041 0.023 0.769
pct_pwy240_pc3 2 2 0.908 0.013 0.021 0.773
pct_pwy250_pc1 2 2 0.001 -0.146 1 0.002
pct_pwy259_pc2 2 2 0.078 0.115 0.985 0.201
pct_pwy265_pc2 2 2 0.087 0.053 0.981 0.205
pct_pwy26_pc1 2 1 0.096 -0.074 0.977 0.208
pct_pwy26_pc3 2 2 0.994 -0.001 0 0.983
pct_pwy274_pc5 2 2 0.084 -0.059 0.983 0.198
pct_pwy287_pc5 2 1 0.106 0.061 0.973 0.199
pct_pwy300_pc5 2 1 0.11 0.103 0.971 0.234
pct_pwy326_pc2 2 1 0.959 -0.006 0.004 0.917
pct_pwy43_pc4 2 2 0.632 -0.194 0.298 0.507
pct_pwy49_pc3 2 2 0.079 -0.091 0.985 0.084
pct_pwy56_pc4 2 2 0.005 0.091 1 0.005
pct_pwy85_pc5 2 2 0.082 -0.047 0.984 0.075
pct_pwy86_pc1 2 2 0.068 -0.093 0.989 0.102
pdw_pwy102_pc2 2 2 0.89 0.015 0.03 0.795
pdw_pwy119_pc2 3 3 0.41 -0.089 0.348 0.332
pdw_pwy127_pc2 2 2 0.498 0.102 0.503 0.495
pdw_pwy135_pc1 2 2 0.054 -0.088 0.993 0.092
pdw_pwy135_pc4 2 2 0.089 0.075 0.981 0.185
pdw_pwy151_pc5 2 2 0.968 0.005 0.003 0.951
pdw_pwy15_pc4 2 2 0.573 -0.057 0.386 0.602
pdw_pwy167_pc3 4 4 0.363 -0.078 0.276 0.349
pdw_pwy178_pc3 3 3 0.129 0.091 0.758 0.173
pdw_pwy200_pc3 2 2 0.988 -0.003 0 0.981
pdw_pwy209_pc3 4 4 0.859 -0.019 0.012 0.851
pdw_pwy222_pc3 2 2 0.145 -0.09 0.949 0.264
pdw_pwy223_pc5 2 2 0.547 -0.081 0.426 0.505
pdw_pwy23_pc1 2 2 0.462 -0.173 0.56 0.499
pdw_pwy244_pc4 2 2 0.252 0.137 0.852 0.442
pdw_pwy247_pc4 2 2 0.933 0.008 0.011 0.864
pdw_pwy256_pc5 3 3 0.334 -0.033 0.444 0.306
pdw_pwy259_pc2 2 2 0.068 -0.143 0.989 0.139
pdw_pwy264_pc3 2 2 0.051 -0.113 0.994 0.133
pdw_pwy26_pc2 2 2 0.665 -0.068 0.252 0.511
pdw_pwy272_pc3 2 2 0.933 -0.01 0.011 0.863
pdw_pwy308_pc2 2 2 0.904 -0.016 0.023 0.861
pdw_pwy329_pc1 2 2 0.866 0.02 0.044 0.742
pdw_pwy331_pc3 2 2 0.557 0.129 0.411 0.534
pdw_pwy44_pc1 2 2 0.277 -0.13 0.823 0.437
pdw_pwy49_pc3 2 2 0.027 0.122 0.998 0.033
pdw_pwy53_pc1 4 4 0.498 -0.07 0.165 0.459
pdw_pwy66_pc5 2 2 0.024 -0.117 0.999 0.047
pdw_pwy80_pc5 2 2 0.75 0.029 0.147 0.652
pdw_pwy92_pc3 2 2 0.182 0.095 0.921 0.373
pdw_pwy98_pc4 2 2 0.762 0.046 0.133 0.571
plt_pwy117_pc4 2 2 0.852 -0.011 0.053 0.704
plt_pwy132_pc4 3 3 0.562 -0.057 0.192 0.513
plt_pwy135_pc1 2 2 0.249 0.243 0.854 0.405
plt_pwy135_pc4 2 2 0.37 -0.204 0.699 0.493
plt_pwy138_pc3 2 2 0.026 0.087 0.998 0.037
plt_pwy15_pc4 2 2 0.331 -0.308 0.753 0.479
plt_pwy165_pc3 2 2 0.358 0.306 0.716 0.495
plt_pwy176_pc4 3 3 0.026 -0.083 0.948 0.112
plt_pwy178_pc3 2 2 0.152 -0.105 0.944 0.278
plt_pwy185_pc1 2 2 0.023 -0.127 0.999 0.021
plt_pwy186_pc1 2 2 0.018 0.104 0.999 0.011
plt_pwy209_pc5 2 2 0.835 0.077 0.066 0.704
plt_pwy232_pc4 2 2 0.133 0.115 0.957 0.249
plt_pwy240_pc3 2 2 0.578 0.178 0.379 0.486
plt_pwy250_pc1 2 2 0.376 -0.267 0.69 0.423
plt_pwy251_pc4 2 2 0.374 0.176 0.693 0.479
plt_pwy259_pc2 2 2 0.317 0.332 0.772 0.471
plt_pwy264_pc3 2 2 0.832 0.027 0.068 0.677
plt_pwy272_pc3 3 3 0.79 0.019 0.044 0.805
plt_pwy272_pc4 2 2 0.955 0.007 0.005 0.883
plt_pwy27_pc2 3 3 0.628 -0.033 0.138 0.603
plt_pwy326_pc2 2 2 0.05 0.12 0.994 0.089
plt_pwy328_pc5 2 2 0.477 0.083 0.536 0.476
plt_pwy43_pc4 2 2 0.642 -0.167 0.285 0.505
plt_pwy49_pc3 2 2 0.41 -0.182 0.64 0.452
plt_pwy56_pc4 2 2 0.37 0.167 0.699 0.423
plt_pwy65_pc4 3 3 0.725 -0.034 0.076 0.752
plt_pwy79_pc4 2 2 0.234 0.092 0.871 0.373
plt_pwy85_pc5 2 2 0.122 -0.045 0.964 0.142
rbc_pwy103_pc4 3 3 0.407 0.052 0.352 0.301
rbc_pwy113_pc2 2 2 0.979 0.005 0.001 0.951
rbc_pwy117_pc4 2 2 0.897 0.007 0.026 0.763
rbc_pwy122_pc5 2 2 0.698 -0.029 0.208 0.563
rbc_pwy144_pc5 2 2 0.641 -0.064 0.286 0.537
rbc_pwy146_pc3 2 2 0.768 0.038 0.127 0.633
rbc_pwy188_pc5 2 2 0.009 -0.078 1 0.021
rbc_pwy20_pc3 2 2 0.064 0.124 0.99 0.169
rbc_pwy213_pc1 2 2 0.835 0.023 0.065 0.698
rbc_pwy235_pc5 2 2 0.081 0.084 0.984 0.182
rbc_pwy250_pc1 2 2 0.023 -0.096 0.999 0.036
rbc_pwy250_pc4 2 2 0.156 -0.163 0.941 0.293
rbc_pwy252_pc1 2 2 0.931 -0.013 0.012 0.84
rbc_pwy254_pc5 2 1 0.101 -0.113 0.975 0.157
rbc_pwy27_pc5 3 3 0.929 -0.007 0.005 0.931
rbc_pwy280_pc5 4 4 0.502 -0.049 0.161 0.495
rbc_pwy308_pc2 3 3 0.034 0.1 0.933 0.119
rbc_pwy332_pc2 2 2 0.996 0 0 0.987
rbc_pwy4_pc1 2 2 0.955 0.007 0.005 0.869
rbc_pwy57_pc2 2 2 0.905 -0.015 0.022 0.763
rbc_pwy87_pc5 2 2 0.887 0.017 0.031 0.763
rbc_pwy92_pc5 2 2 0.004 -0.088 1 0.009
rdw_pwy117_pc1 2 2 0.037 -0.073 0.997 0.088
rdw_pwy120_pc5 3 3 0.138 -0.131 0.744 0.224
rdw_pwy139_pc1 2 2 0.118 0.083 0.966 0.21
rdw_pwy153_pc2 4 4 0.215 0.051 0.45 0.179
rdw_pwy173_pc2 2 2 0.593 -0.172 0.356 0.498
rdw_pwy175_pc1 3 3 0.087 -0.109 0.834 0.129
rdw_pwy17_pc1 2 2 0.13 0.097 0.959 0.213
rdw_pwy186_pc2 2 2 0.886 0.019 0.032 0.754
rdw_pwy202_pc3 2 2 0.554 -0.043 0.415 0.557
rdw_pwy203_pc2 2 2 0.116 0.08 0.967 0.202
rdw_pwy209_pc5 2 2 0.962 -0.01 0.003 0.91
rdw_pwy214_pc1 2 2 0.067 -0.088 0.989 0.158
rdw_pwy226_pc1 2 2 0.121 0.098 0.965 0.267
rdw_pwy22_pc2 3 3 0.919 0.006 0.007 0.927
rdw_pwy22_pc4 2 2 0.028 0.101 0.998 0.038
rdw_pwy243_pc1 2 2 0.718 -0.091 0.183 0.649
rdw_pwy260_pc3 2 2 0.483 -0.095 0.527 0.509
rdw_pwy264_pc3 2 2 0.736 -0.043 0.162 0.58
rdw_pwy26_pc3 2 2 0.089 0.082 0.981 0.202
rdw_pwy287_pc5 2 2 0.002 0.058 1 0.004
rdw_pwy305_pc1 2 2 0.039 0.131 0.996 0.05
rdw_pwy79_pc2 2 2 0.182 -0.059 0.92 0.279
rdw_pwy8_pc4 4 4 0.291 -0.098 0.353 0.324
rdw_pwy95_pc1 4 4 0.113 0.071 0.621 0.113
rdw_pwy99_pc1 2 2 0.038 -0.081 0.996 0.089
ret_pwy104_pc2 2 2 0.158 -0.07 0.94 0.244
ret_pwy10_pc2 4 4 0.123 -0.104 0.602 0.1
ret_pwy111_pc4 2 2 0.106 0.05 0.972 0.087
ret_pwy121_pc3 3 3 0.386 -0.058 0.378 0.381
ret_pwy122_pc5 2 2 0.864 -0.012 0.045 0.839
ret_pwy123_pc1 2 2 0.116 -0.149 0.967 0.133
ret_pwy126_pc4 2 2 0.842 -0.016 0.061 0.68
ret_pwy131_pc3 2 2 0.948 0.009 0.007 0.901
ret_pwy135_pc3 2 2 0.946 -0.008 0.007 0.892
ret_pwy141_pc1 2 2 0.773 -0.047 0.122 0.601
ret_pwy142_pc5 2 2 0.885 0.011 0.032 0.764
ret_pwy144_pc5 2 2 0.889 0.013 0.03 0.856
ret_pwy146_pc3 2 2 0.564 -0.08 0.401 0.513
ret_pwy150_pc2 2 2 0.056 0.078 0.992 0.096
ret_pwy155_pc5 2 2 0.821 0.025 0.077 0.66
ret_pwy156_pc3 2 2 0.838 -0.035 0.064 0.7
ret_pwy159_pc3 2 2 0.516 -0.054 0.475 0.493
ret_pwy15_pc4 2 2 0.867 -0.016 0.043 0.769
ret_pwy161_pc1 2 2 0.021 0.072 0.999 0.027
ret_pwy163_pc3 2 2 0.107 -0.108 0.972 0.11
ret_pwy169_pc5 2 2 0.012 0.067 1 0.025
ret_pwy179_pc1 2 2 0.029 0.133 0.998 0.026
ret_pwy184_pc1 3 3 0.279 -0.107 0.52 0.273
ret_pwy185_pc2 2 2 0.573 0.059 0.387 0.588
ret_pwy186_pc2 3 3 0.306 -0.059 0.482 0.272
ret_pwy18_pc5 2 2 0.433 0.053 0.604 0.469
ret_pwy194_pc4 2 2 0.936 0.013 0.01 0.853
ret_pwy195_pc5 2 2 0.953 -0.007 0.005 0.889
ret_pwy197_pc1 2 2 0.04 -0.093 0.996 0.047
ret_pwy200_pc3 2 2 0.399 -0.091 0.656 0.374
ret_pwy202_pc3 2 2 0.92 -0.009 0.016 0.875
ret_pwy212_pc3 2 2 0.369 -0.093 0.699 0.368
ret_pwy216_pc1 2 2 0.062 0.081 0.991 0.064
ret_pwy221_pc3 2 2 0.406 -0.069 0.646 0.44
ret_pwy222_pc3 2 2 0.596 0.206 0.351 0.47
ret_pwy224_pc5 2 2 0.865 0.013 0.044 0.743
ret_pwy235_pc5 2 2 0.967 0.004 0.003 0.939
ret_pwy236_pc2 2 2 0.458 0.069 0.567 0.422
ret_pwy23_pc5 2 2 0.256 0.156 0.847 0.352
ret_pwy246_pc3 2 2 0.813 0.054 0.084 0.643
ret_pwy247_pc1 2 2 0.008 0.088 1 0.01
ret_pwy247_pc4 2 2 0.013 0.053 1 0.022
ret_pwy252_pc1 2 2 0.365 -0.108 0.706 0.322
ret_pwy259_pc4 2 2 0.943 0.007 0.008 0.903
ret_pwy262_pc4 2 2 0.107 0.071 0.972 0.088
ret_pwy279_pc1 2 2 0.794 0.035 0.102 0.781
ret_pwy280_pc5 3 3 0.146 -0.138 0.729 0.208
ret_pwy281_pc1 2 2 0.702 -0.044 0.203 0.669
ret_pwy287_pc5 3 3 0.348 -0.084 0.425 0.276
ret_pwy288_pc5 2 2 0.926 -0.007 0.013 0.88
ret_pwy289_pc1 2 2 0.235 -0.188 0.87 0.397
ret_pwy294_pc5 2 2 0.006 0.043 1 0.007
ret_pwy296_pc5 2 2 0.905 -0.007 0.022 0.837
ret_pwy303_pc4 2 2 0.457 0.076 0.568 0.424
ret_pwy305_pc1 3 3 0.991 0.001 0 0.994
ret_pwy308_pc2 3 3 0.701 0.028 0.09 0.698
ret_pwy310_pc5 4 4 0.251 0.056 0.402 0.255
ret_pwy312_pc3 2 2 0.635 0.103 0.294 0.562
ret_pwy314_pc5 2 2 0.452 0.098 0.575 0.468
ret_pwy316_pc4 2 2 0.018 -0.083 0.999 0.033
ret_pwy316_pc5 2 2 0.423 0.102 0.619 0.449
ret_pwy317_pc1 2 2 0.225 -0.124 0.88 0.352
ret_pwy318_pc4 2 2 0.129 -0.074 0.959 0.132
ret_pwy319_pc5 2 2 0.403 -0.137 0.65 0.442
ret_pwy321_pc2 2 2 0.065 0.159 0.99 0.075
ret_pwy321_pc5 2 2 0.164 0.137 0.935 0.168
ret_pwy323_pc2 3 3 0.185 -0.099 0.665 0.177
ret_pwy325_pc2 2 2 0.068 0.16 0.989 0.08
ret_pwy325_pc5 2 2 0.155 0.115 0.942 0.164
ret_pwy329_pc1 2 2 0.002 0.08 1 0.003
ret_pwy330_pc1 3 3 0.827 -0.012 0.03 0.856
ret_pwy3_pc3 2 2 0.881 0.016 0.035 0.821
ret_pwy41_pc1 2 2 0.167 -0.085 0.933 0.32
ret_pwy44_pc1 2 2 0.644 -0.126 0.282 0.497
ret_pwy66_pc2 3 3 0.666 -0.034 0.112 0.665
ret_pwy78_pc2 2 2 0.04 -0.135 0.996 0.043
ret_pwy88_pc4 2 2 0.134 0.086 0.956 0.135
ukb.allasthma_pwy112_pc5 3 3 0.875 -0.024 0.016 0.887
ukb.allasthma_pwy113_pc1 3 3 0.646 -0.065 0.125 0.639
ukb.allasthma_pwy138_pc1 2 2 0.007 -0.105 1 0.023
ukb.allasthma_pwy148_pc3 3 3 0.862 -0.028 0.019 0.871
ukb.allasthma_pwy161_pc5 2 2 0.245 0.162 0.859 0.406
ukb.allasthma_pwy176_pc3 2 2 0.724 -0.053 0.177 0.604
ukb.allasthma_pwy178_pc2 2 2 0.999 0 0 0.993
ukb.allasthma_pwy191_pc5 3 3 0.632 -0.039 0.135 0.602
ukb.allasthma_pwy236_pc5 2 2 0.725 -0.078 0.175 0.537
ukb.allasthma_pwy237_pc3 2 2 0.08 -0.16 0.984 0.211
ukb.allasthma_pwy246_pc3 2 2 0.817 0.082 0.08 0.651
ukb.allasthma_pwy24_pc1 2 2 0.726 0.11 0.174 0.538
ukb.allasthma_pwy255_pc2 2 2 0.97 0.01 0.002 0.931
ukb.allasthma_pwy255_pc3 3 2 0.528 0.122 0.223 0.542
ukb.allasthma_pwy263_pc5 2 2 0.773 0.043 0.122 0.601
ukb.allasthma_pwy265_pc1 2 2 0.091 -0.117 0.98 0.159
ukb.allasthma_pwy266_pc2 2 2 0.938 0.025 0.009 0.848
ukb.allasthma_pwy267_pc3 2 2 0.137 0.234 0.955 0.253
ukb.allasthma_pwy26_pc1 3 3 0.844 0.034 0.024 0.879
ukb.allasthma_pwy273_pc1 2 2 0.001 -0.153 1 0.001
ukb.allasthma_pwy283_pc1 2 2 0.955 -0.019 0.005 0.894
ukb.allasthma_pwy284_pc3 2 2 0.043 -0.127 0.995 0.12
ukb.allasthma_pwy285_pc1 2 2 0.824 -0.057 0.074 0.654
ukb.allasthma_pwy288_pc1 2 2 0.085 -0.211 0.982 0.2
ukb.allasthma_pwy296_pc1 2 2 0.981 -0.008 0.001 0.959
ukb.allasthma_pwy2_pc4 2 2 0.969 -0.009 0.002 0.918
ukb.allasthma_pwy307_pc2 2 2 0.517 0.166 0.473 0.522
ukb.allasthma_pwy310_pc3 2 2 0.84 0.048 0.062 0.667
ukb.allasthma_pwy31_pc5 2 2 0.678 0.128 0.235 0.513
ukb.allasthma_pwy75_pc2 2 2 0.825 0.036 0.074 0.669
wbc_pwy105_pc2 2 2 0.184 0.089 0.918 0.347
wbc_pwy131_pc1 2 2 0.763 -0.022 0.132 0.59
wbc_pwy172_pc2 2 2 0.929 0.008 0.012 0.822
wbc_pwy224_pc5 3 3 0.004 -0.054 0.991 0.02
wbc_pwy237_pc2 2 2 0.01 -0.105 1 0.032
wbc_pwy242_pc4 2 2 0.782 0.037 0.113 0.595
wbc_pwy253_pc1 2 2 0.07 -0.103 0.988 0.151
wbc_pwy262_pc5 2 2 0.951 -0.005 0.006 0.84
wbc_pwy300_pc4 2 2 0.856 -0.017 0.051 0.615
wbc_pwy315_pc3 2 2 0.05 0.069 0.994 0.133
wbc_pwy317_pc5 2 2 0.045 0.063 0.995 0.128
wbc_pwy318_pc2 2 2 0.832 0.031 0.068 0.599
wbc_pwy329_pc1 2 2 0.975 0.004 0.002 0.936
wbc_pwy330_pc5 2 2 0.007 -0.064 1 0.027
wbc_pwy4_pc3 2 2 0.094 -0.077 0.978 0.29
wbc_pwy67_pc4 2 2 0.066 0.073 0.989 0.148
wbc_pwy79_pc4 2 2 0.981 0.002 0.001 0.932
wbc_pwy94_pc5 2 2 0.984 -0.002 0.001 0.968
wbc_pwy95_pc4 2 2 0.905 -0.011 0.022 0.765
