factor num_snp_fdr<0.2 num_snp_noMHC pval_in_fitting slope_in_fitting rsq_in_fitting pval_in_resampling
EUR.CD_pwy111_pc4 2 2 0.101 -0.344 0.975 0.164
EUR.CD_pwy123_pc4 2 2 0.106 -0.505 0.972 0.166
EUR.CD_pwy131_pc2 2 1 0.149 -0.798 0.947 0.1
EUR.CD_pwy132_pc1 2 2 0.957 -0.041 0.005 0.899
EUR.CD_pwy135_pc3 3 3 0.36 0.473 0.41 0.278
EUR.CD_pwy175_pc2 2 2 0.105 -0.578 0.973 0.155
EUR.CD_pwy176_pc1 2 2 0.135 0.696 0.956 0.18
EUR.CD_pwy178_pc4 2 2 0.141 -0.567 0.952 0.182
EUR.CD_pwy184_pc5 2 2 0.127 -0.492 0.961 0.18
EUR.CD_pwy187_pc2 2 2 0.746 -0.49 0.151 0.612
EUR.CD_pwy268_pc2 2 1 0.566 0.499 0.396 0.608
EUR.CD_pwy291_pc2 2 1 0.648 0.237 0.275 0.545
EUR.CD_pwy299_pc1 2 2 0.666 0.375 0.25 0.549
EUR.CD_pwy34_pc1 2 2 0.087 -1.228 0.981 0.271
EUR.CD_pwy41_pc4 2 2 0.869 -0.14 0.042 0.643
EUR.CD_pwy44_pc4 2 2 0.83 -0.168 0.07 0.609
EUR.CD_pwy58_pc1 2 2 0.009 0.836 1 0.012
EUR.CD_pwy92_pc3 3 3 0.463 -0.24 0.288 0.426
EUR.IBD_pwy129_pc4 2 2 0.158 -0.334 0.94 0.247
EUR.IBD_pwy137_pc4 2 2 0.81 0.071 0.086 0.5
EUR.IBD_pwy139_pc4 3 3 0.589 -0.096 0.169 0.503
EUR.IBD_pwy155_pc4 2 2 0.629 -0.158 0.303 0.47
EUR.IBD_pwy175_pc2 2 2 0.16 -0.398 0.938 0.262
EUR.IBD_pwy187_pc2 2 2 0.901 -0.122 0.024 0.765
EUR.IBD_pwy191_pc4 2 2 0.003 0.462 1 0.007
EUR.IBD_pwy195_pc4 2 2 0.125 0.37 0.962 0.239
EUR.IBD_pwy196_pc3 2 2 0.928 0.054 0.013 0.863
EUR.IBD_pwy197_pc4 2 2 0.127 0.312 0.961 0.239
EUR.IBD_pwy198_pc2 2 2 0.032 0.523 0.997 0.135
EUR.IBD_pwy200_pc4 2 2 0.83 -0.142 0.07 0.521
EUR.IBD_pwy204_pc2 2 2 0.242 1.133 0.863 0.382
EUR.IBD_pwy205_pc4 2 2 0.181 0.302 0.921 0.258
EUR.IBD_pwy206_pc3 2 2 0.182 -0.361 0.92 0.258
EUR.IBD_pwy218_pc4 2 2 0.131 0.379 0.958 0.243
EUR.IBD_pwy230_pc3 2 2 0.164 0.483 0.935 0.251
EUR.IBD_pwy236_pc4 2 2 0.624 0.17 0.311 0.47
EUR.IBD_pwy266_pc2 2 2 0.019 0.332 0.999 0.018
EUR.IBD_pwy271_pc4 3 3 0.348 0.165 0.425 0.267
EUR.IBD_pwy281_pc5 2 2 0.926 -0.051 0.013 0.735
EUR.IBD_pwy284_pc3 2 2 0.76 0.165 0.136 0.474
EUR.IBD_pwy286_pc4 2 2 0.175 0.235 0.926 0.255
EUR.IBD_pwy289_pc4 2 2 0.847 0.068 0.056 0.562
EUR.IBD_pwy315_pc1 2 2 0.859 -0.11 0.048 0.565
EUR.IBD_pwy319_pc4 2 2 0.161 0.337 0.937 0.25
EUR.IBD_pwy41_pc4 3 3 0.811 0.121 0.036 0.877
EUR.IBD_pwy44_pc4 2 2 0.853 -0.125 0.052 0.561
EUR.IBD_pwy58_pc1 2 2 0.03 0.674 0.998 0.103
EUR.IBD_pwy63_pc2 2 2 0.046 -0.612 0.995 0.009
EUR.IBD_pwy96_pc4 2 2 0.833 -0.087 0.067 0.525
EUR.UC_pwy102_pc1 2 2 0.05 0.342 0.994 0.177
EUR.UC_pwy130_pc1 2 2 0.05 0.506 0.994 0.18
EUR.UC_pwy137_pc4 2 2 0.903 0.038 0.023 0.663
EUR.UC_pwy139_pc4 2 2 0.843 0.072 0.059 0.643
EUR.UC_pwy155_pc4 2 2 0.917 -0.055 0.017 0.709
EUR.UC_pwy196_pc3 2 2 0.814 0.158 0.083 0.638
EUR.UC_pwy200_pc4 2 2 0.92 -0.07 0.016 0.719
EUR.UC_pwy204_pc2 3 3 0.029 0.968 0.944 0.047
EUR.UC_pwy228_pc3 2 2 0.944 0.052 0.008 0.8
EUR.UC_pwy242_pc4 2 2 0.771 0.159 0.124 0.638
EUR.UC_pwy265_pc5 2 2 0.88 -0.087 0.035 0.623
EUR.UC_pwy289_pc4 2 2 0.958 0.02 0.004 0.86
EUR.UC_pwy292_pc2 2 2 0.169 0.306 0.931 0.372
EUR.UC_pwy294_pc2 2 2 0.851 -0.079 0.054 0.7
EUR.UC_pwy2_pc1 2 2 0.104 0.439 0.973 0.271
EUR.UC_pwy300_pc4 2 2 0.917 0.053 0.017 0.709
EUR.UC_pwy307_pc2 2 2 0.111 -0.413 0.97 0.325
EUR.UC_pwy41_pc4 2 2 0.93 -0.074 0.012 0.781
EUR.UC_pwy55_pc1 2 1 0.793 0.474 0.102 0.594
EUR.UC_pwy7_pc3 2 1 0.008 -0.506 1 0.037
EUR.UC_pwy91_pc1 2 2 0.099 0.552 0.976 0.303
EUR.UC_pwy96_pc4 2 2 0.918 -0.045 0.017 0.714
T1D_pwy111_pc1 2 2 0.862 0.104 0.046 0.725
T1D_pwy118_pc2 2 2 0.939 -0.039 0.009 0.86
T1D_pwy121_pc1 2 2 0.862 0.19 0.046 0.714
T1D_pwy123_pc1 2 2 0.99 0.007 0 0.983
T1D_pwy132_pc1 2 2 0.362 0.522 0.71 0.327
T1D_pwy134_pc1 2 2 0.013 0.588 1 0.019
T1D_pwy135_pc2 2 2 0.964 -0.031 0.003 0.908
T1D_pwy136_pc4 2 2 0.031 0.247 0.998 0.082
T1D_pwy144_pc4 2 2 0.602 -0.904 0.343 0.514
T1D_pwy155_pc4 2 2 0.029 -0.294 0.998 0.077
T1D_pwy168_pc4 2 2 0.078 0.512 0.985 0.187
T1D_pwy179_pc2 2 2 0.84 -0.14 0.062 0.677
T1D_pwy187_pc1 2 2 0.932 0.057 0.011 0.886
T1D_pwy18_pc4 2 2 0.069 0.284 0.988 0.148
T1D_pwy191_pc1 2 2 0.957 0.043 0.004 0.892
T1D_pwy192_pc4 2 2 0.019 -0.325 0.999 0.06
T1D_pwy233_pc1 2 2 0.836 -0.156 0.065 0.686
T1D_pwy276_pc2 2 2 0.797 0.185 0.098 0.647
T1D_pwy284_pc1 2 2 0.805 -0.156 0.091 0.662
T1D_pwy303_pc1 2 2 0.987 0.012 0 0.976
T1D_pwy305_pc1 2 2 0.904 0.12 0.022 0.768
T1D_pwy306_pc1 2 2 0.978 0.022 0.001 0.933
T1D_pwy330_pc3 2 2 0.155 -0.548 0.942 0.284
T1D_pwy45_pc2 2 2 0.02 -0.596 0.999 0.047
T1D_pwy57_pc1 2 2 0.692 -1.101 0.216 0.563
T1D_pwy58_pc2 2 2 0.09 0.734 0.98 0.168
T1D_pwy72_pc3 3 3 0.001 0.751 0.999 0
T1D_pwy88_pc1 2 2 0.064 0.682 0.99 0.159
T1D_pwy96_pc4 2 2 0.006 -0.268 1 0.011
allergy_pwy103_pc2 2 2 0.913 -0.045 0.019 0.751
allergy_pwy139_pc3 2 2 0.023 -0.085 0.999 0.081
allergy_pwy150_pc3 2 2 0.05 -0.085 0.994 0.079
allergy_pwy157_pc1 2 2 0.204 -0.243 0.9 0.404
allergy_pwy158_pc3 3 3 0.472 -0.057 0.279 0.399
allergy_pwy161_pc2 2 2 0.831 0.036 0.068 0.658
allergy_pwy16_pc4 2 2 0.979 0.004 0.001 0.916
allergy_pwy186_pc1 2 2 0.98 -0.003 0.001 0.94
allergy_pwy18_pc5 2 2 0.102 0.089 0.974 0.241
allergy_pwy193_pc4 2 0 0.055 0.14 0.993 0.16
allergy_pwy248_pc5 2 2 0.072 -0.119 0.987 0.183
allergy_pwy273_pc1 2 2 0.821 0.03 0.077 0.658
allergy_pwy291_pc1 2 2 0.843 -0.012 0.06 0.658
allergy_pwy294_pc2 2 2 0.789 0.031 0.106 0.648
allergy_pwy300_pc5 2 2 0.001 0.084 1 0
allergy_pwy302_pc5 2 2 0.024 -0.081 0.999 0.021
allergy_pwy306_pc1 2 2 0.791 -0.105 0.104 0.623
allergy_pwy316_pc2 2 2 0.988 -0.002 0 0.96
allergy_pwy320_pc5 3 2 0.393 -0.128 0.369 0.259
allergy_pwy45_pc2 2 2 0.001 0.16 1 0
allergy_pwy48_pc1 2 2 0.065 -0.166 0.99 0.204
allergy_pwy58_pc2 2 2 0.929 -0.019 0.012 0.817
allergy_pwy74_pc2 3 3 0.877 0.017 0.015 0.89
allergy_pwy83_pc5 2 2 0.058 0.147 0.992 0.192
baso_pwy114_pc2 2 2 0.112 -0.079 0.969 0.28
baso_pwy121_pc4 2 2 0.947 0.004 0.007 0.833
baso_pwy131_pc1 2 2 0.221 0.128 0.884 0.449
baso_pwy138_pc1 4 4 0.004 0.054 0.952 0.042
baso_pwy143_pc4 2 2 0.65 0.023 0.273 0.597
baso_pwy149_pc5 2 2 0.645 -0.046 0.279 0.597
baso_pwy153_pc1 2 2 0.061 -0.092 0.991 0.115
baso_pwy153_pc2 2 2 0.648 0.052 0.276 0.597
baso_pwy161_pc4 2 2 0.653 -0.036 0.268 0.597
baso_pwy172_pc1 2 2 0.969 -0.002 0.002 0.928
baso_pwy173_pc4 2 2 0.63 0.033 0.301 0.597
baso_pwy183_pc4 2 2 0.965 0.003 0.003 0.868
baso_pwy189_pc4 2 2 0.01 0.061 1 0.034
baso_pwy200_pc4 2 2 0.623 -0.042 0.311 0.597
baso_pwy201_pc4 2 2 0.604 -0.038 0.339 0.597
baso_pwy204_pc4 2 2 0.597 0.047 0.351 0.596
baso_pwy205_pc4 2 2 0.619 0.031 0.318 0.597
baso_pwy210_pc4 2 2 0.952 -0.004 0.006 0.902
baso_pwy222_pc4 2 2 0.984 0.002 0.001 0.933
baso_pwy236_pc4 2 2 0.626 0.039 0.307 0.597
baso_pwy242_pc2 3 3 0.011 0.146 0.979 0.081
baso_pwy251_pc2 2 2 0.99 -0.002 0 0.948
baso_pwy262_pc3 2 2 0.904 0.017 0.023 0.748
baso_pwy265_pc4 2 2 0.972 -0.003 0.002 0.906
baso_pwy271_pc4 2 2 0.58 0.028 0.376 0.596
baso_pwy277_pc4 2 2 0.086 0.111 0.982 0.143
baso_pwy282_pc4 2 2 0.952 -0.003 0.006 0.843
baso_pwy283_pc4 2 2 0.598 -0.031 0.348 0.597
baso_pwy284_pc4 2 2 0.636 -0.032 0.293 0.597
baso_pwy290_pc4 2 2 0.624 -0.03 0.311 0.597
baso_pwy290_pc5 2 2 0.993 0 0 0.974
baso_pwy295_pc3 2 2 0.925 -0.005 0.014 0.802
baso_pwy311_pc2 2 2 0.999 0 0 0.993
baso_pwy317_pc5 2 2 0.956 -0.004 0.005 0.849
baso_pwy39_pc2 2 2 0.849 0.028 0.055 0.685
baso_pwy3_pc2 3 3 0.802 0.019 0.039 0.855
baso_pwy49_pc1 2 2 0.9 -0.016 0.025 0.717
baso_pwy50_pc4 2 2 0.984 -0.002 0.001 0.934
baso_pwy77_pc3 2 2 0.956 -0.005 0.005 0.835
baso_pwy84_pc1 2 2 0.34 -0.125 0.742 0.377
baso_pwy88_pc4 2 2 0.605 0.043 0.337 0.597
baso_pwy99_pc4 2 2 0.699 0.047 0.208 0.578
eo_pwy102_pc2 2 2 0.379 0.057 0.686 0.29
eo_pwy10_pc3 2 2 0.786 -0.036 0.108 0.607
eo_pwy113_pc1 2 2 0.076 -0.057 0.986 0.013
eo_pwy116_pc4 2 2 0.341 0.04 0.74 0.219
eo_pwy120_pc1 2 2 0.089 0.059 0.981 0.013
eo_pwy127_pc5 2 2 0.662 -0.028 0.256 0.587
eo_pwy133_pc2 2 2 0.878 -0.021 0.036 0.71
eo_pwy138_pc1 2 2 0.057 0.061 0.992 0.133
eo_pwy139_pc5 2 2 0.029 -0.047 0.998 0.071
eo_pwy143_pc1 2 2 0.077 0.048 0.986 0.013
eo_pwy153_pc1 2 2 0.121 -0.06 0.965 0.027
eo_pwy172_pc3 2 2 0.855 -0.017 0.051 0.653
eo_pwy178_pc4 2 2 0.037 0.063 0.997 0.006
eo_pwy181_pc1 2 2 0.208 0.05 0.897 0.063
eo_pwy190_pc4 2 2 0.04 -0.059 0.996 0.084
eo_pwy195_pc5 2 2 0.178 -0.06 0.924 0.256
eo_pwy196_pc4 2 2 0.687 -0.043 0.223 0.525
eo_pwy1_pc1 2 2 0.017 -0.063 0.999 0.004
eo_pwy1_pc4 2 2 0.676 -0.027 0.237 0.587
eo_pwy210_pc5 2 2 0.975 -0.002 0.002 0.941
eo_pwy212_pc1 2 2 0.189 -0.062 0.914 0.063
eo_pwy219_pc1 2 2 0.35 0.061 0.727 0.24
eo_pwy219_pc2 2 2 0.168 -0.078 0.932 0.383
eo_pwy254_pc3 2 1 0.791 -0.04 0.104 0.56
eo_pwy256_pc2 2 2 0.323 0.046 0.764 0.172
eo_pwy267_pc2 3 3 0.89 -0.012 0.012 0.924
eo_pwy292_pc1 2 2 0.076 0.058 0.986 0.013
eo_pwy304_pc1 2 2 0.09 -0.077 0.98 0.013
eo_pwy310_pc1 2 2 0.095 -0.065 0.978 0.013
eo_pwy332_pc1 2 2 0.177 -0.075 0.925 0.063
eo_pwy3_pc1 2 1 0.259 -0.149 0.844 0.482
eo_pwy41_pc2 2 2 0.028 0.08 0.998 0.066
eo_pwy43_pc1 2 2 0.034 0.127 0.997 0.078
eo_pwy52_pc2 2 2 0.056 -0.137 0.992 0.126
eo_pwy63_pc3 2 2 0.135 -0.11 0.955 0.267
eo_pwy88_pc3 3 3 0.737 0.033 0.069 0.752
eo_pwy93_pc2 2 2 0.387 -0.059 0.674 0.334
eo_pwy95_pc1 2 2 0.343 0.037 0.737 0.221
eo_pwy97_pc1 5 5 0.793 -0.016 0.019 0.823
eo_pwy99_pc5 2 2 0.834 0.027 0.067 0.65
gran_pwy111_pc4 2 2 0.723 -0.022 0.178 0.572
gran_pwy120_pc1 2 2 0.054 0.08 0.993 0.151
gran_pwy12_pc4 2 2 0.902 -0.016 0.024 0.748
gran_pwy132_pc3 2 2 0.768 -0.069 0.127 0.58
gran_pwy139_pc4 2 2 0.293 -0.078 0.802 0.466
gran_pwy154_pc3 2 2 0.976 0.003 0.001 0.92
gran_pwy158_pc1 2 2 0.055 0.068 0.992 0.109
gran_pwy199_pc1 2 2 0.914 -0.013 0.018 0.776
gran_pwy205_pc1 2 2 0.792 0.035 0.103 0.606
gran_pwy291_pc2 2 2 0.118 -0.061 0.966 0.31
gran_pwy299_pc4 2 2 0.092 0.053 0.979 0.193
gran_pwy309_pc2 2 2 0.984 0.002 0.001 0.937
gran_pwy49_pc4 3 3 0.015 0.087 0.969 0.084
gran_pwy65_pc2 2 2 0.895 -0.011 0.027 0.787
gran_pwy77_pc1 2 2 0.043 -0.127 0.995 0.138
hct_pwy109_pc3 2 2 0.045 -0.107 0.995 0.099
hct_pwy121_pc2 2 2 0.828 0.022 0.071 0.671
hct_pwy13_pc1 2 2 0.997 -0.001 0 0.993
hct_pwy170_pc2 2 2 0.052 0.077 0.993 0.173
hct_pwy172_pc5 3 3 0.774 0.025 0.051 0.833
hct_pwy182_pc1 2 2 0.057 -0.033 0.992 0.119
hct_pwy217_pc3 2 2 0.037 -0.085 0.997 0.145
hct_pwy229_pc2 2 2 0.025 -0.095 0.998 0.049
hct_pwy246_pc5 2 2 0.199 -0.105 0.905 0.4
hct_pwy261_pc3 2 2 0.036 0.101 0.997 0.138
hct_pwy27_pc5 2 2 0.589 0.101 0.362 0.511
hct_pwy300_pc1 2 2 0.964 -0.007 0.003 0.935
hct_pwy308_pc3 2 2 0.813 -0.028 0.083 0.593
hct_pwy4_pc4 2 2 0.002 0.07 1 0.017
hgb_pwy172_pc5 2 2 0.987 -0.002 0 0.969
hgb_pwy174_pc1 2 2 0.729 0.016 0.17 0.555
hgb_pwy182_pc1 2 2 0.077 -0.034 0.985 0.243
hgb_pwy201_pc2 2 2 0.005 -0.081 1 0.003
hgb_pwy217_pc3 2 2 0.012 -0.078 1 0.042
hgb_pwy229_pc2 2 2 0.051 -0.094 0.994 0.132
hgb_pwy230_pc1 2 2 0.084 -0.092 0.983 0.224
hgb_pwy247_pc4 3 3 0.035 -0.102 0.932 0.154
hgb_pwy278_pc3 3 3 0.498 -0.042 0.252 0.391
hgb_pwy27_pc5 2 2 0.589 0.094 0.361 0.508
hgb_pwy282_pc3 2 2 0.881 0.012 0.035 0.69
hgb_pwy300_pc1 2 2 0.983 -0.003 0.001 0.954
hgb_pwy303_pc1 3 3 0.006 0.125 0.989 0.03
hgb_pwy30_pc2 2 2 0.112 -0.093 0.969 0.303
hgb_pwy314_pc1 2 1 0.086 0.134 0.982 0.189
hgb_pwy48_pc2 2 2 0.098 -0.089 0.977 0.158
hgb_pwy4_pc4 2 2 0.003 0.066 1 0.014
lymph_pwy104_pc4 2 2 0.478 -0.063 0.534 0.51
lymph_pwy118_pc5 2 2 0.97 -0.003 0.002 0.921
lymph_pwy123_pc3 2 2 0.772 -0.019 0.123 0.652
lymph_pwy124_pc5 2 2 0.059 -0.044 0.992 0.147
lymph_pwy125_pc4 2 2 0.92 0.006 0.016 0.82
lymph_pwy129_pc4 3 3 0.345 0.057 0.429 0.271
lymph_pwy130_pc1 2 2 0.087 0.072 0.982 0.213
lymph_pwy132_pc2 2 2 0.609 -0.064 0.332 0.539
lymph_pwy134_pc3 2 2 0.735 0.03 0.164 0.608
lymph_pwy143_pc2 2 2 0.043 0.058 0.995 0.099
lymph_pwy149_pc4 2 2 0.949 0.004 0.006 0.874
lymph_pwy152_pc5 2 2 0.049 0.063 0.994 0.079
lymph_pwy153_pc4 3 3 0.005 0.087 0.99 0.011
lymph_pwy166_pc5 2 2 0.742 0.043 0.156 0.559
lymph_pwy171_pc2 4 4 0.017 -0.101 0.886 0.08
lymph_pwy172_pc4 2 2 0.753 0.02 0.143 0.61
lymph_pwy180_pc4 2 2 0.936 0.004 0.01 0.842
lymph_pwy185_pc4 2 2 0.99 0.001 0 0.971
lymph_pwy189_pc3 2 2 0.962 0.005 0.004 0.901
lymph_pwy190_pc3 2 2 0.951 -0.006 0.006 0.881
lymph_pwy196_pc4 2 2 0.904 -0.012 0.023 0.767
lymph_pwy20_pc5 2 2 0.978 -0.002 0.001 0.953
lymph_pwy213_pc3 2 2 0.112 0.157 0.969 0.223
lymph_pwy222_pc5 2 2 0.977 -0.002 0.001 0.948
lymph_pwy230_pc3 3 3 0.035 -0.125 0.932 0.081
lymph_pwy231_pc5 2 2 0.825 -0.019 0.074 0.675
lymph_pwy235_pc4 3 3 0.671 -0.019 0.108 0.681
lymph_pwy237_pc4 2 2 0.975 0.002 0.001 0.932
lymph_pwy249_pc5 2 2 0.256 0.125 0.847 0.452
lymph_pwy255_pc1 2 2 0.013 0.056 1 0.03
lymph_pwy255_pc4 2 2 0.04 0.085 0.996 0.114
lymph_pwy258_pc1 2 2 0.024 0.048 0.999 0.065
lymph_pwy261_pc4 2 2 0.868 -0.015 0.043 0.649
lymph_pwy263_pc4 3 3 0.035 0.161 0.932 0.131
lymph_pwy267_pc5 2 2 0.949 -0.004 0.006 0.874
lymph_pwy269_pc5 2 2 0.971 0.002 0.002 0.926
lymph_pwy275_pc3 2 2 0.489 -0.066 0.517 0.513
lymph_pwy284_pc4 2 2 0.19 0.08 0.914 0.375
lymph_pwy290_pc4 3 3 0.332 0.048 0.447 0.269
lymph_pwy292_pc5 2 2 0.924 0.004 0.014 0.82
lymph_pwy319_pc4 3 3 0.604 0.02 0.157 0.555
lymph_pwy321_pc4 2 1 0.099 0.117 0.976 0.261
lymph_pwy325_pc4 2 1 0.088 0.126 0.981 0.224
lymph_pwy326_pc4 2 1 0.18 -0.12 0.922 0.388
lymph_pwy326_pc5 2 1 0.107 -0.127 0.972 0.291
lymph_pwy327_pc4 2 2 0.104 -0.078 0.973 0.246
lymph_pwy48_pc4 5 5 0.084 -0.105 0.568 0.083
lymph_pwy64_pc3 2 2 0.914 -0.023 0.018 0.76
lymph_pwy77_pc2 2 2 0.512 -0.106 0.481 0.519
lymph_pwy78_pc1 2 2 0.839 -0.03 0.062 0.634
lymph_pwy89_pc4 2 2 0.823 -0.016 0.075 0.669
lymph_pwy91_pc1 2 2 0.025 0.078 0.998 0.087
lymph_pwy92_pc5 2 2 0.115 -0.123 0.968 0.159
lymph_pwy93_pc1 2 2 0.02 0.091 0.999 0.059
mch_pwy123_pc2 2 2 0.886 0.012 0.032 0.774
mch_pwy131_pc3 2 2 0.105 0.046 0.973 0.205
mch_pwy13_pc2 2 2 0.189 0.143 0.914 0.266
mch_pwy142_pc3 2 2 0.976 0.003 0.001 0.95
mch_pwy150_pc3 2 2 0.983 0.002 0.001 0.97
mch_pwy164_pc2 2 1 0.627 -0.092 0.306 0.571
mch_pwy164_pc4 2 2 0.024 -0.092 0.999 0.057
mch_pwy167_pc4 2 1 0.522 -0.057 0.465 0.51
mch_pwy170_pc4 3 3 0.482 0.075 0.268 0.437
mch_pwy171_pc2 2 2 0.25 -0.105 0.854 0.354
mch_pwy176_pc2 2 2 0.062 0.066 0.991 0.124
mch_pwy177_pc3 2 2 0.122 -0.073 0.964 0.219
mch_pwy191_pc2 2 2 0.956 -0.004 0.005 0.906
mch_pwy195_pc4 3 3 0.455 0.049 0.297 0.383
mch_pwy218_pc4 2 2 0.738 0.041 0.16 0.626
mch_pwy219_pc2 3 3 0.06 0.112 0.884 0.17
mch_pwy230_pc3 3 3 0.834 0.021 0.027 0.817
mch_pwy246_pc3 3 2 0.307 0.126 0.48 0.257
mch_pwy252_pc2 2 2 0.009 0.126 1 0.01
mch_pwy283_pc2 2 2 0.076 0.058 0.986 0.148
mch_pwy285_pc2 2 2 0.009 -0.097 1 0.015
mch_pwy285_pc3 2 2 0.998 0 0 0.995
mch_pwy291_pc3 3 3 0.753 -0.01 0.061 0.785
mch_pwy319_pc3 2 2 0.971 -0.003 0.002 0.941
mch_pwy48_pc2 2 2 0.989 0.001 0 0.985
mch_pwy54_pc2 2 2 0.151 -0.089 0.945 0.281
mch_pwy73_pc3 2 2 0.784 0.029 0.111 0.772
mch_pwy83_pc1 3 3 0.013 -0.068 0.974 0.046
mch_pwy83_pc4 2 2 0.069 -0.092 0.988 0.144
mch_pwy88_pc4 3 3 0.008 -0.125 0.984 0.023
mch_pwy90_pc1 2 2 0.995 0.001 0 0.987
mchc_pwy109_pc4 2 2 0.773 -0.028 0.122 0.625
mchc_pwy110_pc2 3 3 0.808 -0.013 0.037 0.812
mchc_pwy12_pc3 3 3 0.764 0.031 0.056 0.753
mchc_pwy132_pc4 2 2 0.055 -0.094 0.993 0.141
mchc_pwy271_pc1 2 2 0.036 0.081 0.997 0.093
mchc_pwy31_pc3 2 1 0.11 0.072 0.97 0.249
mchc_pwy84_pc5 2 2 0.641 -0.038 0.286 0.57
mchc_pwy89_pc5 2 2 0.018 0.055 0.999 0.039
mcv_pwy108_pc5 3 3 0.053 -0.079 0.897 0.095
mcv_pwy123_pc2 3 3 0.845 -0.013 0.024 0.872
mcv_pwy129_pc5 2 2 0.969 -0.002 0.002 0.923
mcv_pwy12_pc3 2 2 0.124 -0.101 0.963 0.147
mcv_pwy131_pc3 2 2 0.025 0.043 0.998 0.06
mcv_pwy136_pc3 3 3 0.539 -0.025 0.213 0.461
mcv_pwy137_pc5 2 2 0.071 -0.031 0.987 0.168
mcv_pwy139_pc2 2 2 0.132 -0.051 0.957 0.258
mcv_pwy13_pc2 2 2 0.161 0.119 0.937 0.257
mcv_pwy143_pc5 2 2 0.031 0.03 0.998 0.072
mcv_pwy151_pc3 2 2 0.911 0.013 0.019 0.803
mcv_pwy161_pc2 2 2 0.093 -0.09 0.979 0.211
mcv_pwy164_pc2 2 1 0.706 -0.061 0.198 0.607
mcv_pwy170_pc4 3 3 0.498 0.076 0.252 0.427
mcv_pwy176_pc2 2 2 0.159 0.073 0.939 0.291
mcv_pwy179_pc4 2 2 0.089 0.054 0.981 0.193
mcv_pwy195_pc4 2 2 0.092 0.096 0.979 0.118
mcv_pwy195_pc5 3 3 0.703 0.02 0.088 0.676
mcv_pwy204_pc2 4 4 0.018 -0.125 0.883 0.075
mcv_pwy209_pc3 2 2 0.228 0.121 0.878 0.381
mcv_pwy210_pc2 2 2 0.919 0.015 0.016 0.83
mcv_pwy227_pc4 3 3 0.838 0.012 0.026 0.852
mcv_pwy235_pc3 2 2 0.919 0.013 0.016 0.815
mcv_pwy260_pc3 4 4 0.532 0.049 0.142 0.499
mcv_pwy265_pc3 2 2 0.136 -0.097 0.955 0.286
mcv_pwy270_pc5 2 2 0.008 0.034 1 0.017
mcv_pwy283_pc2 2 2 0.161 0.063 0.938 0.297
mcv_pwy284_pc2 2 2 0.956 0.004 0.005 0.9
mcv_pwy285_pc2 2 2 0.952 -0.007 0.006 0.882
mcv_pwy285_pc3 3 3 0.854 0.011 0.021 0.888
mcv_pwy286_pc5 2 2 0.011 0.036 1 0.025
mcv_pwy287_pc3 2 2 0.407 -0.051 0.645 0.352
mcv_pwy288_pc5 2 2 0.015 -0.028 0.999 0.036
mcv_pwy28_pc2 3 3 0.002 -0.108 0.995 0.007
mcv_pwy291_pc3 2 2 0.889 0.009 0.03 0.743
mcv_pwy291_pc5 2 2 0.067 -0.045 0.989 0.152
mcv_pwy296_pc5 2 2 0.003 0.033 1 0.01
mcv_pwy32_pc2 4 4 0.476 0.056 0.181 0.456
mcv_pwy36_pc2 2 2 0.101 -0.14 0.975 0.209
mcv_pwy40_pc5 3 3 0.006 0.071 0.988 0.04
mcv_pwy54_pc2 3 3 0.813 -0.019 0.035 0.837
mcv_pwy74_pc3 2 2 0.192 0.104 0.912 0.329
mcv_pwy83_pc4 2 2 0.006 -0.1 1 0.006
mcv_pwy88_pc4 3 3 0.002 -0.108 0.996 0.008
mcv_pwy89_pc4 3 3 0.945 -0.005 0.003 0.958
mcv_pwy91_pc3 2 2 0.886 0.021 0.032 0.77
mcv_pwy97_pc5 2 2 0.89 -0.01 0.029 0.782
mcv_pwy98_pc4 3 3 0.028 0.095 0.946 0.067
mcv_pwy99_pc5 2 2 0.859 -0.015 0.048 0.722
mono_pwy110_pc1 2 2 0.634 -0.104 0.296 0.538
mono_pwy156_pc4 2 2 0.076 -0.14 0.986 0.141
mono_pwy167_pc4 2 2 0.244 0.124 0.86 0.412
mono_pwy175_pc5 3 3 0.785 0.052 0.046 0.804
mono_pwy196_pc3 2 2 0.23 0.128 0.875 0.358
mono_pwy198_pc2 3 3 0.508 -0.069 0.242 0.476
mono_pwy20_pc3 2 2 0.249 0.097 0.855 0.399
mono_pwy231_pc5 2 2 0.518 -0.058 0.472 0.503
mono_pwy288_pc3 3 3 0.052 -0.078 0.9 0.092
mono_pwy298_pc3 2 2 0.965 -0.005 0.003 0.914
mono_pwy299_pc2 3 3 0.416 -0.077 0.341 0.307
mono_pwy50_pc3 2 2 0.247 0.235 0.857 0.399
mono_pwy56_pc3 2 2 0.263 0.108 0.839 0.4
mono_pwy61_pc4 2 2 0.677 0.125 0.237 0.572
mono_pwy69_pc4 2 2 0.227 0.141 0.879 0.395
mono_pwy77_pc3 2 2 0.039 -0.146 0.996 0.065
mpv_pwy100_pc1 2 2 0.071 0.109 0.988 0.129
mpv_pwy157_pc3 2 2 0.051 0.097 0.994 0.07
mpv_pwy195_pc5 2 2 0.803 -0.013 0.093 0.726
mpv_pwy1_pc2 4 4 0.921 0.006 0.004 0.914
mpv_pwy221_pc1 2 2 0.046 -0.088 0.995 0.09
mpv_pwy231_pc5 2 2 0.84 -0.012 0.062 0.759
mpv_pwy240_pc4 2 2 0.654 -0.056 0.268 0.633
mpv_pwy257_pc3 3 3 0.014 0.216 0.972 0.025
mpv_pwy263_pc5 2 2 0.93 -0.006 0.012 0.871
mpv_pwy88_pc1 3 3 0.178 -0.139 0.675 0.161
myeloid_wbc_pwy105_pc2 3 3 0.593 -0.064 0.165 0.549
myeloid_wbc_pwy12_pc4 2 2 0.914 -0.014 0.018 0.771
myeloid_wbc_pwy132_pc3 2 2 0.762 -0.068 0.133 0.562
myeloid_wbc_pwy158_pc1 2 2 0.058 0.072 0.992 0.1
myeloid_wbc_pwy187_pc1 2 2 0.958 -0.006 0.004 0.883
myeloid_wbc_pwy205_pc5 2 2 0.4 0.063 0.655 0.488
myeloid_wbc_pwy218_pc2 2 2 0.956 -0.007 0.005 0.876
myeloid_wbc_pwy240_pc5 2 2 0.006 -0.076 1 0.018
myeloid_wbc_pwy269_pc1 2 2 0.313 -0.059 0.778 0.451
myeloid_wbc_pwy291_pc2 2 2 0.045 -0.062 0.995 0.117
myeloid_wbc_pwy309_pc2 2 2 0.957 0.007 0.005 0.868
myeloid_wbc_pwy49_pc4 3 3 0.02 0.091 0.961 0.093
myeloid_wbc_pwy77_pc1 2 2 0.022 -0.131 0.999 0.074
myeloid_wbc_pwy83_pc5 2 2 0.938 0.01 0.009 0.903
neut_pwy120_pc1 2 2 0.02 0.078 0.999 0.052
neut_pwy128_pc4 2 2 0.09 -0.073 0.98 0.196
neut_pwy129_pc4 2 2 0.068 -0.065 0.989 0.127
neut_pwy12_pc4 2 2 0.919 -0.013 0.016 0.79
neut_pwy132_pc3 2 2 0.765 -0.07 0.13 0.552
neut_pwy139_pc4 2 2 0.295 -0.079 0.8 0.492
neut_pwy154_pc3 2 2 0.974 0.003 0.002 0.917
neut_pwy158_pc1 2 2 0.057 0.07 0.992 0.093
neut_pwy18_pc4 2 2 0.008 0.055 1 0.019
neut_pwy205_pc5 2 2 0.383 0.067 0.679 0.508
neut_pwy241_pc2 2 2 0.606 -0.148 0.337 0.52
neut_pwy296_pc2 2 2 0.048 0.068 0.994 0.098
neut_pwy299_pc4 2 2 0.101 0.054 0.975 0.238
neut_pwy29_pc1 2 2 0.873 -0.024 0.039 0.674
neut_pwy65_pc2 2 2 0.892 -0.012 0.029 0.774
neut_pwy77_pc1 2 2 0.046 -0.126 0.995 0.15
neut_pwy77_pc3 3 3 0.418 -0.048 0.338 0.273
pct_pwy100_pc5 2 1 0.508 0.094 0.488 0.501
pct_pwy101_pc5 2 2 0.365 0.117 0.706 0.497
pct_pwy106_pc4 3 3 0.347 -0.043 0.426 0.304
pct_pwy116_pc5 3 3 0.157 0.12 0.711 0.235
pct_pwy126_pc1 2 2 0.082 0.095 0.984 0.114
pct_pwy12_pc4 2 2 0.969 0.004 0.002 0.937
pct_pwy131_pc5 2 2 0.46 -0.032 0.562 0.471
pct_pwy135_pc4 3 3 0.897 0.008 0.011 0.907
pct_pwy138_pc5 4 4 0.116 0.082 0.615 0.131
pct_pwy143_pc5 3 3 0.184 0.062 0.666 0.236
pct_pwy147_pc4 4 4 0.112 0.132 0.623 0.113
pct_pwy155_pc3 2 2 0.268 0.095 0.833 0.433
pct_pwy157_pc3 2 2 0.006 -0.08 1 0.01
pct_pwy15_pc4 3 3 0.101 -0.116 0.809 0.206
pct_pwy161_pc3 2 2 0.027 0.059 0.998 0.037
pct_pwy165_pc5 5 5 0.893 0.006 0.005 0.89
pct_pwy16_pc5 2 2 0.371 -0.142 0.697 0.5
pct_pwy183_pc1 2 2 0.713 0.041 0.19 0.582
pct_pwy183_pc2 2 2 0.07 0.053 0.988 0.057
pct_pwy184_pc5 2 2 0.191 0.109 0.912 0.342
pct_pwy187_pc1 2 2 0.076 -0.092 0.986 0.195
pct_pwy189_pc1 2 2 0.982 -0.003 0.001 0.952
pct_pwy192_pc1 2 2 0.026 -0.085 0.998 0.015
pct_pwy195_pc5 2 2 0.226 0.09 0.879 0.398
pct_pwy197_pc5 2 2 0.001 0.06 1 0
pct_pwy198_pc4 3 3 0.388 -0.097 0.374 0.273
pct_pwy202_pc5 2 2 0.041 -0.058 0.996 0.033
pct_pwy204_pc2 3 3 0.003 0.109 0.994 0.006
pct_pwy205_pc5 3 3 0.184 0.105 0.666 0.233
pct_pwy208_pc5 2 2 0.027 0.091 0.998 0.03
pct_pwy20_pc3 2 2 0.642 -0.033 0.285 0.599
pct_pwy217_pc3 4 4 0.316 -0.058 0.324 0.302
pct_pwy221_pc5 2 2 0.016 -0.061 0.999 0.016
pct_pwy226_pc4 2 2 0.549 0.045 0.423 0.54
pct_pwy232_pc3 2 2 0.659 -0.037 0.26 0.554
pct_pwy235_pc1 2 2 0.995 -0.001 0 0.987
pct_pwy236_pc2 4 4 0.269 -0.071 0.379 0.191
pct_pwy238_pc3 2 2 0.082 0.098 0.983 0.061
pct_pwy243_pc4 2 1 0.104 0.12 0.973 0.109
pct_pwy244_pc4 2 2 0.068 -0.078 0.989 0.168
pct_pwy250_pc2 3 3 0.721 -0.029 0.078 0.755
pct_pwy257_pc1 2 2 0.624 0.053 0.31 0.554
pct_pwy257_pc4 2 2 0.436 0.063 0.599 0.449
pct_pwy265_pc4 5 5 0.39 0.04 0.188 0.398
pct_pwy266_pc1 3 3 0.628 0.03 0.138 0.582
pct_pwy267_pc4 3 3 0.676 -0.057 0.105 0.652
pct_pwy269_pc1 2 2 0.77 0.024 0.125 0.616
pct_pwy270_pc5 2 2 0.626 0.066 0.307 0.499
pct_pwy272_pc5 2 2 0.394 0.118 0.664 0.479
pct_pwy281_pc3 2 2 0.058 0.061 0.992 0.052
pct_pwy286_pc5 3 3 0.136 0.094 0.746 0.224
pct_pwy288_pc5 4 4 0.073 -0.06 0.709 0.117
pct_pwy296_pc5 4 4 0.088 0.069 0.675 0.128
pct_pwy298_pc2 2 2 0.051 -0.077 0.994 0.142
pct_pwy300_pc3 2 2 0.006 0.099 1 0.007
pct_pwy301_pc2 2 2 0.598 -0.209 0.349 0.513
pct_pwy324_pc5 3 3 0.786 -0.024 0.046 0.764
pct_pwy328_pc4 2 2 0.538 -0.082 0.44 0.521
pct_pwy329_pc4 2 2 0.524 0.092 0.463 0.516
pct_pwy330_pc4 2 2 0.963 0.004 0.003 0.898
pct_pwy35_pc2 2 2 0.037 0.101 0.997 0.101
pct_pwy3_pc3 2 2 0.023 0.071 0.999 0.026
pct_pwy45_pc1 2 1 0.469 -0.135 0.549 0.467
pct_pwy46_pc1 2 2 0.068 0.093 0.988 0.175
pct_pwy4_pc3 3 3 0.542 -0.048 0.209 0.459
pct_pwy54_pc5 2 2 0.404 -0.134 0.649 0.479
pct_pwy56_pc2 2 2 0.618 0.094 0.319 0.523
pct_pwy69_pc4 2 2 0.039 -0.09 0.996 0.116
pct_pwy7_pc2 2 2 0.685 -0.052 0.226 0.554
pct_pwy95_pc5 3 3 0.17 -0.1 0.689 0.242
pct_pwy98_pc4 2 2 0.04 0.094 0.996 0.05
pdw_pwy103_pc1 3 3 0.707 -0.025 0.086 0.724
pdw_pwy12_pc4 2 2 0.947 -0.008 0.007 0.886
pdw_pwy150_pc1 2 2 0.477 0.165 0.536 0.499
pdw_pwy164_pc4 2 2 0.204 0.183 0.901 0.244
pdw_pwy175_pc4 3 3 0.282 0.169 0.516 0.259
pdw_pwy176_pc1 3 3 0.723 -0.076 0.077 0.738
pdw_pwy237_pc1 2 2 0.049 0.109 0.994 0.103
pdw_pwy254_pc1 2 2 0.05 -0.115 0.994 0.108
pdw_pwy275_pc5 3 3 0.384 -0.07 0.38 0.339
pdw_pwy305_pc3 2 2 0.973 -0.003 0.002 0.935
pdw_pwy52_pc5 2 2 0.093 0.104 0.979 0.189
pdw_pwy53_pc5 2 2 0.798 0.025 0.097 0.623
pdw_pwy61_pc4 2 2 0.277 -0.12 0.823 0.437
pdw_pwy68_pc5 2 2 0.366 -0.264 0.704 0.488
pdw_pwy98_pc4 2 2 0.693 -0.087 0.215 0.555
plt_pwy100_pc5 3 2 0.274 0.095 0.527 0.228
plt_pwy101_pc5 2 2 0.628 0.069 0.304 0.502
plt_pwy106_pc4 2 2 0.958 0.004 0.004 0.886
plt_pwy106_pc5 2 1 0.123 -0.126 0.963 0.125
plt_pwy116_pc5 2 2 0.099 0.056 0.976 0.203
plt_pwy12_pc4 3 3 0.51 -0.038 0.24 0.449
plt_pwy138_pc5 3 3 0.504 0.051 0.246 0.442
plt_pwy143_pc5 2 2 0.608 0.055 0.333 0.495
plt_pwy147_pc4 2 2 0.356 0.173 0.719 0.494
plt_pwy157_pc3 2 2 0.106 -0.115 0.972 0.215
plt_pwy16_pc5 2 2 0.657 -0.076 0.264 0.52
plt_pwy175_pc4 2 2 0.701 -0.067 0.205 0.551
plt_pwy184_pc5 3 3 0.049 0.098 0.905 0.131
plt_pwy187_pc1 2 2 0.136 -0.128 0.955 0.248
plt_pwy198_pc4 2 2 0.65 -0.094 0.274 0.527
plt_pwy219_pc2 2 1 0.137 0.112 0.954 0.16
plt_pwy237_pc2 2 1 0.134 0.121 0.956 0.153
plt_pwy238_pc3 2 2 0.238 0.057 0.866 0.21
plt_pwy243_pc4 3 2 0.243 0.097 0.574 0.238
plt_pwy244_pc4 2 2 0.048 -0.078 0.994 0.124
plt_pwy251_pc4 2 2 0.098 0.139 0.976 0.092
plt_pwy254_pc1 2 2 0.187 0.124 0.916 0.352
plt_pwy257_pc3 3 3 0.005 -0.165 0.99 0.013
plt_pwy258_pc4 2 1 0.913 0.01 0.019 0.843
plt_pwy258_pc5 2 2 0.099 0.036 0.976 0.198
plt_pwy265_pc4 3 3 0.789 -0.017 0.045 0.832
plt_pwy267_pc4 4 4 0.802 -0.023 0.024 0.762
plt_pwy270_pc5 4 4 0.561 0.028 0.124 0.553
plt_pwy281_pc2 2 2 0.124 -0.147 0.963 0.258
plt_pwy282_pc5 3 3 0.225 -0.025 0.6 0.2
plt_pwy288_pc5 2 2 0.373 -0.062 0.694 0.448
plt_pwy302_pc1 2 2 0.036 0.113 0.997 0.102
plt_pwy328_pc4 2 2 0.515 -0.079 0.476 0.511
plt_pwy329_pc4 2 2 0.507 0.09 0.488 0.504
plt_pwy330_pc4 2 2 0.547 -0.078 0.427 0.525
plt_pwy54_pc5 2 2 0.627 -0.093 0.305 0.501
plt_pwy55_pc5 3 3 0.858 -0.028 0.02 0.899
plt_pwy56_pc2 2 2 0.143 0.162 0.95 0.231
plt_pwy62_pc2 2 2 0.819 -0.029 0.078 0.728
rbc_pwy104_pc3 2 2 0.121 -0.116 0.965 0.179
rbc_pwy119_pc5 2 2 0.972 0.003 0.002 0.937
rbc_pwy168_pc1 3 2 0.024 0.105 0.952 0.098
rbc_pwy170_pc2 4 4 0.912 -0.005 0.005 0.889
rbc_pwy195_pc5 2 2 0.804 0.027 0.091 0.68
rbc_pwy200_pc3 3 3 0.587 0.027 0.17 0.538
rbc_pwy204_pc3 2 2 0.778 -0.034 0.117 0.596
rbc_pwy217_pc3 3 3 0.734 0.028 0.071 0.765
rbc_pwy218_pc5 2 2 0.973 -0.003 0.002 0.918
rbc_pwy227_pc4 2 2 0.855 -0.022 0.051 0.678
rbc_pwy243_pc4 2 2 0.82 0.017 0.078 0.684
rbc_pwy265_pc3 2 2 0.704 0.034 0.201 0.585
rbc_pwy303_pc1 3 3 0.412 0.087 0.346 0.298
rbc_pwy321_pc5 2 1 0.749 0.027 0.147 0.582
rbc_pwy326_pc2 2 1 0.078 -0.058 0.985 0.2
rbc_pwy47_pc4 2 2 0.961 0.004 0.004 0.904
rbc_pwy51_pc3 2 2 0.996 0 0 0.988
rbc_pwy58_pc1 2 2 0.145 0.15 0.949 0.211
rbc_pwy68_pc2 2 2 0.065 0.073 0.989 0.107
rbc_pwy82_pc3 2 2 0.732 0.057 0.167 0.544
rbc_pwy83_pc4 2 2 0.035 0.074 0.997 0.108
rbc_pwy94_pc2 2 2 0.102 -0.058 0.974 0.239
rbc_pwy99_pc5 2 2 0.239 -0.151 0.866 0.422
rdw_pwy118_pc4 2 2 0.799 0.018 0.097 0.637
rdw_pwy128_pc2 2 2 0.069 -0.068 0.988 0.076
rdw_pwy131_pc3 2 2 0.537 -0.091 0.442 0.491
rdw_pwy134_pc2 2 2 0.745 0.056 0.152 0.669
rdw_pwy158_pc5 2 2 0.81 0.021 0.087 0.642
rdw_pwy161_pc3 2 2 0.517 -0.136 0.473 0.491
rdw_pwy188_pc5 2 2 0.843 -0.014 0.06 0.725
rdw_pwy18_pc4 2 2 0.553 -0.113 0.418 0.517
rdw_pwy210_pc2 2 2 0.306 -0.192 0.786 0.471
rdw_pwy223_pc4 3 3 0.57 -0.068 0.185 0.54
rdw_pwy22_pc3 2 2 0.954 -0.006 0.005 0.892
rdw_pwy231_pc5 2 2 0.693 0.034 0.215 0.541
rdw_pwy24_pc4 2 2 0.9 0.011 0.024 0.779
rdw_pwy265_pc5 2 2 0.523 0.132 0.464 0.491
rdw_pwy299_pc2 2 2 0.003 -0.08 1 0.008
rdw_pwy309_pc2 2 2 0.005 0.097 1 0.018
rdw_pwy40_pc5 2 2 0.927 -0.011 0.013 0.838
rdw_pwy42_pc3 2 2 0.006 0.085 1 0.013
rdw_pwy4_pc3 2 2 0.511 0.217 0.482 0.517
rdw_pwy82_pc1 2 2 0.749 -0.073 0.148 0.582
rdw_pwy88_pc2 2 2 0.526 0.186 0.459 0.491
rdw_pwy95_pc4 2 2 0.752 0.04 0.144 0.624
ret_pwy111_pc5 2 2 0.013 0.04 1 0.025
ret_pwy135_pc1 2 2 0.736 -0.044 0.163 0.633
ret_pwy179_pc3 2 2 0.894 0.013 0.028 0.814
ret_pwy194_pc1 2 2 0.224 -0.173 0.882 0.374
ret_pwy195_pc5 2 2 0.096 0.056 0.978 0.137
ret_pwy208_pc4 2 2 0.074 -0.074 0.987 0.096
ret_pwy263_pc4 2 2 0.157 -0.168 0.94 0.298
ret_pwy68_pc2 2 2 0.821 -0.04 0.077 0.698
ret_pwy94_pc2 2 2 0.061 -0.042 0.991 0.151
ukb.allasthma_pwy111_pc1 2 2 0.737 0.066 0.162 0.547
ukb.allasthma_pwy115_pc1 2 2 0.199 0.248 0.906 0.363
ukb.allasthma_pwy130_pc5 2 1 0.316 -0.153 0.773 0.47
ukb.allasthma_pwy148_pc3 2 2 0.096 0.174 0.978 0.24
ukb.allasthma_pwy14_pc5 2 2 0.972 -0.007 0.002 0.923
ukb.allasthma_pwy167_pc5 2 2 0.051 0.093 0.994 0.134
ukb.allasthma_pwy184_pc4 2 2 0.024 0.083 0.999 0.053
ukb.allasthma_pwy186_pc5 2 1 0.562 0.151 0.404 0.496
ukb.allasthma_pwy18_pc1 2 2 0.028 0.138 0.998 0.03
ukb.allasthma_pwy18_pc5 2 2 0.004 0.08 1 0.014
ukb.allasthma_pwy192_pc5 2 2 0.008 0.1 1 0.019
ukb.allasthma_pwy215_pc2 2 1 0.148 -0.307 0.947 0.307
ukb.allasthma_pwy219_pc1 2 2 0.736 -0.061 0.163 0.572
ukb.allasthma_pwy223_pc1 2 2 0.962 0.008 0.004 0.909
ukb.allasthma_pwy225_pc5 2 2 0.233 -0.256 0.872 0.405
ukb.allasthma_pwy22_pc1 2 2 0.817 -0.05 0.08 0.663
ukb.allasthma_pwy259_pc2 2 1 0.619 0.118 0.317 0.614
ukb.allasthma_pwy275_pc3 2 2 0.019 0.097 0.999 0.056
ukb.allasthma_pwy307_pc1 2 2 0.927 -0.021 0.013 0.812
ukb.allasthma_pwy312_pc5 2 2 0.768 -0.065 0.127 0.595
ukb.allasthma_pwy326_pc3 2 1 0.748 0.097 0.149 0.587
ukb.allasthma_pwy329_pc3 2 2 0.898 -0.026 0.026 0.726
ukb.allasthma_pwy331_pc4 3 2 0.591 -0.064 0.167 0.518
ukb.allasthma_pwy40_pc2 3 3 0.78 0.046 0.048 0.834
ukb.allasthma_pwy55_pc2 2 2 0.966 0.01 0.003 0.921
ukb.allasthma_pwy58_pc2 2 2 0.934 -0.018 0.011 0.843
ukb.allasthma_pwy59_pc2 2 2 0.951 0.013 0.006 0.885
ukb.allasthma_pwy64_pc5 2 2 0.923 -0.031 0.015 0.818
ukb.allasthma_pwy6_pc2 3 3 0.554 -0.073 0.199 0.496
ukb.allasthma_pwy80_pc3 2 2 0.864 0.054 0.045 0.735
ukb.allasthma_pwy83_pc4 2 2 0.038 0.158 0.996 0.082
ukb.allasthma_pwy86_pc3 3 2 0.414 -0.152 0.344 0.289
ukb.allasthma_pwy88_pc3 2 2 0.985 0.007 0.001 0.958
ukb.allasthma_pwy89_pc5 2 2 0.248 0.179 0.856 0.424
ukb.allasthma_pwy96_pc5 2 2 0.181 -0.104 0.921 0.353
ukb.allasthma_pwy9_pc4 2 2 0.936 -0.011 0.01 0.842
wbc_pwy104_pc3 2 2 0.002 -0.123 1 0.001
wbc_pwy105_pc2 2 2 0.107 -0.17 0.972 0.261
wbc_pwy132_pc3 2 2 0.68 -0.08 0.232 0.539
wbc_pwy158_pc1 2 2 0.032 0.081 0.997 0.055
wbc_pwy200_pc2 3 3 0.523 0.048 0.228 0.414
wbc_pwy23_pc5 2 2 0.737 -0.031 0.161 0.595
wbc_pwy240_pc5 3 3 0.563 0.038 0.191 0.528
wbc_pwy249_pc5 2 2 0.022 0.077 0.999 0.057
wbc_pwy309_pc5 2 2 0.646 -0.04 0.278 0.533
wbc_pwy319_pc2 2 2 0.002 -0.089 1 0.002
wbc_pwy42_pc4 2 2 0.64 0.088 0.287 0.48
wbc_pwy59_pc3 2 2 0.969 0.003 0.002 0.906
wbc_pwy60_pc4 2 2 0.99 0.001 0 0.972
wbc_pwy65_pc2 2 2 0.856 -0.015 0.05 0.722
wbc_pwy66_pc1 2 2 0.914 0.018 0.018 0.749
wbc_pwy77_pc1 2 2 0.007 -0.133 1 0.026
wbc_pwy82_pc3 2 2 0.989 -0.002 0 0.975
