factor num_snp_fdr<0.2 num_snp_noMHC pval_in_fitting slope_in_fitting rsq_in_fitting pval_in_resampling
EUR.CD_pwy132_pc1 2 2 0.959 -0.042 0.004 0.877
EUR.CD_pwy164_pc1 2 2 0.008 0.676 1 0.032
EUR.CD_pwy170_pc3 2 2 0.916 0.08 0.017 0.795
EUR.CD_pwy175_pc2 2 2 0.113 -0.551 0.969 0.163
EUR.CD_pwy178_pc4 2 2 0.154 -0.528 0.943 0.202
EUR.CD_pwy184_pc5 2 2 0.111 -0.503 0.97 0.188
EUR.CD_pwy185_pc1 2 2 0.941 0.054 0.009 0.82
EUR.CD_pwy187_pc1 2 1 0.008 0.672 1 0.008
EUR.CD_pwy193_pc4 2 0 0.132 0.477 0.957 0.223
EUR.CD_pwy215_pc2 2 2 0.249 -1.69 0.855 0.409
EUR.CD_pwy22_pc1 2 2 0.907 0.113 0.021 0.785
EUR.CD_pwy233_pc3 2 2 0.125 0.509 0.962 0.197
EUR.CD_pwy238_pc4 2 0 0.145 0.403 0.949 0.277
EUR.CD_pwy242_pc5 2 2 0.808 0.19 0.088 0.609
EUR.CD_pwy281_pc4 2 0 0.16 -0.33 0.938 0.315
EUR.CD_pwy291_pc2 2 1 0.681 0.219 0.231 0.556
EUR.CD_pwy295_pc4 2 2 0.104 0.833 0.973 0.292
EUR.CD_pwy300_pc1 2 0 0.036 0.946 0.997 0.034
EUR.CD_pwy303_pc1 2 2 0.038 0.646 0.996 0.135
EUR.CD_pwy320_pc2 2 0 0.199 -0.341 0.906 0.411
EUR.CD_pwy323_pc4 2 0 0.177 -0.369 0.924 0.37
EUR.CD_pwy325_pc3 2 0 0.205 0.369 0.9 0.417
EUR.CD_pwy326_pc3 2 1 0.928 -0.055 0.013 0.768
EUR.CD_pwy326_pc4 2 0 0.19 -0.416 0.913 0.395
EUR.CD_pwy331_pc5 2 0 0.126 -0.441 0.961 0.198
EUR.CD_pwy34_pc1 2 2 0.099 -1.22 0.976 0.305
EUR.CD_pwy54_pc1 2 2 0.773 -0.265 0.122 0.577
EUR.CD_pwy55_pc5 2 2 0.918 -0.079 0.017 0.77
EUR.CD_pwy63_pc3 2 2 0.955 0.053 0.005 0.844
EUR.CD_pwy86_pc4 2 2 0 0.491 1 0
EUR.IBD_pwy137_pc4 2 2 0.778 0.08 0.117 0.541
EUR.IBD_pwy139_pc4 2 2 0.987 -0.005 0 0.942
EUR.IBD_pwy155_pc4 2 2 0.814 -0.113 0.083 0.561
EUR.IBD_pwy175_pc2 2 2 0.168 -0.379 0.932 0.261
EUR.IBD_pwy178_pc4 2 2 0.171 -0.434 0.93 0.254
EUR.IBD_pwy195_pc4 2 2 0.123 0.38 0.963 0.232
EUR.IBD_pwy196_pc3 2 2 0.954 0.032 0.005 0.908
EUR.IBD_pwy200_pc4 2 2 0.86 -0.109 0.048 0.64
EUR.IBD_pwy206_pc3 2 2 0.159 -0.38 0.939 0.249
EUR.IBD_pwy215_pc2 2 2 0.019 -1.089 0.999 0.054
EUR.IBD_pwy230_pc3 2 2 0.154 0.531 0.942 0.42
EUR.IBD_pwy238_pc5 2 1 0.899 0.074 0.025 0.719
EUR.IBD_pwy242_pc4 2 2 0.939 0.04 0.009 0.893
EUR.IBD_pwy243_pc4 2 0 0.114 0.509 0.968 0.048
EUR.IBD_pwy251_pc5 2 0 0.103 -0.537 0.974 0.048
EUR.IBD_pwy267_pc1 2 2 0.084 -0.72 0.983 0.248
EUR.IBD_pwy271_pc4 2 2 0.837 0.073 0.064 0.586
EUR.IBD_pwy281_pc5 2 2 0.908 -0.071 0.021 0.736
EUR.IBD_pwy288_pc4 2 2 0.173 -0.229 0.928 0.257
EUR.IBD_pwy289_pc4 2 2 0.827 0.074 0.072 0.571
EUR.IBD_pwy325_pc5 2 1 0.909 0.064 0.02 0.75
EUR.IBD_pwy96_pc4 2 2 0.787 -0.106 0.108 0.548
EUR.UC_pwy137_pc4 2 2 0.868 0.05 0.042 0.661
EUR.UC_pwy139_pc4 2 2 0.886 0.053 0.032 0.714
EUR.UC_pwy155_pc4 2 2 0.9 -0.063 0.025 0.699
EUR.UC_pwy15_pc5 2 2 0.38 -0.162 0.684 0.337
EUR.UC_pwy196_pc3 2 2 0.842 0.124 0.06 0.691
EUR.UC_pwy200_pc4 2 2 0.95 -0.04 0.006 0.881
EUR.UC_pwy225_pc5 2 2 0.051 -0.64 0.993 0.172
EUR.UC_pwy242_pc4 2 2 0.828 0.127 0.071 0.678
EUR.UC_pwy258_pc4 2 2 0.928 0.048 0.013 0.792
EUR.UC_pwy271_pc4 2 2 0.946 0.026 0.007 0.875
EUR.UC_pwy286_pc4 2 2 0.883 0.056 0.033 0.67
EUR.UC_pwy288_pc4 2 2 0.906 -0.045 0.022 0.71
EUR.UC_pwy289_pc4 2 2 0.934 0.03 0.011 0.826
EUR.UC_pwy297_pc1 3 3 0.017 0.797 0.966 0.065
EUR.UC_pwy300_pc4 2 2 0.919 0.051 0.016 0.767
EUR.UC_pwy41_pc4 2 2 0.938 -0.064 0.01 0.831
EUR.UC_pwy7_pc3 2 1 0.01 -0.546 1 0.028
EUR.UC_pwy96_pc4 2 2 0.869 -0.067 0.042 0.663
T1D_pwy111_pc1 2 2 0.845 0.12 0.058 0.687
T1D_pwy132_pc1 2 2 0.379 0.498 0.686 0.346
T1D_pwy137_pc4 2 2 0.011 0.23 1 0.025
T1D_pwy146_pc3 2 2 0.125 -0.732 0.962 0.114
T1D_pwy155_pc4 3 3 0.688 -0.091 0.097 0.731
T1D_pwy18_pc4 2 2 0.074 0.28 0.986 0.182
T1D_pwy222_pc4 2 2 0.178 -0.57 0.924 0.267
T1D_pwy269_pc4 2 2 0.954 0.016 0.005 0.847
T1D_pwy276_pc2 2 2 0.81 0.161 0.087 0.64
T1D_pwy284_pc5 2 2 0.664 0.178 0.254 0.578
T1D_pwy307_pc2 2 2 0.376 -1.551 0.689 0.462
T1D_pwy330_pc3 2 2 0.16 -0.579 0.938 0.313
T1D_pwy45_pc2 2 2 0.009 -0.574 1 0.037
T1D_pwy57_pc1 2 2 0.68 -1.097 0.233 0.558
T1D_pwy72_pc3 3 3 0.001 0.726 0.999 0.001
T1D_pwy88_pc1 2 2 0.02 0.697 0.999 0.057
T1D_pwy96_pc4 2 2 0.055 -0.254 0.993 0.161
T1D_pwy96_pc5 2 2 0.81 0.091 0.086 0.713
T1D_pwy97_pc4 2 2 0.034 0.323 0.997 0.109
allergy_pwy103_pc2 2 2 0.897 -0.053 0.026 0.742
allergy_pwy136_pc2 3 2 0.959 0.006 0.002 0.966
allergy_pwy146_pc1 2 2 0.071 0.172 0.988 0.192
allergy_pwy157_pc1 2 2 0.182 -0.231 0.921 0.384
allergy_pwy161_pc2 3 3 0.696 -0.041 0.092 0.674
allergy_pwy171_pc3 2 2 0.038 -0.102 0.996 0.054
allergy_pwy186_pc1 2 2 0.95 -0.009 0.006 0.877
allergy_pwy193_pc4 2 0 0.044 0.139 0.995 0.127
allergy_pwy204_pc2 2 2 0.746 0.063 0.151 0.581
allergy_pwy209_pc5 2 2 0.816 -0.044 0.082 0.768
allergy_pwy215_pc2 2 2 0.015 -0.236 0.999 0.042
allergy_pwy219_pc5 2 2 0.024 0.098 0.999 0.023
allergy_pwy238_pc3 2 1 0.491 0.096 0.514 0.497
allergy_pwy273_pc1 2 2 0.842 0.027 0.061 0.677
allergy_pwy276_pc2 2 2 0.855 -0.056 0.051 0.688
allergy_pwy277_pc1 2 2 0.676 0.099 0.237 0.519
allergy_pwy291_pc1 2 2 0.794 -0.017 0.101 0.643
allergy_pwy320_pc5 2 1 0.183 -0.22 0.919 0.401
allergy_pwy40_pc4 2 2 0.095 0.112 0.978 0.236
allergy_pwy45_pc3 2 2 0.104 0.14 0.973 0.243
allergy_pwy48_pc1 2 2 0.023 -0.152 0.999 0.063
allergy_pwy6_pc5 2 2 0.098 -0.116 0.977 0.241
allergy_pwy94_pc5 2 2 0.071 0.077 0.988 0.184
allergy_pwy99_pc4 2 1 0.939 -0.013 0.009 0.832
baso_pwy114_pc2 2 2 0.059 -0.083 0.991 0.204
baso_pwy126_pc5 3 3 0.405 0.03 0.354 0.333
baso_pwy127_pc3 2 1 0.915 0.008 0.018 0.757
baso_pwy138_pc1 3 3 0.018 0.057 0.964 0.086
baso_pwy143_pc4 2 2 0.671 0.022 0.243 0.551
baso_pwy149_pc5 2 2 0.656 -0.045 0.265 0.551
baso_pwy150_pc3 2 2 0.967 -0.003 0.003 0.896
baso_pwy153_pc1 2 1 0.048 -0.088 0.994 0.101
baso_pwy172_pc1 2 2 0.998 0 0 0.985
baso_pwy173_pc4 2 2 0.628 0.035 0.304 0.551
baso_pwy183_pc4 2 2 0.964 0.003 0.003 0.893
baso_pwy186_pc4 2 2 0.936 0.005 0.01 0.827
baso_pwy189_pc4 2 2 0.031 0.06 0.998 0.079
baso_pwy190_pc4 2 2 0.177 0.09 0.924 0.362
baso_pwy200_pc4 2 2 0.606 -0.046 0.336 0.551
baso_pwy201_pc4 2 2 0.606 -0.041 0.336 0.551
baso_pwy205_pc4 2 2 0.627 0.034 0.306 0.551
baso_pwy210_pc4 2 2 0.976 -0.002 0.001 0.908
baso_pwy246_pc2 3 2 0.001 -0.144 0.998 0.019
baso_pwy251_pc2 2 2 1 0 0 0.998
baso_pwy252_pc3 2 2 0.979 0.005 0.001 0.952
baso_pwy261_pc4 2 1 0.046 -0.085 0.995 0.171
baso_pwy265_pc4 2 2 0.986 0.001 0 0.947
baso_pwy271_pc4 2 2 0.615 0.028 0.324 0.551
baso_pwy271_pc5 2 2 0.899 0.006 0.025 0.755
baso_pwy277_pc4 2 2 0.085 0.116 0.982 0.196
baso_pwy282_pc4 2 2 0.942 -0.003 0.008 0.835
baso_pwy283_pc4 2 2 0.629 -0.031 0.303 0.551
baso_pwy290_pc5 2 2 0.988 -0.001 0 0.946
baso_pwy298_pc4 2 2 0.605 0.035 0.338 0.551
baso_pwy311_pc2 2 2 0.961 -0.003 0.004 0.881
baso_pwy320_pc3 2 1 0.046 -0.099 0.995 0.089
baso_pwy39_pc2 2 2 0.85 0.029 0.054 0.644
baso_pwy3_pc2 2 2 0.995 0.001 0 0.99
baso_pwy49_pc1 2 2 0.877 -0.018 0.037 0.71
baso_pwy55_pc2 2 2 0.585 -0.101 0.368 0.527
baso_pwy84_pc1 2 2 0.334 -0.126 0.749 0.393
baso_pwy88_pc4 2 2 0.616 0.044 0.322 0.551
baso_pwy94_pc2 2 2 0.024 -0.057 0.999 0.049
eo_pwy10_pc3 2 2 0.774 -0.038 0.121 0.601
eo_pwy113_pc1 2 2 0.066 -0.054 0.989 0.018
eo_pwy120_pc1 2 2 0.077 0.057 0.985 0.018
eo_pwy126_pc2 2 2 0.825 0.023 0.074 0.624
eo_pwy127_pc5 2 2 0.688 -0.029 0.222 0.59
eo_pwy138_pc1 2 2 0.819 -0.019 0.079 0.648
eo_pwy143_pc1 2 2 0.071 0.047 0.988 0.018
eo_pwy153_pc1 2 2 0.127 -0.063 0.961 0.032
eo_pwy158_pc2 3 3 0.979 -0.003 0 0.981
eo_pwy162_pc4 2 2 0.04 -0.069 0.996 0.043
eo_pwy172_pc3 2 2 0.851 -0.018 0.054 0.674
eo_pwy178_pc4 3 3 0.107 0.056 0.798 0.041
eo_pwy181_pc1 2 2 0.312 0.043 0.779 0.196
eo_pwy186_pc1 2 2 0.952 0.005 0.006 0.919
eo_pwy196_pc4 2 2 0.696 -0.043 0.211 0.537
eo_pwy208_pc2 3 3 0.781 0.015 0.048 0.791
eo_pwy209_pc5 2 2 0.075 0.104 0.986 0.176
eo_pwy210_pc5 2 2 0.995 0.001 0 0.989
eo_pwy212_pc1 3 3 0.052 -0.061 0.9 0.018
eo_pwy219_pc1 4 4 0.135 0.059 0.58 0.067
eo_pwy238_pc2 2 1 0.231 0.181 0.874 0.381
eo_pwy254_pc3 2 1 0.779 -0.043 0.116 0.571
eo_pwy256_pc2 2 2 0.038 0.058 0.996 0.004
eo_pwy25_pc1 2 2 0.935 -0.009 0.01 0.848
eo_pwy264_pc1 2 2 0.937 0.01 0.01 0.844
eo_pwy267_pc2 3 3 0.889 -0.011 0.012 0.912
eo_pwy26_pc2 3 3 0.02 0.106 0.96 0.067
eo_pwy284_pc1 3 3 0.491 -0.054 0.259 0.368
eo_pwy289_pc1 2 2 0.92 -0.01 0.016 0.82
eo_pwy294_pc1 3 3 0.13 -0.051 0.758 0.086
eo_pwy304_pc1 2 2 0.079 -0.075 0.984 0.018
eo_pwy310_pc1 2 2 0.084 -0.064 0.983 0.018
eo_pwy311_pc1 2 2 0.086 0.064 0.982 0.018
eo_pwy332_pc1 3 3 0.178 -0.064 0.676 0.123
eo_pwy52_pc2 2 2 0.066 -0.144 0.989 0.12
eo_pwy6_pc1 2 2 0.99 0.002 0 0.981
eo_pwy72_pc1 2 2 0.001 0.09 1 0
eo_pwy83_pc2 2 2 0.222 -0.167 0.884 0.405
eo_pwy97_pc1 3 3 0.574 0.049 0.182 0.517
gran_pwy105_pc2 2 2 0.074 -0.165 0.986 0.214
gran_pwy120_pc1 2 2 0.014 0.082 0.999 0.041
gran_pwy13_pc4 2 2 0.9 0.012 0.024 0.697
gran_pwy144_pc1 2 1 0.69 -0.066 0.219 0.49
gran_pwy160_pc3 2 2 0.091 -0.072 0.98 0.142
gran_pwy199_pc1 2 2 0.942 -0.009 0.008 0.831
gran_pwy200_pc2 2 2 0.881 0.017 0.035 0.794
gran_pwy205_pc1 2 2 0.779 0.034 0.115 0.607
gran_pwy262_pc1 2 2 0.906 0.016 0.022 0.717
gran_pwy291_pc2 2 2 0.08 -0.06 0.984 0.215
gran_pwy321_pc5 2 0 0.03 0.165 0.998 0.095
gran_pwy326_pc2 2 0 0.016 -0.141 0.999 0.045
gran_pwy36_pc5 2 2 0.003 -0.081 1 0.008
gran_pwy49_pc4 2 2 0.118 0.09 0.966 0.258
gran_pwy65_pc2 2 2 0.919 -0.009 0.016 0.827
hct_pwy172_pc5 3 3 0.822 0.02 0.032 0.868
hct_pwy17_pc5 2 2 0.957 -0.006 0.004 0.86
hct_pwy220_pc2 2 2 0.018 0.1 0.999 0.057
hct_pwy230_pc1 2 2 0.052 -0.095 0.993 0.168
hct_pwy300_pc1 2 2 0.962 -0.007 0.004 0.925
hct_pwy303_pc1 2 2 0.026 0.141 0.998 0.097
hct_pwy49_pc2 3 3 0.002 0.112 0.995 0.021
hct_pwy5_pc2 2 2 0.308 -0.12 0.784 0.45
hct_pwy64_pc4 2 2 0.567 0.047 0.396 0.524
hct_pwy83_pc5 2 2 0.832 0.049 0.068 0.638
hgb_pwy110_pc1 2 1 0.851 0.031 0.054 0.65
hgb_pwy172_pc5 2 2 0.977 -0.004 0.001 0.933
hgb_pwy174_pc1 2 2 0.708 0.017 0.196 0.556
hgb_pwy17_pc5 2 2 0.993 -0.001 0 0.98
hgb_pwy198_pc2 2 2 0.871 0.013 0.04 0.685
hgb_pwy1_pc4 2 2 0.357 -0.093 0.717 0.452
hgb_pwy209_pc4 2 2 0.092 0.12 0.979 0.057
hgb_pwy211_pc3 2 2 0.679 0.083 0.233 0.517
hgb_pwy213_pc4 2 2 0.979 0.003 0.001 0.933
hgb_pwy217_pc3 2 2 0 -0.082 1 0
hgb_pwy230_pc1 2 2 0.053 -0.09 0.993 0.179
hgb_pwy243_pc4 2 2 0.924 -0.011 0.014 0.779
hgb_pwy247_pc2 3 3 0.001 -0.123 0.998 0.003
hgb_pwy282_pc3 2 2 0.918 0.009 0.017 0.749
hgb_pwy303_pc1 2 2 0.047 0.129 0.995 0.157
hgb_pwy49_pc2 4 3 0.006 0.135 0.94 0.052
hgb_pwy56_pc3 2 2 0.853 -0.017 0.052 0.674
lymph_pwy104_pc4 2 2 0.495 -0.065 0.508 0.495
lymph_pwy113_pc2 2 2 0.851 0.022 0.054 0.67
lymph_pwy118_pc5 2 2 0.937 -0.005 0.01 0.819
lymph_pwy124_pc5 2 2 0.12 -0.041 0.965 0.248
lymph_pwy127_pc2 2 2 0.904 0.01 0.023 0.763
lymph_pwy129_pc4 2 2 0.185 0.094 0.918 0.314
lymph_pwy132_pc2 2 2 0.587 -0.065 0.365 0.545
lymph_pwy134_pc3 2 2 0.721 0.032 0.18 0.587
lymph_pwy149_pc4 2 2 0.969 0.003 0.002 0.903
lymph_pwy14_pc2 2 2 0.03 0.121 0.998 0.076
lymph_pwy152_pc3 2 2 0.119 0.093 0.965 0.289
lymph_pwy171_pc2 2 2 0.169 -0.074 0.931 0.34
lymph_pwy174_pc5 2 1 0.05 -0.107 0.994 0.075
lymph_pwy178_pc3 2 2 0.883 0.02 0.033 0.718
lymph_pwy180_pc4 2 2 0.98 0.001 0.001 0.933
lymph_pwy186_pc1 3 3 0.771 0.021 0.052 0.819
lymph_pwy189_pc3 2 2 0.084 -0.084 0.983 0.215
lymph_pwy20_pc5 2 2 0.982 -0.002 0.001 0.967
lymph_pwy213_pc3 2 2 0.075 0.101 0.986 0.197
lymph_pwy215_pc1 2 2 0.783 -0.058 0.111 0.581
lymph_pwy219_pc4 2 2 0.94 0.007 0.009 0.861
lymph_pwy235_pc4 3 3 0.673 -0.018 0.107 0.65
lymph_pwy237_pc4 2 2 0.974 0.002 0.002 0.931
lymph_pwy246_pc4 2 2 0.096 -0.053 0.978 0.218
lymph_pwy249_pc5 2 2 0.267 0.129 0.834 0.467
lymph_pwy255_pc4 2 2 0.051 0.082 0.993 0.129
lymph_pwy261_pc4 2 2 0.808 -0.021 0.088 0.636
lymph_pwy263_pc4 2 2 0.157 0.171 0.94 0.309
lymph_pwy267_pc5 2 2 0.997 0 0 0.988
lymph_pwy268_pc5 2 2 0.821 0.016 0.077 0.618
lymph_pwy281_pc4 2 1 0.296 -0.054 0.798 0.277
lymph_pwy283_pc5 4 4 0.297 0.019 0.345 0.282
lymph_pwy292_pc5 2 2 0.963 0.002 0.003 0.889
lymph_pwy319_pc4 3 3 0.641 0.018 0.129 0.613
lymph_pwy320_pc2 2 1 0.24 -0.094 0.864 0.42
lymph_pwy321_pc3 2 1 0.934 0.01 0.011 0.849
lymph_pwy321_pc4 3 2 0.488 0.061 0.262 0.325
lymph_pwy322_pc5 2 2 0.05 0.047 0.994 0.018
lymph_pwy323_pc4 2 1 0.921 -0.013 0.015 0.839
lymph_pwy325_pc3 2 1 0.881 0.02 0.035 0.713
lymph_pwy325_pc4 2 1 0.161 0.137 0.937 0.366
lymph_pwy326_pc4 3 2 0.814 -0.02 0.035 0.834
lymph_pwy326_pc5 2 1 0.188 -0.141 0.916 0.401
lymph_pwy327_pc4 2 2 0.086 -0.076 0.982 0.224
lymph_pwy328_pc3 3 3 0.436 -0.048 0.318 0.292
lymph_pwy329_pc4 2 2 0.078 0.107 0.985 0.201
lymph_pwy47_pc4 2 2 0.042 -0.047 0.996 0.112
lymph_pwy48_pc4 2 2 0.123 -0.117 0.963 0.267
lymph_pwy56_pc4 2 2 0.015 -0.043 0.999 0.027
lymph_pwy81_pc3 2 2 0.929 0.01 0.013 0.815
lymph_pwy93_pc1 2 2 0.094 0.093 0.978 0.237
mch_pwy123_pc2 3 3 0.74 -0.021 0.068 0.764
mch_pwy125_pc3 2 1 0.218 0.112 0.888 0.34
mch_pwy131_pc3 2 2 0.113 0.048 0.969 0.247
mch_pwy137_pc3 2 2 0.003 0.047 1 0
mch_pwy145_pc2 2 2 0.963 0.003 0.003 0.901
mch_pwy150_pc3 2 2 0.975 0.003 0.002 0.948
mch_pwy164_pc4 2 2 0.023 -0.093 0.999 0.048
mch_pwy174_pc5 2 2 0.007 -0.048 1 0.007
mch_pwy176_pc2 4 4 0.468 -0.032 0.186 0.475
mch_pwy177_pc3 2 2 0.493 0.048 0.51 0.466
mch_pwy181_pc3 2 2 0.974 0.003 0.002 0.957
mch_pwy191_pc2 2 2 0.008 0.051 1 0.02
mch_pwy193_pc5 3 2 0.354 0.081 0.417 0.28
mch_pwy195_pc4 4 4 0.255 0.058 0.397 0.205
mch_pwy1_pc5 2 2 0.278 0.162 0.821 0.432
mch_pwy204_pc2 2 2 0.934 0.01 0.011 0.858
mch_pwy210_pc2 2 2 0.969 0.006 0.002 0.916
mch_pwy213_pc5 2 2 0.922 -0.008 0.015 0.871
mch_pwy219_pc1 2 2 0.06 0.108 0.991 0.131
mch_pwy219_pc2 2 2 0.059 0.087 0.991 0.13
mch_pwy246_pc3 3 2 0.308 0.112 0.478 0.24
mch_pwy271_pc3 2 2 0 0.06 1 0
mch_pwy283_pc2 3 3 0.577 0.025 0.179 0.554
mch_pwy285_pc3 3 3 0.001 0.047 0.998 0.001
mch_pwy291_pc3 2 2 0.051 -0.035 0.994 0.133
mch_pwy291_pc5 2 2 0.154 -0.048 0.943 0.305
mch_pwy294_pc3 2 2 0.005 0.041 1 0.006
mch_pwy319_pc3 5 5 0.292 -0.028 0.269 0.28
mch_pwy320_pc3 2 2 0.367 -0.217 0.703 0.51
mch_pwy36_pc2 2 2 0.22 -0.122 0.885 0.364
mch_pwy48_pc2 2 2 0.948 0.006 0.007 0.894
mch_pwy78_pc1 2 2 0.15 -0.142 0.945 0.204
mch_pwy83_pc1 2 2 0.085 -0.071 0.982 0.172
mch_pwy83_pc4 2 2 0.012 -0.101 1 0.023
mch_pwy84_pc5 2 2 0.705 -0.045 0.2 0.596
mch_pwy88_pc4 4 4 0.007 -0.125 0.937 0.02
mch_pwy9_pc2 2 2 0.951 0.007 0.006 0.88
mchc_pwy100_pc2 2 2 0.259 0.129 0.843 0.469
mchc_pwy110_pc2 2 2 0.759 0.023 0.137 0.682
mchc_pwy12_pc3 2 2 0.601 0.08 0.344 0.52
mchc_pwy132_pc4 2 2 0.059 -0.094 0.992 0.147
mchc_pwy21_pc1 2 2 0.132 -0.129 0.958 0.307
mchc_pwy238_pc3 2 2 0.906 0.014 0.022 0.781
mchc_pwy31_pc3 2 1 0.087 0.072 0.981 0.217
mchc_pwy321_pc4 2 2 0.993 -0.001 0 0.982
mcv_pwy108_pc5 2 2 0.064 -0.069 0.99 0.136
mcv_pwy114_pc4 2 2 0.163 0.065 0.936 0.319
mcv_pwy122_pc3 2 2 0.738 0.023 0.161 0.616
mcv_pwy123_pc2 3 3 0.813 -0.016 0.035 0.858
mcv_pwy125_pc3 2 1 0.114 0.099 0.968 0.233
mcv_pwy129_pc5 2 2 0.941 -0.004 0.008 0.873
mcv_pwy136_pc3 3 3 0.584 -0.023 0.173 0.554
mcv_pwy150_pc2 2 2 0.127 0.091 0.961 0.256
mcv_pwy151_pc3 2 2 0.93 0.011 0.012 0.842
mcv_pwy165_pc5 2 2 0.022 -0.043 0.999 0.045
mcv_pwy172_pc1 2 2 0.852 0.011 0.053 0.72
mcv_pwy181_pc2 2 2 0.097 0.082 0.977 0.114
mcv_pwy181_pc3 2 2 0.993 0.001 0 0.987
mcv_pwy191_pc2 2 2 0.051 0.09 0.994 0.104
mcv_pwy204_pc2 2 2 0.928 0.012 0.013 0.849
mcv_pwy210_pc2 2 2 0.945 0.011 0.008 0.87
mcv_pwy217_pc3 2 2 0.062 -0.158 0.99 0.139
mcv_pwy226_pc5 2 1 0.072 -0.112 0.987 0.149
mcv_pwy227_pc4 2 2 0.903 -0.008 0.023 0.806
mcv_pwy240_pc3 2 2 0.848 0.024 0.056 0.716
mcv_pwy246_pc3 2 1 0.007 0.16 1 0.018
mcv_pwy262_pc1 2 2 0.23 -0.131 0.876 0.369
mcv_pwy268_pc3 2 2 0.779 0.029 0.116 0.607
mcv_pwy283_pc2 2 2 0.17 0.067 0.931 0.318
mcv_pwy284_pc2 2 2 0.91 -0.007 0.02 0.795
mcv_pwy285_pc3 3 3 0.817 0.014 0.033 0.855
mcv_pwy287_pc3 2 2 0.057 0.086 0.992 0.122
mcv_pwy28_pc2 2 2 0.015 -0.14 0.999 0.036
mcv_pwy291_pc5 2 2 0.072 -0.046 0.987 0.162
mcv_pwy293_pc5 3 3 0.002 0.035 0.996 0.002
mcv_pwy300_pc2 2 2 0.696 0.022 0.211 0.671
mcv_pwy319_pc3 2 2 0.329 -0.031 0.755 0.29
mcv_pwy320_pc3 2 2 0.331 -0.2 0.753 0.481
mcv_pwy326_pc4 2 2 0.235 -0.035 0.87 0.283
mcv_pwy36_pc2 2 2 0.132 -0.137 0.958 0.243
mcv_pwy40_pc5 4 4 0.042 0.086 0.794 0.096
mcv_pwy54_pc2 2 2 0.09 -0.086 0.98 0.205
mcv_pwy66_pc1 3 3 0.722 0.027 0.077 0.695
mcv_pwy79_pc2 2 2 0.673 -0.04 0.241 0.63
mcv_pwy82_pc3 3 3 0.963 -0.007 0.001 0.975
mcv_pwy86_pc1 2 2 0.808 -0.053 0.088 0.655
mcv_pwy88_pc4 2 2 0.024 -0.123 0.999 0.033
mcv_pwy91_pc3 2 2 0.911 0.018 0.02 0.797
mcv_pwy97_pc5 2 2 0.797 0.017 0.098 0.698
mcv_pwy98_pc4 2 2 0.189 0.095 0.914 0.271
mono_pwy104_pc1 2 2 0.975 -0.004 0.002 0.946
mono_pwy105_pc2 2 2 0.959 0.01 0.004 0.919
mono_pwy11_pc4 2 2 0.729 -0.05 0.17 0.599
mono_pwy143_pc1 2 2 0.618 0.039 0.319 0.602
mono_pwy148_pc3 2 2 0.041 -0.08 0.996 0.076
mono_pwy14_pc3 2 2 0.051 -0.096 0.994 0.083
mono_pwy159_pc2 2 2 0.132 -0.142 0.958 0.241
mono_pwy175_pc5 3 3 0.79 0.051 0.044 0.807
mono_pwy185_pc5 2 2 0.885 0.017 0.032 0.819
mono_pwy195_pc1 2 2 0.027 0.099 0.998 0.055
mono_pwy198_pc2 2 2 0.896 -0.022 0.027 0.814
mono_pwy212_pc2 2 2 0.212 0.116 0.893 0.342
mono_pwy228_pc1 2 2 0.014 0.086 1 0.029
mono_pwy267_pc3 2 2 0.034 -0.123 0.997 0.067
mono_pwy304_pc1 2 2 0.655 -0.054 0.266 0.602
mono_pwy310_pc1 2 2 0.618 -0.048 0.319 0.602
mono_pwy36_pc3 2 2 0.647 -0.063 0.277 0.561
mono_pwy47_pc5 2 2 0.259 -0.078 0.844 0.379
mono_pwy49_pc1 2 2 1 0 0 1
mono_pwy50_pc3 2 2 0.767 -0.066 0.128 0.617
mono_pwy51_pc2 2 2 0.362 -0.253 0.71 0.41
mono_pwy57_pc4 2 2 0.947 -0.009 0.007 0.918
mono_pwy60_pc1 2 2 0.017 -0.108 0.999 0.032
mono_pwy77_pc3 2 2 0.073 -0.148 0.987 0.143
mpv_pwy100_pc1 2 2 0.043 0.104 0.996 0.078
mpv_pwy1_pc2 2 2 0.971 0.003 0.002 0.924
mpv_pwy232_pc2 2 2 0.643 0.113 0.282 0.525
mpv_pwy298_pc2 2 2 0.658 -0.048 0.262 0.605
mpv_pwy30_pc4 2 2 0.14 -0.15 0.953 0.265
mpv_pwy88_pc1 2 2 0.143 -0.2 0.95 0.15
myeloid_wbc_pwy105_pc2 3 3 0.575 -0.066 0.181 0.483
myeloid_wbc_pwy12_pc4 2 2 0.91 -0.016 0.02 0.756
myeloid_wbc_pwy144_pc1 2 1 0.717 -0.062 0.185 0.528
myeloid_wbc_pwy145_pc3 2 2 0.854 -0.029 0.052 0.651
myeloid_wbc_pwy147_pc4 2 2 0.13 0.186 0.959 0.334
myeloid_wbc_pwy205_pc1 2 2 0.818 0.03 0.079 0.627
myeloid_wbc_pwy218_pc2 2 2 0.982 -0.003 0.001 0.958
myeloid_wbc_pwy293_pc1 3 2 0.959 -0.005 0.002 0.98
myeloid_wbc_pwy321_pc5 2 0 0.026 0.166 0.998 0.074
myeloid_wbc_pwy326_pc2 2 0 0.019 -0.142 0.999 0.075
myeloid_wbc_pwy49_pc4 2 2 0.142 0.091 0.951 0.305
neut_pwy105_pc2 2 2 0.014 -0.147 1 0.049
neut_pwy107_pc1 2 1 0.889 -0.033 0.03 0.751
neut_pwy129_pc4 2 2 0.771 -0.023 0.124 0.583
neut_pwy12_pc3 2 2 0.86 -0.023 0.047 0.665
neut_pwy12_pc4 2 2 0.915 -0.014 0.018 0.781
neut_pwy143_pc4 3 3 0.993 0 0 0.994
neut_pwy144_pc1 2 1 0.702 -0.061 0.203 0.543
neut_pwy145_pc3 2 2 0.864 -0.029 0.045 0.693
neut_pwy147_pc4 2 2 0.707 0.078 0.197 0.503
neut_pwy160_pc3 2 2 0.086 -0.071 0.982 0.134
neut_pwy161_pc4 2 2 0.081 0.058 0.984 0.24
neut_pwy200_pc2 2 2 0.877 0.018 0.037 0.746
neut_pwy205_pc1 2 2 0.807 0.029 0.089 0.614
neut_pwy224_pc4 2 2 0.031 -0.066 0.998 0.054
neut_pwy272_pc5 3 3 0.679 0.034 0.103 0.684
neut_pwy321_pc5 2 0 0.037 0.155 0.997 0.131
neut_pwy65_pc2 2 2 0.915 -0.009 0.018 0.783
neut_pwy77_pc3 2 2 0.132 -0.078 0.958 0.283
neut_pwy93_pc5 2 2 0.018 -0.067 0.999 0.038
pct_pwy104_pc3 2 2 0.842 0.024 0.061 0.693
pct_pwy106_pc4 3 3 0.352 -0.042 0.42 0.291
pct_pwy116_pc5 2 2 0.235 0.067 0.87 0.389
pct_pwy119_pc3 2 2 0.026 0.057 0.998 0.023
pct_pwy119_pc5 2 2 0.15 0.069 0.946 0.305
pct_pwy120_pc3 2 2 0.421 0.081 0.623 0.426
pct_pwy122_pc2 2 2 0.885 -0.013 0.032 0.74
pct_pwy126_pc1 3 3 0.001 0.108 0.998 0.003
pct_pwy12_pc4 3 3 0.495 -0.044 0.255 0.405
pct_pwy131_pc5 2 2 0.448 -0.032 0.582 0.458
pct_pwy138_pc5 3 3 0.203 0.09 0.635 0.23
pct_pwy143_pc3 2 2 0.115 -0.051 0.968 0.156
pct_pwy143_pc5 3 3 0.212 0.063 0.621 0.23
pct_pwy145_pc3 2 2 0.018 -0.061 0.999 0.025
pct_pwy147_pc1 2 2 0.669 0.05 0.246 0.588
pct_pwy147_pc4 2 2 0.34 0.203 0.741 0.483
pct_pwy157_pc3 2 2 0.025 -0.087 0.999 0.045
pct_pwy15_pc4 2 2 0.012 -0.076 1 0.029
pct_pwy161_pc3 2 2 0.005 0.061 1 0.011
pct_pwy165_pc1 2 2 0.995 -0.001 0 0.988
pct_pwy165_pc5 6 6 0.844 0.007 0.009 0.831
pct_pwy178_pc3 2 2 0.974 0.003 0.002 0.943
pct_pwy179_pc5 3 3 0.026 0.066 0.949 0.032
pct_pwy183_pc1 2 2 0.056 0.092 0.992 0.087
pct_pwy183_pc2 2 2 0.072 0.05 0.987 0.053
pct_pwy185_pc5 2 2 0.323 -0.148 0.765 0.474
pct_pwy18_pc4 2 2 0.992 -0.001 0 0.979
pct_pwy195_pc5 3 3 0.493 0.05 0.257 0.364
pct_pwy199_pc3 2 2 0.041 -0.09 0.996 0.117
pct_pwy202_pc5 4 4 0.146 -0.042 0.559 0.124
pct_pwy204_pc5 2 2 0.128 -0.053 0.96 0.206
pct_pwy205_pc5 2 2 0.455 0.102 0.57 0.479
pct_pwy20_pc3 2 2 0.655 -0.035 0.266 0.603
pct_pwy213_pc2 2 2 0.695 -0.056 0.213 0.559
pct_pwy217_pc3 3 3 0.49 -0.057 0.26 0.364
pct_pwy221_pc5 3 3 0.003 -0.056 0.995 0.004
pct_pwy226_pc4 3 3 0.543 0.032 0.209 0.571
pct_pwy232_pc3 2 2 0.636 -0.037 0.293 0.536
pct_pwy233_pc1 2 2 0.732 0.038 0.167 0.6
pct_pwy243_pc4 2 1 0.104 0.116 0.974 0.097
pct_pwy244_pc4 3 3 0.001 -0.082 0.998 0.002
pct_pwy250_pc2 2 2 0.967 0.006 0.003 0.927
pct_pwy257_pc1 2 2 0.599 0.053 0.346 0.536
pct_pwy265_pc5 2 2 0.435 0.054 0.602 0.446
pct_pwy269_pc4 3 3 0.317 0.033 0.466 0.294
pct_pwy26_pc1 2 2 0.035 -0.118 0.997 0.082
pct_pwy272_pc5 2 2 0.406 0.12 0.645 0.479
pct_pwy281_pc3 2 2 0.031 0.061 0.998 0.034
pct_pwy285_pc4 2 2 0.965 0.003 0.003 0.919
pct_pwy286_pc5 2 2 0.37 0.102 0.698 0.5
pct_pwy295_pc4 2 2 0.02 0.1 0.999 0.066
pct_pwy296_pc5 2 2 0.397 0.079 0.66 0.479
pct_pwy30_pc4 3 3 0.43 -0.094 0.325 0.288
pct_pwy324_pc5 3 3 0.803 -0.022 0.039 0.797
pct_pwy328_pc3 2 2 0.901 -0.01 0.024 0.809
pct_pwy328_pc4 2 2 0.515 -0.084 0.477 0.515
pct_pwy34_pc3 2 2 0.988 -0.002 0 0.981
pct_pwy35_pc2 2 2 0.035 0.1 0.997 0.1
pct_pwy4_pc3 2 2 0.889 -0.019 0.03 0.767
pct_pwy50_pc3 5 5 0.644 0.025 0.059 0.639
pct_pwy56_pc2 2 2 0.628 0.093 0.305 0.517
pct_pwy69_pc4 2 2 0.996 -0.001 0 0.986
pct_pwy95_pc5 3 3 0.176 -0.103 0.679 0.233
pdw_pwy103_pc1 2 2 0.899 0.014 0.025 0.783
pdw_pwy10_pc2 2 2 0.525 0.046 0.461 0.523
pdw_pwy12_pc4 2 2 0.813 0.077 0.084 0.694
pdw_pwy135_pc4 2 2 0.751 -0.037 0.145 0.594
pdw_pwy141_pc2 2 2 0.97 -0.004 0.002 0.933
pdw_pwy148_pc4 2 2 0.065 -0.092 0.989 0.136
pdw_pwy164_pc4 2 2 0.228 0.174 0.877 0.348
pdw_pwy166_pc3 2 2 0.863 0.024 0.046 0.736
pdw_pwy175_pc1 2 2 0.659 -0.1 0.26 0.55
pdw_pwy175_pc4 2 2 0.506 0.172 0.491 0.486
pdw_pwy20_pc5 2 2 0.6 -0.109 0.346 0.511
pdw_pwy238_pc4 2 2 0.012 0.067 1 0.026
pdw_pwy244_pc4 2 2 0.786 -0.037 0.109 0.622
pdw_pwy254_pc1 2 2 0.035 -0.114 0.997 0.093
pdw_pwy275_pc5 3 3 0.38 -0.071 0.384 0.322
pdw_pwy305_pc3 2 2 0.985 -0.002 0.001 0.973
pdw_pwy313_pc1 2 2 0.042 0.091 0.996 0.091
pdw_pwy325_pc4 2 2 0.145 0.096 0.949 0.281
pdw_pwy32_pc2 2 2 0.925 0.015 0.014 0.829
pdw_pwy331_pc4 2 2 0.471 -0.119 0.545 0.482
pdw_pwy33_pc2 2 2 0.513 -0.045 0.48 0.516
pdw_pwy50_pc4 2 2 0.87 -0.024 0.041 0.783
pdw_pwy69_pc4 2 2 0.031 0.081 0.998 0.05
pdw_pwy72_pc2 3 3 0.026 -0.202 0.949 0.054
pdw_pwy73_pc1 2 2 0.642 -0.055 0.284 0.515
pdw_pwy78_pc3 2 2 0.916 -0.029 0.017 0.828
pdw_pwy84_pc4 2 2 0.279 0.101 0.82 0.181
pdw_pwy88_pc1 2 2 0.027 -0.1 0.998 0.059
pdw_pwy89_pc4 2 2 0.886 0.009 0.032 0.761
pdw_pwy93_pc3 2 2 0.771 0.04 0.124 0.627
plt_pwy100_pc1 2 2 0.032 -0.073 0.998 0.067
plt_pwy100_pc5 2 1 0.165 0.135 0.934 0.193
plt_pwy106_pc4 2 2 0.988 0.001 0 0.97
plt_pwy107_pc4 2 1 0.138 -0.132 0.954 0.144
plt_pwy128_pc3 2 1 0.553 -0.053 0.417 0.521
plt_pwy12_pc4 4 4 0.344 -0.069 0.295 0.313
plt_pwy138_pc5 3 3 0.43 0.062 0.325 0.299
plt_pwy143_pc4 2 2 0.203 -0.058 0.902 0.333
plt_pwy147_pc4 2 2 0.336 0.187 0.747 0.469
plt_pwy165_pc5 2 2 0.037 0.052 0.997 0.085
plt_pwy183_pc2 2 2 0.001 0.061 1 0.001
plt_pwy184_pc5 2 2 0.149 0.114 0.946 0.264
plt_pwy199_pc3 2 2 0.07 -0.1 0.988 0.154
plt_pwy202_pc5 2 2 0.032 -0.068 0.998 0.077
plt_pwy213_pc2 2 2 0.954 0.009 0.005 0.913
plt_pwy237_pc2 2 1 0.434 0.097 0.603 0.419
plt_pwy243_pc4 2 1 0.109 0.122 0.971 0.131
plt_pwy244_pc4 3 3 0.885 0.013 0.013 0.908
plt_pwy250_pc4 2 2 0.099 -0.105 0.976 0.174
plt_pwy254_pc1 2 2 0.177 0.128 0.924 0.321
plt_pwy254_pc4 2 2 0.768 -0.032 0.127 0.623
plt_pwy266_pc5 2 2 0.012 0.071 1 0.033
plt_pwy281_pc2 2 2 0.128 -0.145 0.96 0.258
plt_pwy281_pc3 2 2 0.042 0.074 0.996 0.048
plt_pwy284_pc2 2 2 0.945 0.004 0.007 0.862
plt_pwy302_pc1 2 2 0.022 0.108 0.999 0.062
plt_pwy30_pc4 2 2 0.127 -0.132 0.961 0.239
plt_pwy324_pc2 2 2 0.152 -0.086 0.944 0.287
plt_pwy55_pc5 3 3 0.882 -0.022 0.014 0.907
plt_pwy88_pc1 2 2 0.534 0.102 0.447 0.531
rbc_pwy101_pc5 2 2 0.942 0.004 0.008 0.851
rbc_pwy104_pc3 2 2 0.117 -0.123 0.967 0.13
rbc_pwy108_pc1 2 2 0.975 0.004 0.002 0.943
rbc_pwy111_pc3 2 1 0.067 -0.105 0.989 0.167
rbc_pwy113_pc2 2 2 0.845 0.02 0.058 0.711
rbc_pwy117_pc2 2 2 0.94 -0.008 0.009 0.844
rbc_pwy119_pc5 2 2 0.965 0.004 0.003 0.919
rbc_pwy165_pc1 2 1 0.094 -0.099 0.978 0.226
rbc_pwy168_pc1 2 1 0.005 0.082 1 0.01
rbc_pwy170_pc2 3 3 0.445 -0.038 0.308 0.339
rbc_pwy200_pc3 3 3 0.561 0.029 0.193 0.481
rbc_pwy204_pc3 2 2 0.762 -0.036 0.133 0.641
rbc_pwy217_pc3 4 4 0.995 0 0 0.997
rbc_pwy220_pc2 2 1 0.091 0.112 0.98 0.195
rbc_pwy238_pc3 2 1 0.957 0.006 0.005 0.896
rbc_pwy243_pc4 2 2 0.781 0.022 0.114 0.665
rbc_pwy24_pc5 2 2 0.087 0.086 0.981 0.205
rbc_pwy265_pc3 2 2 0.71 0.032 0.194 0.639
rbc_pwy303_pc1 2 2 0.011 0.138 1 0.029
rbc_pwy321_pc5 2 1 0.743 0.027 0.154 0.629
rbc_pwy324_pc2 2 2 0.888 -0.005 0.031 0.923
rbc_pwy44_pc5 2 2 0.048 -0.077 0.994 0.124
rbc_pwy47_pc4 2 2 0.961 0.005 0.004 0.911
rbc_pwy51_pc3 2 2 0.031 -0.079 0.998 0.08
rbc_pwy55_pc2 2 2 0.873 -0.02 0.039 0.783
rbc_pwy56_pc3 2 2 0.917 -0.01 0.017 0.808
rbc_pwy58_pc1 2 2 0.553 0.108 0.417 0.504
rbc_pwy5_pc2 2 2 0.9 0.013 0.024 0.764
rbc_pwy82_pc3 3 3 0.688 -0.048 0.097 0.723
rbc_pwy83_pc4 2 2 0.028 0.08 0.998 0.064
rbc_pwy94_pc2 2 2 0.06 -0.055 0.991 0.124
rbc_pwy99_pc5 2 2 0.237 -0.148 0.868 0.457
rdw_pwy100_pc2 3 3 0.029 -0.117 0.942 0.029
rdw_pwy108_pc3 2 2 0.946 -0.01 0.007 0.877
rdw_pwy118_pc4 2 2 0.489 0.069 0.517 0.508
rdw_pwy128_pc2 2 2 0.081 -0.069 0.984 0.083
rdw_pwy131_pc3 2 2 0.551 -0.087 0.42 0.483
rdw_pwy156_pc1 2 2 0.029 0.129 0.998 0.03
rdw_pwy161_pc2 2 2 0.975 0.004 0.002 0.951
rdw_pwy181_pc2 2 2 0.02 0.083 0.999 0.022
rdw_pwy1_pc5 3 3 0.449 -0.087 0.304 0.331
rdw_pwy223_pc4 3 3 0.604 -0.062 0.157 0.589
rdw_pwy227_pc3 2 2 0.719 -0.039 0.183 0.609
rdw_pwy232_pc5 2 2 0.861 -0.017 0.047 0.753
rdw_pwy254_pc4 2 2 0.695 -0.102 0.212 0.567
rdw_pwy261_pc4 2 2 0.028 0.1 0.998 0.077
rdw_pwy266_pc5 3 3 0.782 -0.017 0.047 0.806
rdw_pwy269_pc3 2 2 0.976 0.003 0.001 0.952
rdw_pwy273_pc3 2 2 0.994 -0.001 0 0.987
rdw_pwy27_pc3 2 2 0.987 -0.002 0 0.975
rdw_pwy282_pc3 2 2 0.945 0.005 0.008 0.866
rdw_pwy283_pc2 2 2 0.913 0.011 0.018 0.808
rdw_pwy28_pc2 2 2 0.906 0.016 0.021 0.802
rdw_pwy301_pc3 2 2 0.045 0.069 0.995 0.106
rdw_pwy40_pc5 2 2 0.897 -0.014 0.026 0.787
rdw_pwy4_pc3 2 2 0.514 0.213 0.478 0.527
rdw_pwy80_pc1 2 2 0.746 -0.053 0.151 0.6
rdw_pwy82_pc1 2 2 0.761 -0.068 0.134 0.58
rdw_pwy88_pc2 2 2 0.548 0.181 0.425 0.483
rdw_pwy89_pc2 2 2 0.959 -0.005 0.004 0.906
ret_pwy10_pc1 2 2 0.796 0.051 0.099 0.638
ret_pwy135_pc1 2 2 0.699 -0.053 0.208 0.565
ret_pwy15_pc5 2 2 0.089 -0.073 0.981 0.21
ret_pwy179_pc3 2 2 0.942 0.008 0.008 0.871
ret_pwy206_pc3 2 2 0.692 0.131 0.217 0.573
ret_pwy208_pc4 2 2 0.669 -0.038 0.246 0.618
ret_pwy243_pc3 2 2 0.024 -0.088 0.999 0.022
ret_pwy263_pc4 2 2 0.145 -0.171 0.949 0.27
ret_pwy35_pc2 2 2 0.278 -0.369 0.821 0.418
ret_pwy43_pc1 2 2 0.959 -0.008 0.004 0.901
ukb.allasthma_pwy111_pc1 2 2 0.735 0.068 0.164 0.578
ukb.allasthma_pwy115_pc1 2 2 0.178 0.248 0.924 0.355
ukb.allasthma_pwy130_pc5 2 1 0.299 -0.15 0.796 0.475
ukb.allasthma_pwy167_pc5 2 2 0.95 -0.008 0.006 0.846
ukb.allasthma_pwy175_pc1 2 2 0.873 -0.029 0.039 0.782
ukb.allasthma_pwy198_pc3 2 2 0.908 0.026 0.021 0.78
ukb.allasthma_pwy219_pc1 2 2 0.105 0.137 0.973 0.241
ukb.allasthma_pwy223_pc1 2 2 0.982 0.004 0.001 0.938
ukb.allasthma_pwy235_pc1 2 2 0.952 0.011 0.006 0.876
ukb.allasthma_pwy238_pc3 2 1 0.804 -0.058 0.092 0.642
ukb.allasthma_pwy244_pc3 2 2 0.77 -0.058 0.124 0.639
ukb.allasthma_pwy259_pc2 3 2 0.644 0.081 0.127 0.691
ukb.allasthma_pwy272_pc2 2 2 0.026 0.135 0.998 0.074
ukb.allasthma_pwy278_pc1 2 2 0.994 0.001 0 0.987
ukb.allasthma_pwy29_pc4 2 2 0.775 0.077 0.12 0.595
ukb.allasthma_pwy307_pc1 2 2 0.935 -0.018 0.01 0.844
ukb.allasthma_pwy30_pc4 2 1 0.593 0.248 0.357 0.502
ukb.allasthma_pwy327_pc5 2 2 0.691 -0.117 0.217 0.556
ukb.allasthma_pwy331_pc4 2 1 0.254 -0.153 0.85 0.437
ukb.allasthma_pwy41_pc1 2 2 0.62 -0.088 0.315 0.54
ukb.allasthma_pwy58_pc2 2 2 0.917 -0.023 0.017 0.776
ukb.allasthma_pwy63_pc3 2 2 0.012 -0.143 1 0.021
ukb.allasthma_pwy64_pc5 2 2 0.917 -0.032 0.017 0.776
ukb.allasthma_pwy6_pc2 3 3 0.614 -0.067 0.149 0.595
ukb.allasthma_pwy87_pc5 2 2 0.154 -0.251 0.943 0.194
ukb.allasthma_pwy96_pc5 2 1 0.286 -0.167 0.812 0.464
ukb.allasthma_pwy9_pc4 2 2 0.928 -0.013 0.013 0.805
wbc_pwy105_pc2 2 2 0.115 -0.164 0.968 0.289
wbc_pwy111_pc3 2 1 0.721 -0.076 0.18 0.54
wbc_pwy113_pc1 2 2 0.852 -0.018 0.053 0.677
wbc_pwy120_pc1 2 2 0.82 0.023 0.077 0.656
wbc_pwy143_pc1 2 2 0.833 0.019 0.067 0.661
wbc_pwy145_pc3 2 2 0.888 -0.022 0.031 0.689
wbc_pwy153_pc3 2 2 0.986 -0.002 0.001 0.965
wbc_pwy186_pc1 2 2 0.88 -0.015 0.035 0.662
wbc_pwy200_pc2 3 3 0.527 0.046 0.224 0.419
wbc_pwy23_pc5 2 2 0.737 -0.032 0.161 0.564
wbc_pwy240_pc5 2 2 0.832 0.025 0.068 0.707
wbc_pwy321_pc3 2 1 0.652 0.077 0.27 0.526
wbc_pwy321_pc5 2 0 0.054 0.209 0.993 0.158
wbc_pwy326_pc2 2 0 0.009 -0.179 1 0.029
wbc_pwy42_pc4 2 2 0.664 0.072 0.254 0.489
wbc_pwy50_pc3 2 2 0.924 -0.014 0.014 0.779
wbc_pwy59_pc3 2 2 0.99 -0.001 0 0.966
wbc_pwy65_pc2 2 2 0.881 -0.013 0.035 0.716
wbc_pwy66_pc1 2 2 0.007 -0.086 1 0.019
wbc_pwy81_pc3 2 2 0.005 -0.092 1 0.022
wbc_pwy82_pc3 2 2 0.971 0.004 0.002 0.931
