factor num_snp_fdr<0.2 num_snp_noMHC pval_in_fitting slope_in_fitting rsq_in_fitting pval_in_resampling
EUR.CD_pwy109_pc3 2 2 0.9 -0.079 0.025 0.765
EUR.CD_pwy131_pc2 2 2 0.021 -0.507 0.999 0.019
EUR.CD_pwy132_pc4 2 2 0.003 0.533 1 0.006
EUR.CD_pwy207_pc3 2 2 0.931 0.057 0.012 0.793
EUR.CD_pwy208_pc3 2 2 0.086 0.588 0.982 0.327
EUR.CD_pwy249_pc4 2 2 0.024 -0.58 0.999 0.067
EUR.CD_pwy330_pc5 2 2 0.276 0.727 0.823 0.413
EUR.CD_pwy93_pc1 2 2 0.786 0.283 0.109 0.507
EUR.CD_pwy95_pc1 2 2 0.018 0.356 0.999 0.025
EUR.CD_pwy99_pc5 3 3 0.006 0.417 0.988 0.019
EUR.IBD_pwy109_pc3 2 2 0.754 -0.199 0.142 0.568
EUR.IBD_pwy148_pc5 2 2 0.028 0.512 0.998 0.045
EUR.IBD_pwy151_pc3 2 2 0.126 0.351 0.962 0.38
EUR.IBD_pwy182_pc3 2 2 0.01 0.497 1 0.043
EUR.IBD_pwy197_pc5 2 2 0.091 -0.421 0.98 0.301
EUR.IBD_pwy202_pc4 3 3 0.023 -0.386 0.955 0.112
EUR.IBD_pwy207_pc3 2 2 0.124 -0.534 0.963 0.245
EUR.IBD_pwy208_pc1 2 2 0.153 -0.768 0.944 0.363
EUR.IBD_pwy229_pc5 2 2 0.072 -0.522 0.987 0.253
EUR.IBD_pwy22_pc4 2 2 0.649 0.192 0.275 0.532
EUR.IBD_pwy231_pc3 2 2 0.197 -0.42 0.908 0.414
EUR.IBD_pwy238_pc4 2 1 0.046 -0.299 0.995 0.149
EUR.IBD_pwy249_pc4 3 3 0.471 -0.224 0.28 0.345
EUR.IBD_pwy251_pc2 2 2 0.76 0.126 0.135 0.623
EUR.IBD_pwy281_pc5 2 1 0.043 -0.247 0.996 0.054
EUR.IBD_pwy306_pc2 2 2 0.982 -0.01 0.001 0.934
EUR.IBD_pwy314_pc2 3 3 0.709 -0.104 0.085 0.76
EUR.IBD_pwy320_pc2 2 1 0.028 -0.257 0.998 0.041
EUR.IBD_pwy323_pc4 2 1 0.678 0.244 0.234 0.54
EUR.IBD_pwy331_pc5 2 1 0.036 0.308 0.997 0.099
EUR.IBD_pwy36_pc1 2 2 0.034 0.651 0.997 0.093
EUR.IBD_pwy78_pc3 4 4 0.963 -0.013 0.001 0.978
EUR.IBD_pwy99_pc2 2 2 0.951 -0.037 0.006 0.885
EUR.UC_pwy102_pc4 2 2 0.009 0.676 1 0.034
EUR.UC_pwy134_pc3 2 2 0.087 0.409 0.981 0.054
EUR.UC_pwy145_pc2 3 3 0.83 0.111 0.029 0.898
EUR.UC_pwy151_pc3 2 2 0.037 0.442 0.997 0.1
EUR.UC_pwy153_pc3 3 3 0.563 0.269 0.191 0.436
EUR.UC_pwy155_pc3 2 2 0.042 0.377 0.996 0.168
EUR.UC_pwy170_pc4 2 2 0.064 0.603 0.99 0.154
EUR.UC_pwy171_pc3 2 2 0.022 0.56 0.999 0.088
EUR.UC_pwy177_pc2 2 2 0.906 -0.063 0.022 0.769
EUR.UC_pwy182_pc3 2 2 0.011 0.546 1 0.057
EUR.UC_pwy201_pc5 2 2 0.062 0.492 0.991 0.148
EUR.UC_pwy202_pc4 3 3 0.02 -0.432 0.961 0.131
EUR.UC_pwy207_pc3 2 2 0.099 -0.604 0.976 0.174
EUR.UC_pwy208_pc1 2 2 0.128 -0.871 0.96 0.254
EUR.UC_pwy218_pc2 2 2 0.944 -0.049 0.008 0.84
EUR.UC_pwy221_pc3 2 2 0.043 -0.399 0.996 0.168
EUR.UC_pwy229_pc5 2 2 0.072 -0.575 0.987 0.205
EUR.UC_pwy231_pc3 3 2 0.987 -0.011 0 0.986
EUR.UC_pwy241_pc3 4 4 0.005 -0.6 0.949 0.064
EUR.UC_pwy265_pc4 2 2 0.099 0.302 0.976 0.197
EUR.UC_pwy306_pc2 4 4 0.462 -0.206 0.191 0.444
EUR.UC_pwy310_pc2 2 2 0.956 -0.029 0.005 0.883
EUR.UC_pwy314_pc2 3 3 0.733 -0.122 0.071 0.727
EUR.UC_pwy316_pc2 2 2 0.979 0.01 0.001 0.963
EUR.UC_pwy323_pc4 2 1 0.665 0.328 0.252 0.519
EUR.UC_pwy328_pc1 2 2 0.09 0.446 0.98 0.188
EUR.UC_pwy332_pc5 2 2 0.948 -0.039 0.007 0.832
EUR.UC_pwy36_pc1 2 2 0.034 0.717 0.997 0.071
EUR.UC_pwy42_pc4 2 2 0.795 -0.19 0.1 0.644
EUR.UC_pwy56_pc3 3 3 0.852 0.113 0.022 0.869
EUR.UC_pwy6_pc1 2 2 0.061 0.604 0.991 0.125
EUR.UC_pwy6_pc2 2 2 0.017 -0.67 0.999 0.054
EUR.UC_pwy71_pc5 2 2 0.999 -0.001 0 1
EUR.UC_pwy73_pc1 2 2 0.914 -0.086 0.018 0.775
EUR.UC_pwy79_pc5 2 2 0.998 0.001 0 0.997
EUR.UC_pwy81_pc2 2 2 0.903 -0.099 0.023 0.761
EUR.UC_pwy83_pc4 2 2 0.057 -0.518 0.992 0.063
EUR.UC_pwy83_pc5 2 2 0.942 0.045 0.008 0.803
EUR.UC_pwy86_pc1 3 3 0 0.618 0.999 0.004
T1D_pwy107_pc3 2 2 1 0 0 0.997
T1D_pwy127_pc4 2 2 0.033 0.226 0.997 0.018
T1D_pwy146_pc1 3 3 0.381 -0.465 0.383 0.314
T1D_pwy176_pc5 2 2 0.04 0.294 0.996 0.018
T1D_pwy182_pc4 2 2 0.156 -0.244 0.941 0.206
T1D_pwy281_pc2 2 2 0.16 -0.225 0.938 0.206
T1D_pwy28_pc5 2 2 0.908 -0.103 0.021 0.797
T1D_pwy292_pc2 2 2 0.848 0.12 0.056 0.631
T1D_pwy297_pc3 2 2 0.027 0.3 0.998 0.018
T1D_pwy314_pc1 2 2 0.989 0.008 0 0.957
T1D_pwy60_pc5 2 2 0.875 0.137 0.038 0.702
T1D_pwy6_pc2 2 2 0.12 1.024 0.965 0.265
T1D_pwy90_pc2 2 2 0.348 1.071 0.729 0.498
allergy_pwy119_pc4 2 2 0.058 -0.188 0.992 0.177
allergy_pwy11_pc3 2 2 0.595 -0.133 0.353 0.524
allergy_pwy138_pc2 2 2 0.052 0.155 0.993 0.164
allergy_pwy150_pc4 2 2 0.088 0.069 0.981 0.268
allergy_pwy177_pc4 2 2 0.954 -0.004 0.005 0.855
allergy_pwy17_pc1 2 2 0.919 -0.021 0.016 0.79
allergy_pwy182_pc4 2 1 0.087 0.09 0.981 0.219
allergy_pwy193_pc3 2 1 0.175 -0.067 0.926 0.206
allergy_pwy232_pc4 2 2 0.939 0.014 0.009 0.824
allergy_pwy238_pc4 2 0 0.27 0.065 0.831 0.48
allergy_pwy259_pc3 2 2 0.027 -0.115 0.998 0.072
allergy_pwy281_pc2 2 2 0.875 -0.02 0.038 0.678
allergy_pwy288_pc3 2 2 0.972 -0.004 0.002 0.917
allergy_pwy317_pc3 3 3 0.36 -0.099 0.41 0.285
allergy_pwy31_pc1 2 2 0.032 -0.186 0.997 0.097
allergy_pwy321_pc5 2 1 0.018 0.11 0.999 0.04
allergy_pwy323_pc4 2 1 0.665 -0.042 0.252 0.612
allergy_pwy325_pc4 2 0 0.286 -0.065 0.811 0.48
allergy_pwy44_pc1 2 2 0.768 -0.085 0.127 0.58
allergy_pwy63_pc1 2 2 0.074 -0.174 0.986 0.205
eo_pwy100_pc5 2 2 0.791 0.045 0.104 0.604
eo_pwy291_pc4 3 3 0.887 -0.006 0.013 0.892
eo_pwy302_pc4 2 2 0.782 0.022 0.113 0.603
eo_pwy308_pc2 2 2 0.683 -0.043 0.228 0.679
eo_pwy54_pc2 2 2 0.018 -0.095 0.999 0.009
eo_pwy82_pc2 2 2 0.883 0.024 0.033 0.713
gran_pwy10_pc5 3 3 0.691 -0.022 0.096 0.718
gran_pwy111_pc1 3 3 0.976 -0.003 0.001 0.978
gran_pwy114_pc4 2 2 0.037 0.029 0.997 0.11
gran_pwy116_pc3 2 2 0.014 -0.045 0.999 0.054
gran_pwy127_pc1 2 2 0.029 0.042 0.998 0.11
gran_pwy138_pc5 2 2 0.009 -0.031 1 0.037
gran_pwy144_pc5 2 2 0.948 -0.004 0.007 0.846
gran_pwy146_pc5 2 2 0.785 -0.021 0.109 0.572
gran_pwy148_pc1 2 2 0.697 0.056 0.21 0.518
gran_pwy149_pc2 2 2 0.089 0.055 0.981 0.188
gran_pwy155_pc4 2 2 0.005 0.062 1 0.008
gran_pwy160_pc2 2 2 0.052 -0.051 0.993 0.138
gran_pwy161_pc4 2 2 0.045 0.034 0.995 0.127
gran_pwy197_pc3 3 3 0.185 -0.05 0.664 0.176
gran_pwy200_pc4 3 3 0.407 0.027 0.352 0.409
gran_pwy201_pc3 3 3 0.639 0.018 0.13 0.62
gran_pwy205_pc4 2 2 0.006 -0.033 1 0.032
gran_pwy218_pc2 3 3 0.215 0.065 0.616 0.244
gran_pwy220_pc4 2 2 0.047 0.069 0.995 0.118
gran_pwy223_pc3 2 2 0.052 -0.078 0.993 0.189
gran_pwy224_pc1 3 3 0.001 -0.133 0.997 0.002
gran_pwy231_pc2 3 3 0.652 -0.032 0.121 0.646
gran_pwy235_pc5 2 2 0.855 0.014 0.051 0.694
gran_pwy240_pc2 2 2 0.86 -0.018 0.047 0.638
gran_pwy240_pc3 2 2 0.964 0.004 0.003 0.916
gran_pwy246_pc4 2 2 0.74 0.027 0.158 0.592
gran_pwy259_pc4 2 2 0.031 0.047 0.998 0.105
gran_pwy265_pc3 2 2 0.146 0.046 0.948 0.228
gran_pwy274_pc4 2 2 0.016 0.038 0.999 0.056
gran_pwy275_pc2 2 2 0.071 0.04 0.988 0.167
gran_pwy281_pc2 2 2 0.041 -0.045 0.996 0.157
gran_pwy282_pc3 2 2 0.051 0.038 0.994 0.136
gran_pwy282_pc5 3 3 0.944 0.002 0.003 0.963
gran_pwy290_pc3 2 2 0.413 -0.047 0.634 0.441
gran_pwy296_pc5 2 2 0.008 0.031 1 0.037
gran_pwy313_pc3 2 2 0.825 -0.025 0.074 0.593
gran_pwy329_pc4 3 3 0.457 -0.028 0.295 0.348
gran_pwy35_pc1 2 2 0.024 -0.123 0.999 0.06
gran_pwy3_pc5 2 2 0.941 -0.007 0.009 0.832
gran_pwy55_pc5 2 2 0.015 0.071 0.999 0.021
gran_pwy67_pc5 2 2 0.099 -0.046 0.976 0.196
gran_pwy73_pc2 2 2 0.118 -0.077 0.966 0.32
gran_pwy74_pc5 2 2 0.634 0.068 0.296 0.554
gran_pwy96_pc2 2 2 0.443 -0.06 0.589 0.467
gran_pwy96_pc5 2 2 0.008 0.055 1 0.016
gran_pwy99_pc2 2 2 0.053 0.064 0.993 0.139
lymph_pwy116_pc4 2 2 0.757 -0.018 0.139 0.591
lymph_pwy150_pc1 2 2 0.773 -0.047 0.121 0.562
lymph_pwy197_pc5 2 2 0.015 0.052 0.999 0.043
lymph_pwy21_pc5 2 2 0.079 -0.093 0.985 0.149
lymph_pwy220_pc5 2 2 0.072 -0.061 0.987 0.223
lymph_pwy247_pc5 2 2 0.076 -0.066 0.986 0.23
lymph_pwy249_pc5 2 2 0.137 0.09 0.955 0.274
lymph_pwy275_pc4 2 2 0.927 -0.007 0.013 0.775
lymph_pwy280_pc3 2 2 0.097 0.056 0.977 0.107
lymph_pwy289_pc4 2 2 0.06 -0.027 0.991 0.186
lymph_pwy300_pc2 2 2 0.049 0.051 0.994 0.155
lymph_pwy310_pc5 2 2 0.132 -0.078 0.958 0.33
lymph_pwy311_pc2 2 2 0.01 -0.051 1 0.024
lymph_pwy320_pc2 3 3 0.009 0.062 0.982 0.04
lymph_pwy323_pc5 3 3 0.001 -0.059 0.997 0.006
lymph_pwy324_pc5 2 2 0.017 -0.071 0.999 0.046
lymph_pwy326_pc5 3 3 0.003 -0.057 0.995 0.019
lymph_pwy48_pc3 2 2 0.057 0.134 0.992 0.178
lymph_pwy58_pc5 2 2 0.132 0.095 0.958 0.335
lymph_pwy86_pc5 2 2 0.084 0.076 0.983 0.244
lymph_pwy87_pc5 2 2 0.017 0.074 0.999 0.045
myeloid_wbc_pwy101_pc1 2 2 0.557 0.049 0.412 0.558
myeloid_wbc_pwy104_pc4 2 2 0.839 -0.017 0.062 0.652
myeloid_wbc_pwy10_pc5 3 3 0.675 -0.026 0.106 0.671
myeloid_wbc_pwy111_pc1 2 2 0.851 0.029 0.054 0.651
myeloid_wbc_pwy113_pc3 2 2 0.043 0.036 0.995 0.118
myeloid_wbc_pwy114_pc4 2 2 0.009 0.031 1 0.022
myeloid_wbc_pwy115_pc3 2 2 0.017 0.038 0.999 0.063
myeloid_wbc_pwy116_pc3 2 2 0.013 -0.048 1 0.044
myeloid_wbc_pwy116_pc4 2 2 0.039 -0.046 0.996 0.106
myeloid_wbc_pwy117_pc3 2 2 0.017 -0.04 0.999 0.061
myeloid_wbc_pwy118_pc5 2 2 0.956 -0.003 0.005 0.856
myeloid_wbc_pwy124_pc4 2 2 0.911 -0.007 0.019 0.745
myeloid_wbc_pwy126_pc2 2 2 0.082 -0.048 0.983 0.244
myeloid_wbc_pwy127_pc1 2 2 0.056 0.044 0.992 0.164
myeloid_wbc_pwy138_pc5 2 2 0.019 -0.033 0.999 0.063
myeloid_wbc_pwy139_pc4 2 2 0.023 -0.028 0.999 0.057
myeloid_wbc_pwy143_pc4 2 2 0.029 -0.038 0.998 0.077
myeloid_wbc_pwy144_pc5 3 3 0.568 0.021 0.187 0.451
myeloid_wbc_pwy148_pc1 2 2 0.707 0.061 0.197 0.521
myeloid_wbc_pwy149_pc2 2 2 0.061 0.058 0.991 0.123
myeloid_wbc_pwy151_pc4 2 2 0.068 0.035 0.989 0.201
myeloid_wbc_pwy153_pc3 2 2 0.011 -0.096 1 0.031
myeloid_wbc_pwy155_pc4 2 2 0.026 0.065 0.998 0.071
myeloid_wbc_pwy160_pc2 2 2 0.025 -0.054 0.999 0.071
myeloid_wbc_pwy161_pc4 2 2 0.018 0.036 0.999 0.056
myeloid_wbc_pwy162_pc5 2 2 0.016 0.042 0.999 0.039
myeloid_wbc_pwy168_pc4 2 2 0.058 -0.064 0.992 0.173
myeloid_wbc_pwy170_pc3 3 3 0.608 -0.036 0.154 0.571
myeloid_wbc_pwy187_pc5 2 2 0.044 0.038 0.995 0.124
myeloid_wbc_pwy195_pc4 2 2 0.919 -0.009 0.016 0.76
myeloid_wbc_pwy195_pc5 2 2 0.022 -0.063 0.999 0.03
myeloid_wbc_pwy197_pc3 3 3 0.201 -0.048 0.638 0.196
myeloid_wbc_pwy197_pc4 2 2 0.061 -0.071 0.991 0.177
myeloid_wbc_pwy200_pc4 3 3 0.428 0.026 0.328 0.448
myeloid_wbc_pwy201_pc3 3 3 0.601 0.02 0.159 0.554
myeloid_wbc_pwy202_pc4 2 2 0.904 -0.01 0.023 0.769
myeloid_wbc_pwy205_pc4 2 2 0.034 -0.034 0.997 0.112
myeloid_wbc_pwy218_pc2 3 3 0.234 0.063 0.586 0.251
myeloid_wbc_pwy21_pc5 2 2 0.035 -0.081 0.997 0.045
myeloid_wbc_pwy220_pc4 2 2 0.034 0.066 0.997 0.114
myeloid_wbc_pwy223_pc3 2 2 0.04 -0.083 0.996 0.125
myeloid_wbc_pwy224_pc1 4 4 0.723 -0.027 0.048 0.68
myeloid_wbc_pwy226_pc1 2 2 0.789 -0.034 0.105 0.615
myeloid_wbc_pwy231_pc2 2 2 0.922 -0.013 0.015 0.793
myeloid_wbc_pwy233_pc2 2 2 0.021 -0.051 0.999 0.061
myeloid_wbc_pwy240_pc3 2 2 0.924 0.008 0.014 0.777
myeloid_wbc_pwy246_pc4 2 2 0.717 0.031 0.185 0.589
myeloid_wbc_pwy259_pc4 2 2 0.004 0.049 1 0.013
myeloid_wbc_pwy262_pc5 2 2 0.071 0.065 0.987 0.213
myeloid_wbc_pwy265_pc3 2 2 0.118 0.049 0.966 0.178
myeloid_wbc_pwy274_pc4 3 3 0.002 0.042 0.996 0.015
myeloid_wbc_pwy275_pc2 2 2 0.043 0.042 0.995 0.097
myeloid_wbc_pwy276_pc4 2 2 0.074 -0.073 0.986 0.224
myeloid_wbc_pwy282_pc3 2 2 0.023 0.04 0.999 0.068
myeloid_wbc_pwy282_pc5 3 3 0.926 0.003 0.005 0.962
myeloid_wbc_pwy283_pc4 2 2 0.009 -0.031 1 0.023
myeloid_wbc_pwy290_pc3 2 2 0.441 -0.046 0.592 0.481
myeloid_wbc_pwy290_pc4 2 2 0.071 0.028 0.988 0.129
myeloid_wbc_pwy292_pc5 2 2 0.043 -0.032 0.995 0.118
myeloid_wbc_pwy296_pc5 3 3 0.005 0.035 0.989 0.043
myeloid_wbc_pwy305_pc5 2 2 0.041 0.053 0.996 0.096
myeloid_wbc_pwy329_pc4 3 3 0.472 -0.029 0.279 0.349
myeloid_wbc_pwy332_pc2 2 2 0.051 -0.052 0.994 0.055
myeloid_wbc_pwy332_pc3 2 2 0.072 -0.034 0.987 0.217
myeloid_wbc_pwy35_pc1 2 2 0.168 -0.147 0.932 0.349
myeloid_wbc_pwy3_pc5 2 2 0.965 -0.005 0.003 0.889
myeloid_wbc_pwy47_pc1 2 2 0.217 0.133 0.889 0.402
myeloid_wbc_pwy55_pc5 2 2 0.013 0.07 1 0.018
myeloid_wbc_pwy67_pc5 2 2 0.072 -0.049 0.987 0.134
myeloid_wbc_pwy73_pc2 2 2 0.077 -0.079 0.985 0.211
myeloid_wbc_pwy77_pc3 2 2 0.068 0.084 0.989 0.201
myeloid_wbc_pwy79_pc3 2 2 0.034 0.075 0.997 0.085
myeloid_wbc_pwy91_pc5 2 2 0.066 -0.064 0.989 0.191
myeloid_wbc_pwy93_pc1 2 2 0.029 0.082 0.998 0.078
myeloid_wbc_pwy96_pc2 2 2 0.441 -0.059 0.592 0.481
myeloid_wbc_pwy96_pc5 2 2 0.008 0.055 1 0.02
myeloid_wbc_pwy99_pc2 2 2 0.025 0.067 0.998 0.072
neut_pwy10_pc5 3 3 0.703 -0.022 0.088 0.744
neut_pwy111_pc1 3 3 0.973 -0.003 0.001 0.99
neut_pwy114_pc4 2 2 0.017 0.03 0.999 0.055
neut_pwy116_pc3 2 2 0.005 -0.047 1 0.012
neut_pwy127_pc1 2 2 0.048 0.044 0.994 0.143
neut_pwy138_pc5 2 2 0.01 -0.032 1 0.031
neut_pwy144_pc5 2 2 0.97 -0.002 0.002 0.917
neut_pwy146_pc5 2 2 0.791 -0.019 0.104 0.595
neut_pwy149_pc2 2 2 0.07 0.057 0.988 0.142
neut_pwy155_pc4 4 4 0.723 0.013 0.048 0.659
neut_pwy160_pc2 2 2 0.033 -0.053 0.997 0.085
neut_pwy161_pc4 2 2 0.026 0.036 0.998 0.07
neut_pwy170_pc3 3 3 0.629 -0.033 0.138 0.613
neut_pwy197_pc3 2 2 0.412 -0.047 0.637 0.416
neut_pwy200_pc4 3 3 0.411 0.027 0.347 0.381
neut_pwy201_pc3 3 3 0.595 0.02 0.164 0.532
neut_pwy205_pc4 2 2 0.025 -0.034 0.998 0.085
neut_pwy218_pc2 2 2 0.976 0.003 0.001 0.924
neut_pwy224_pc1 3 3 0.002 -0.133 0.997 0.011
neut_pwy231_pc2 3 3 0.654 -0.031 0.12 0.667
neut_pwy235_pc5 2 2 0.88 0.011 0.035 0.743
neut_pwy240_pc3 2 2 0.924 0.008 0.014 0.775
neut_pwy246_pc4 2 2 0.74 0.027 0.157 0.611
neut_pwy274_pc4 2 2 0.003 0.039 1 0.011
neut_pwy275_pc2 2 2 0.052 0.041 0.993 0.115
neut_pwy282_pc3 2 2 0.032 0.04 0.998 0.083
neut_pwy290_pc3 2 2 0.398 -0.049 0.658 0.411
neut_pwy296_pc5 2 2 0.011 0.032 1 0.034
neut_pwy313_pc3 2 2 0.83 -0.022 0.069 0.625
neut_pwy329_pc4 2 2 0.751 -0.02 0.146 0.591
neut_pwy35_pc1 2 2 0.021 -0.12 0.999 0.04
neut_pwy55_pc5 2 2 0.013 0.073 1 0.02
neut_pwy67_pc5 2 2 0.08 -0.048 0.984 0.152
neut_pwy73_pc2 2 2 0.079 -0.077 0.985 0.225
neut_pwy96_pc2 2 2 0.428 -0.062 0.612 0.447
neut_pwy96_pc5 2 2 0.009 0.054 1 0.018
neut_pwy99_pc2 2 2 0.034 0.066 0.997 0.085
plt_pwy119_pc4 2 2 0.997 0 0 0.991
plt_pwy12_pc5 2 2 0.724 -0.059 0.177 0.546
plt_pwy139_pc4 3 3 0.868 0.005 0.017 0.868
plt_pwy159_pc5 2 2 0.755 -0.024 0.141 0.635
plt_pwy17_pc4 2 2 0.921 -0.016 0.015 0.826
plt_pwy204_pc4 2 2 0.019 0.105 0.999 0.045
plt_pwy231_pc4 2 2 0.723 -0.035 0.178 0.586
plt_pwy23_pc2 2 2 0.002 0.072 1 0.007
plt_pwy242_pc2 2 2 0.969 0.006 0.002 0.922
plt_pwy247_pc4 2 2 0.022 -0.102 0.999 0.041
plt_pwy248_pc1 2 2 0.046 -0.205 0.995 0.111
plt_pwy265_pc5 2 2 0.668 0.031 0.248 0.547
plt_pwy328_pc4 2 2 0.068 -0.078 0.989 0.164
plt_pwy330_pc3 2 2 0.545 -0.192 0.43 0.502
plt_pwy87_pc3 2 2 0.006 -0.077 1 0.011
rbc_pwy106_pc4 2 2 0.91 -0.009 0.02 0.721
rbc_pwy111_pc1 2 2 0.113 -0.082 0.969 0.321
rbc_pwy121_pc5 2 2 0.952 0.003 0.006 0.849
rbc_pwy131_pc1 2 2 0.852 -0.018 0.053 0.75
rbc_pwy135_pc4 2 2 0.005 0.058 1 0.015
rbc_pwy15_pc2 2 2 0.97 -0.004 0.002 0.912
rbc_pwy161_pc1 2 2 0.1 0.083 0.975 0.257
rbc_pwy181_pc3 2 2 0.078 -0.043 0.985 0.181
rbc_pwy181_pc5 2 2 0.064 -0.056 0.99 0.201
rbc_pwy203_pc1 2 2 0.98 -0.003 0.001 0.936
rbc_pwy211_pc3 2 2 0.243 -0.135 0.861 0.448
rbc_pwy212_pc1 2 2 0.052 0.107 0.993 0.157
rbc_pwy242_pc5 4 4 0.555 0.026 0.128 0.546
rbc_pwy245_pc5 2 2 0.88 0.017 0.035 0.708
rbc_pwy250_pc3 2 2 0.945 0.007 0.008 0.826
rbc_pwy262_pc5 2 2 0.773 -0.023 0.122 0.637
rbc_pwy265_pc1 2 2 0.077 -0.103 0.985 0.218
rbc_pwy279_pc5 2 2 0.921 -0.012 0.015 0.791
rbc_pwy282_pc3 2 2 0.015 0.047 0.999 0.042
rbc_pwy304_pc2 3 3 0.606 -0.069 0.156 0.59
rbc_pwy311_pc3 2 2 0.986 -0.001 0 0.959
rbc_pwy318_pc1 2 2 0.876 0.026 0.037 0.731
rbc_pwy321_pc2 2 2 0.008 -0.046 1 0.023
rbc_pwy41_pc3 2 2 0.111 -0.085 0.97 0.309
rbc_pwy44_pc3 2 2 0.075 0.084 0.986 0.156
rbc_pwy53_pc5 2 2 0.085 0.056 0.982 0.223
rbc_pwy70_pc1 2 2 0.077 0.138 0.985 0.214
rbc_pwy78_pc1 3 3 0.735 -0.025 0.07 0.79
rbc_pwy82_pc5 2 2 0.899 -0.015 0.025 0.795
rbc_pwy83_pc5 2 2 0.113 -0.078 0.969 0.249
rbc_pwy93_pc2 3 3 0.563 -0.056 0.191 0.456
ukb.allasthma_pwy112_pc1 2 2 0.111 0.195 0.97 0.173
ukb.allasthma_pwy123_pc1 2 2 0.014 -0.163 1 0.01
ukb.allasthma_pwy138_pc2 3 3 0.037 0.2 0.927 0.132
ukb.allasthma_pwy155_pc1 2 2 0.955 -0.016 0.005 0.864
ukb.allasthma_pwy157_pc1 2 2 0.032 -0.177 0.997 0.106
ukb.allasthma_pwy197_pc1 2 2 0.477 0.155 0.536 0.48
ukb.allasthma_pwy250_pc2 2 2 0.955 -0.012 0.005 0.873
ukb.allasthma_pwy254_pc5 2 1 0.906 -0.035 0.022 0.763
ukb.allasthma_pwy258_pc2 2 2 0.151 -0.23 0.945 0.303
ukb.allasthma_pwy281_pc2 2 2 0.188 -0.109 0.915 0.35
ukb.allasthma_pwy315_pc4 2 2 0.659 -0.054 0.261 0.59
ukb.allasthma_pwy331_pc5 2 0 0.118 -0.113 0.966 0.11
ukb.allasthma_pwy60_pc3 2 1 0.051 0.162 0.994 0.067
ukb.allasthma_pwy6_pc2 2 1 0.042 0.219 0.996 0.029
ukb.allasthma_pwy74_pc5 2 2 0.609 -0.167 0.333 0.567
ukb.allasthma_pwy8_pc3 2 2 0.596 0.15 0.352 0.519
ukb.allasthma_pwy91_pc5 2 2 0.878 0.023 0.036 0.723
wbc_pwy10_pc5 3 3 0.645 -0.026 0.126 0.627
wbc_pwy113_pc3 3 3 0.003 0.032 0.994 0.011
wbc_pwy114_pc4 2 2 0.008 0.031 1 0.019
wbc_pwy116_pc3 2 2 0.031 -0.048 0.998 0.092
wbc_pwy122_pc4 2 2 0.038 -0.06 0.996 0.111
wbc_pwy124_pc3 2 2 0.034 -0.07 0.997 0.099
wbc_pwy124_pc4 2 2 0.929 -0.005 0.012 0.78
wbc_pwy124_pc5 2 2 0.978 0.002 0.001 0.936
wbc_pwy125_pc4 2 2 0.041 -0.038 0.996 0.067
wbc_pwy126_pc2 2 2 0.073 -0.046 0.987 0.226
wbc_pwy127_pc1 2 2 0.074 0.045 0.987 0.217
wbc_pwy135_pc4 3 3 0.698 0.016 0.091 0.698
wbc_pwy136_pc4 5 5 0.583 -0.014 0.082 0.537
wbc_pwy138_pc5 2 2 0.036 -0.033 0.997 0.107
wbc_pwy139_pc4 3 3 0.005 -0.025 0.989 0.012
wbc_pwy140_pc5 2 2 0.005 0.043 1 0.016
wbc_pwy142_pc4 2 2 0.013 -0.053 1 0.041
wbc_pwy143_pc4 4 4 0.001 -0.034 0.988 0.007
wbc_pwy144_pc5 5 5 0.188 0.039 0.385 0.191
wbc_pwy146_pc5 2 2 0.772 -0.023 0.123 0.559
wbc_pwy149_pc2 3 3 0.017 0.071 0.966 0.092
wbc_pwy151_pc4 3 3 0.004 0.032 0.993 0.018
wbc_pwy155_pc4 3 3 0.469 0.033 0.282 0.344
wbc_pwy157_pc4 3 3 0.453 -0.04 0.3 0.335
wbc_pwy160_pc2 2 2 0.007 -0.054 1 0.013
wbc_pwy161_pc4 2 2 0 0.037 1 0
wbc_pwy162_pc5 2 2 0.006 0.041 1 0.013
wbc_pwy163_pc5 2 2 0.907 0.007 0.021 0.742
wbc_pwy168_pc4 2 2 0.049 -0.062 0.994 0.133
wbc_pwy168_pc5 2 2 0.893 -0.011 0.028 0.716
wbc_pwy175_pc2 3 3 0.013 -0.072 0.975 0.051
wbc_pwy178_pc3 2 2 0.045 0.044 0.995 0.107
wbc_pwy187_pc5 2 2 0.035 0.037 0.997 0.085
wbc_pwy189_pc3 3 3 0.005 -0.056 0.989 0.021
wbc_pwy194_pc5 2 2 0.043 -0.069 0.995 0.151
wbc_pwy195_pc4 2 2 0.938 -0.006 0.01 0.798
wbc_pwy197_pc4 3 3 0.755 -0.017 0.06 0.814
wbc_pwy200_pc4 3 3 0.456 0.023 0.295 0.47
wbc_pwy201_pc3 2 2 0.02 0.05 0.999 0.062
wbc_pwy205_pc4 2 2 0.051 -0.035 0.994 0.151
wbc_pwy209_pc2 2 2 0.611 -0.061 0.33 0.533
wbc_pwy212_pc4 2 2 0.006 -0.048 1 0.02
wbc_pwy214_pc4 3 3 0.749 0.012 0.063 0.753
wbc_pwy216_pc4 2 2 0.86 -0.012 0.047 0.666
wbc_pwy219_pc3 2 2 0.968 0.003 0.003 0.919
wbc_pwy21_pc3 2 2 0.707 -0.028 0.197 0.572
wbc_pwy221_pc5 2 2 0.026 0.051 0.998 0.073
wbc_pwy231_pc2 5 5 0.693 0.022 0.043 0.699
wbc_pwy231_pc4 2 2 0.909 0.01 0.02 0.832
wbc_pwy235_pc5 3 3 0.477 0.031 0.274 0.348
wbc_pwy236_pc4 3 3 0.663 -0.016 0.114 0.637
wbc_pwy246_pc4 2 2 0.742 0.026 0.155 0.586
wbc_pwy24_pc4 2 2 0.117 -0.07 0.966 0.29
wbc_pwy251_pc5 2 2 0.92 0.009 0.016 0.77
wbc_pwy259_pc4 2 2 0.014 0.05 1 0.038
wbc_pwy262_pc5 2 2 0.062 0.063 0.991 0.187
wbc_pwy273_pc3 2 2 0.026 -0.053 0.998 0.042
wbc_pwy274_pc4 4 4 0 0.041 0.998 0
wbc_pwy276_pc4 2 2 0.065 -0.07 0.99 0.197
wbc_pwy276_pc5 2 2 0.002 0.051 1 0.004
wbc_pwy282_pc3 2 2 0.006 0.041 1 0.012
wbc_pwy282_pc5 3 3 0.987 0 0 0.986
wbc_pwy283_pc4 2 2 0.001 -0.03 1 0.004
wbc_pwy284_pc4 2 2 0.967 -0.002 0.003 0.916
wbc_pwy285_pc3 2 2 0.46 0.048 0.562 0.503
wbc_pwy286_pc5 2 2 0.902 0.006 0.023 0.71
wbc_pwy290_pc3 2 2 0.428 -0.043 0.613 0.46
wbc_pwy290_pc4 3 3 0.002 0.028 0.996 0.005
wbc_pwy292_pc5 2 2 0.033 -0.031 0.997 0.084
wbc_pwy294_pc5 2 2 0.93 0.003 0.012 0.796
wbc_pwy296_pc5 4 4 0 0.034 0.993 0.006
wbc_pwy298_pc4 2 2 0.893 0.007 0.028 0.715
wbc_pwy298_pc5 2 2 0.039 0.051 0.996 0.064
wbc_pwy300_pc4 2 2 0.97 0.002 0.002 0.92
wbc_pwy302_pc3 2 2 0.036 0.046 0.997 0.105
wbc_pwy302_pc4 2 2 0.877 0.015 0.037 0.757
wbc_pwy303_pc4 2 2 0.004 0.055 1 0.008
wbc_pwy305_pc3 2 2 0.992 0.001 0 0.982
wbc_pwy305_pc4 2 2 0.055 -0.059 0.993 0.08
wbc_pwy305_pc5 3 3 0.001 0.054 0.999 0.003
wbc_pwy308_pc3 2 2 0.075 -0.049 0.986 0.17
wbc_pwy310_pc3 3 3 0.715 -0.016 0.081 0.756
wbc_pwy315_pc4 3 3 0.001 0.048 0.998 0.009
wbc_pwy318_pc4 2 2 0.954 -0.004 0.005 0.869
wbc_pwy31_pc1 2 2 0.039 0.098 0.996 0.11
wbc_pwy329_pc4 4 4 0.591 -0.022 0.107 0.566
wbc_pwy332_pc2 2 2 0.751 -0.027 0.146 0.574
wbc_pwy332_pc3 2 2 0.063 -0.033 0.99 0.192
wbc_pwy39_pc3 2 2 0.046 -0.065 0.995 0.064
wbc_pwy40_pc1 2 2 0.129 -0.126 0.959 0.296
wbc_pwy42_pc1 2 2 0.189 0.082 0.914 0.414
wbc_pwy44_pc4 2 2 0.068 -0.051 0.989 0.091
wbc_pwy45_pc5 2 2 0.975 -0.003 0.002 0.928
wbc_pwy49_pc2 2 2 0.951 0.005 0.006 0.822
wbc_pwy50_pc5 2 2 0.642 -0.049 0.284 0.557
wbc_pwy67_pc5 2 2 0.054 -0.05 0.993 0.093
wbc_pwy71_pc4 2 2 0.094 0.111 0.978 0.254
wbc_pwy73_pc2 2 2 0.016 -0.071 0.999 0.049
wbc_pwy76_pc1 2 2 0.91 0.012 0.02 0.748
wbc_pwy79_pc3 2 2 0.058 0.074 0.992 0.131
wbc_pwy88_pc3 3 3 0.625 0.018 0.141 0.576
wbc_pwy91_pc5 2 2 0.056 -0.062 0.992 0.162
wbc_pwy93_pc1 2 2 0.02 0.079 0.999 0.05
wbc_pwy94_pc3 2 2 0.005 0.048 1 0.02
wbc_pwy96_pc5 2 2 0.019 0.051 0.999 0.029
wbc_pwy99_pc2 2 2 0.008 0.068 1 0.015
