factor num_snp_fdr<0.2 num_snp_noMHC pval_in_fitting slope_in_fitting rsq_in_fitting pval_in_resampling
HDL_pwy1027_pc5 2 2 0.816 -0.022 0.081 0.671
HDL_pwy1073_pc4 2 2 0.007 -0.093 1 0.017
HDL_pwy1087_pc1 3 3 0.525 0.12 0.225 0.424
HDL_pwy1093_pc4 2 2 0.433 0.068 0.605 0.431
HDL_pwy1106_pc2 2 2 0.468 -0.059 0.55 0.477
HDL_pwy1109_pc1 2 2 0.344 0.2 0.735 0.49
HDL_pwy1115_pc2 2 2 0.707 0.122 0.198 0.549
HDL_pwy1126_pc1 2 2 0.052 -0.1 0.993 0.034
HDL_pwy1139_pc1 2 2 0.909 0.013 0.02 0.783
HDL_pwy1151_pc5 3 3 0.573 0.046 0.182 0.538
HDL_pwy1158_pc5 3 2 0.864 -0.014 0.018 0.886
HDL_pwy1159_pc4 2 2 0.032 0.065 0.997 0.015
HDL_pwy1187_pc1 2 2 0.229 -0.108 0.876 0.383
HDL_pwy1203_pc1 2 2 0.733 0.062 0.166 0.61
HDL_pwy1210_pc3 2 2 0.252 -0.245 0.851 0.39
HDL_pwy1215_pc4 2 2 0.602 0.064 0.342 0.575
HDL_pwy1222_pc1 2 2 0.391 0.224 0.668 0.467
HDL_pwy1222_pc3 3 3 0.635 0.026 0.133 0.579
HDL_pwy1229_pc2 2 2 0.742 0.087 0.156 0.584
HDL_pwy1239_pc1 3 3 0.634 0.026 0.134 0.68
HDL_pwy1256_pc3 2 2 0.302 -0.131 0.792 0.381
HDL_pwy12_pc3 2 2 0.252 -0.245 0.851 0.39
HDL_pwy146_pc5 2 2 0.133 0.088 0.957 0.238
HDL_pwy153_pc3 2 2 0.942 -0.008 0.008 0.878
HDL_pwy178_pc3 2 2 0.928 -0.01 0.013 0.834
HDL_pwy183_pc1 3 3 0.656 -0.033 0.119 0.6
HDL_pwy188_pc4 2 2 0.285 0.173 0.812 0.409
HDL_pwy189_pc3 3 3 0.655 -0.031 0.119 0.621
HDL_pwy191_pc4 2 2 0.061 -0.128 0.991 0.136
HDL_pwy197_pc5 2 2 0.926 -0.01 0.013 0.806
HDL_pwy198_pc4 2 2 0.107 0.089 0.972 0.202
HDL_pwy198_pc5 2 2 0.375 -0.228 0.692 0.469
HDL_pwy207_pc2 2 2 0.111 0.062 0.97 0.244
HDL_pwy226_pc1 2 2 0.026 0.069 0.998 0.045
HDL_pwy243_pc3 2 2 0.738 0.033 0.16 0.572
HDL_pwy256_pc5 2 2 0.932 -0.014 0.011 0.884
HDL_pwy259_pc5 2 2 0.538 0.061 0.44 0.555
HDL_pwy260_pc4 2 2 0.348 0.305 0.73 0.494
HDL_pwy276_pc5 2 2 0.037 0.073 0.997 0.084
HDL_pwy27_pc3 2 2 0.252 -0.245 0.851 0.39
HDL_pwy304_pc1 2 2 0.071 0.066 0.988 0.128
HDL_pwy307_pc4 2 2 0.123 0.088 0.963 0.194
HDL_pwy338_pc2 2 2 0.716 -0.055 0.186 0.573
HDL_pwy339_pc5 2 2 0.12 -0.103 0.965 0.221
HDL_pwy343_pc3 2 2 0.883 -0.016 0.033 0.775
HDL_pwy344_pc3 2 2 0.883 -0.016 0.033 0.775
HDL_pwy356_pc4 3 3 0.397 -0.08 0.364 0.284
HDL_pwy367_pc1 2 2 0.736 0.044 0.163 0.57
HDL_pwy368_pc5 2 2 0.932 -0.014 0.011 0.884
HDL_pwy37_pc1 2 2 0.87 0.016 0.041 0.737
HDL_pwy390_pc5 2 2 0.015 0.09 0.999 0.049
HDL_pwy398_pc4 2 2 0.994 -0.001 0 0.989
HDL_pwy434_pc4 2 2 0.261 0.175 0.841 0.422
HDL_pwy46_pc4 2 2 0.131 0.099 0.958 0.237
HDL_pwy47_pc3 2 2 0.047 -0.157 0.995 0.103
HDL_pwy481_pc3 2 2 0.819 0.039 0.079 0.837
HDL_pwy500_pc1 2 2 0.244 -0.192 0.86 0.386
HDL_pwy500_pc5 2 2 0.091 -0.059 0.98 0.059
HDL_pwy550_pc5 2 2 0.343 -0.134 0.737 0.494
HDL_pwy56_pc1 2 2 0.168 -0.111 0.932 0.284
HDL_pwy579_pc2 2 2 0.418 0.135 0.627 0.512
HDL_pwy57_pc3 3 3 0.002 0.095 0.995 0.002
HDL_pwy584_pc1 2 2 0.014 -0.107 1 0.01
HDL_pwy596_pc2 2 2 0.729 -0.064 0.171 0.573
HDL_pwy597_pc5 2 2 0.939 0.006 0.009 0.876
HDL_pwy629_pc2 2 2 0.734 -0.08 0.165 0.608
HDL_pwy631_pc5 2 2 0.855 0.024 0.051 0.709
HDL_pwy651_pc4 2 2 0.02 -0.057 0.999 0.045
HDL_pwy657_pc2 2 2 0.458 -0.072 0.566 0.474
HDL_pwy661_pc5 2 2 0.086 0.104 0.982 0.184
HDL_pwy664_pc4 2 2 0.911 -0.02 0.02 0.784
HDL_pwy685_pc1 2 1 0.957 -0.005 0.005 0.876
HDL_pwy699_pc5 2 2 0.154 -0.061 0.943 0.291
HDL_pwy701_pc5 2 2 0.154 -0.061 0.943 0.291
HDL_pwy703_pc5 2 2 0.83 -0.024 0.069 0.677
HDL_pwy709_pc4 2 2 0.876 -0.044 0.038 0.8
HDL_pwy714_pc1 2 2 0.736 0.044 0.163 0.57
HDL_pwy722_pc5 2 2 0.753 0.09 0.144 0.631
HDL_pwy72_pc2 2 2 0.723 0.042 0.177 0.6
HDL_pwy732_pc3 2 2 0.186 -0.115 0.917 0.344
HDL_pwy754_pc5 2 2 0.181 0.127 0.921 0.327
HDL_pwy767_pc2 2 2 0.09 -0.075 0.98 0.195
HDL_pwy783_pc5 2 2 0.608 -0.051 0.334 0.586
HDL_pwy792_pc3 2 2 0.018 0.088 0.999 0.031
HDL_pwy800_pc4 3 3 0.01 0.088 0.98 0.027
HDL_pwy863_pc1 2 2 0.986 0.002 0 0.975
HDL_pwy915_pc5 2 2 0.106 -0.074 0.972 0.139
HDL_pwy916_pc5 2 2 0.106 -0.074 0.972 0.139
HDL_pwy933_pc1 2 2 0.441 -0.12 0.593 0.436
HDL_pwy936_pc1 2 2 0.409 0.15 0.641 0.428
HDL_pwy937_pc1 2 2 0.422 -0.137 0.621 0.433
HDL_pwy939_pc1 2 2 0.047 0.081 0.994 0.029
HDL_pwy945_pc4 2 2 0.185 -0.087 0.918 0.306
HDL_pwy964_pc1 2 2 0.16 0.135 0.938 0.308
HDL_pwy96_pc3 2 2 0.714 0.068 0.189 0.549
HDL_pwy972_pc5 2 2 0.932 -0.014 0.011 0.884
HDL_pwy980_pc1 2 2 0.108 -0.132 0.972 0.172
HDL_pwy989_pc1 2 2 0.597 -0.05 0.35 0.606
HDL_pwy9_pc4 3 3 0.143 -0.145 0.734 0.201
LDL_pwy1017_pc3 2 2 0.061 0.045 0.991 0.132
LDL_pwy101_pc2 2 1 0.51 0.176 0.485 0.511
LDL_pwy1025_pc1 3 3 0.406 0.103 0.353 0.316
LDL_pwy1071_pc3 2 2 0.75 -0.042 0.146 0.627
LDL_pwy1098_pc4 2 2 0.279 -0.135 0.82 0.366
LDL_pwy109_pc5 2 2 0.923 0.011 0.015 0.859
LDL_pwy1109_pc4 2 2 0.527 -0.278 0.457 0.518
LDL_pwy1113_pc4 2 2 0.209 -0.186 0.896 0.32
LDL_pwy1139_pc4 2 2 0.725 0.072 0.175 0.624
LDL_pwy1152_pc5 2 2 0.042 -0.087 0.996 0.08
LDL_pwy1186_pc2 2 1 0.017 0.081 0.999 0.036
LDL_pwy1207_pc1 2 2 0.13 -0.543 0.959 0.084
LDL_pwy1216_pc4 2 2 0.634 -0.071 0.295 0.551
LDL_pwy1229_pc2 2 2 0.257 0.109 0.846 0.371
LDL_pwy1258_pc1 3 3 0.083 0.359 0.841 0.165
LDL_pwy1259_pc1 3 3 0.083 0.359 0.841 0.165
LDL_pwy125_pc4 2 2 0.08 -0.107 0.984 0.155
LDL_pwy147_pc4 3 3 0.957 0.004 0.002 0.965
LDL_pwy169_pc2 2 2 0.728 -0.097 0.172 0.604
LDL_pwy183_pc4 2 2 0.802 0.055 0.093 0.674
LDL_pwy189_pc5 2 2 0.83 -0.042 0.07 0.728
LDL_pwy202_pc2 2 2 0.224 -0.12 0.882 0.318
LDL_pwy228_pc3 2 2 0.577 0.061 0.38 0.546
LDL_pwy231_pc5 2 2 0.668 0.044 0.248 0.584
LDL_pwy247_pc3 2 2 0.189 -0.082 0.914 0.24
LDL_pwy270_pc5 2 2 0.657 -0.067 0.264 0.561
LDL_pwy2_pc3 3 3 0.9 0.014 0.01 0.918
LDL_pwy321_pc2 2 2 0.983 0.002 0.001 0.97
LDL_pwy343_pc3 2 2 0.773 -0.051 0.122 0.655
LDL_pwy344_pc3 2 2 0.773 -0.051 0.122 0.655
LDL_pwy355_pc3 2 2 0.815 0.054 0.082 0.753
LDL_pwy356_pc5 2 2 0.149 0.185 0.946 0.252
LDL_pwy358_pc2 2 2 0.991 0.002 0 0.993
LDL_pwy394_pc1 3 3 0.912 0.018 0.008 0.926
LDL_pwy397_pc4 2 2 0.774 0.052 0.121 0.643
LDL_pwy40_pc2 2 2 0.002 -0.091 1 0.004
LDL_pwy411_pc3 2 2 0.22 0.507 0.886 0.299
LDL_pwy415_pc5 2 1 0.514 0.18 0.479 0.513
LDL_pwy436_pc4 2 2 0.219 0.275 0.886 0.321
LDL_pwy458_pc4 2 1 0.42 -0.188 0.624 0.46
LDL_pwy473_pc2 2 2 0.075 -0.078 0.986 0.129
LDL_pwy474_pc4 2 2 0.035 0.097 0.997 0.069
LDL_pwy480_pc4 2 2 0.803 0.035 0.093 0.675
LDL_pwy503_pc4 2 1 0.657 -0.056 0.263 0.576
LDL_pwy505_pc4 2 2 0.059 0.062 0.992 0.057
LDL_pwy543_pc5 2 2 0.028 0.074 0.998 0.047
LDL_pwy554_pc4 3 3 0.086 0.121 0.835 0.133
LDL_pwy555_pc4 3 3 0.086 0.121 0.835 0.133
LDL_pwy562_pc4 2 2 0.76 -0.054 0.135 0.632
LDL_pwy56_pc1 2 2 0.166 -0.344 0.934 0.147
LDL_pwy583_pc1 2 2 0.233 0.466 0.872 0.323
LDL_pwy588_pc4 4 4 0.553 0.041 0.129 0.609
LDL_pwy598_pc4 2 2 0.885 0.014 0.032 0.805
LDL_pwy616_pc5 2 2 0.337 -0.177 0.745 0.419
LDL_pwy627_pc4 2 2 0.26 0.434 0.842 0.365
LDL_pwy637_pc4 2 2 0.008 -0.103 1 0.02
LDL_pwy648_pc1 3 3 0.639 0.05 0.13 0.679
LDL_pwy64_pc1 2 2 0.827 -0.038 0.072 0.718
LDL_pwy651_pc5 2 2 0.685 0.092 0.225 0.585
LDL_pwy654_pc2 2 2 0.796 -0.046 0.099 0.67
LDL_pwy658_pc3 3 3 0.033 -0.253 0.935 0.071
LDL_pwy661_pc1 2 2 0.154 -0.197 0.943 0.231
LDL_pwy669_pc4 2 1 0.278 -0.133 0.822 0.365
LDL_pwy685_pc1 2 2 0.168 -0.169 0.932 0.301
LDL_pwy690_pc4 2 2 0.08 -0.107 0.984 0.155
LDL_pwy721_pc1 2 2 0.049 0.084 0.994 0.091
LDL_pwy725_pc1 3 3 0.065 -0.362 0.874 0.06
LDL_pwy726_pc2 2 2 0.487 0.138 0.52 0.487
LDL_pwy748_pc2 2 2 0.883 0.014 0.033 0.84
LDL_pwy806_pc2 2 2 0.219 -0.192 0.887 0.327
LDL_pwy824_pc1 2 2 0.204 -0.354 0.901 0.219
LDL_pwy863_pc5 3 3 0.519 0.035 0.231 0.498
LDL_pwy88_pc2 2 2 0.12 0.46 0.965 0.074
LDL_pwy896_pc1 2 2 0.809 -0.04 0.087 0.676
LDL_pwy906_pc5 2 2 0.218 0.148 0.888 0.314
LDL_pwy912_pc5 2 1 0.739 -0.062 0.159 0.61
LDL_pwy977_pc5 2 2 0.668 0.044 0.248 0.584
LDL_pwy990_pc4 2 2 0.358 0.315 0.715 0.427
TC_pwy1005_pc5 2 2 0.23 -0.126 0.876 0.377
TC_pwy1017_pc3 2 2 0.082 0.046 0.983 0.185
TC_pwy101_pc5 2 1 0.599 -0.03 0.346 0.591
TC_pwy1020_pc2 3 3 0.782 -0.023 0.048 0.781
TC_pwy1025_pc1 3 3 0.428 0.095 0.328 0.368
TC_pwy1062_pc3 2 2 0.006 0.074 1 0.01
TC_pwy1067_pc1 2 2 0.774 -0.036 0.121 0.694
TC_pwy1071_pc3 2 2 0.181 0.093 0.921 0.301
TC_pwy1101_pc2 2 2 0.097 -0.077 0.977 0.092
TC_pwy1109_pc4 2 2 0.593 -0.199 0.356 0.537
TC_pwy1117_pc5 2 2 0.773 -0.085 0.121 0.623
TC_pwy1124_pc5 2 2 0.981 -0.002 0.001 0.957
TC_pwy1126_pc1 2 2 0.733 0.055 0.166 0.607
TC_pwy1139_pc4 2 2 0.755 0.062 0.141 0.614
TC_pwy1154_pc4 3 3 0.533 -0.046 0.218 0.507
TC_pwy1155_pc3 2 2 0.743 -0.034 0.154 0.626
TC_pwy1169_pc5 2 2 0.973 0.003 0.002 0.924
TC_pwy1193_pc2 2 2 0.964 0.007 0.003 0.969
TC_pwy11_pc1 2 2 0.139 0.154 0.953 0.256
TC_pwy1219_pc4 2 2 0.331 -0.641 0.753 0.428
TC_pwy1222_pc2 2 2 0.794 -0.037 0.101 0.673
TC_pwy1229_pc2 2 2 0.288 0.098 0.808 0.422
TC_pwy1231_pc2 2 2 0.763 0.025 0.132 0.687
TC_pwy1256_pc1 2 2 0.954 0.013 0.005 0.887
TC_pwy125_pc4 2 2 0.033 -0.104 0.997 0.084
TC_pwy147_pc4 3 3 0.89 0.011 0.012 0.919
TC_pwy161_pc4 2 2 0.626 0.244 0.307 0.531
TC_pwy183_pc4 2 2 0.834 0.044 0.066 0.688
TC_pwy189_pc5 2 2 0.138 0.071 0.954 0.225
TC_pwy198_pc5 3 3 0.534 0.107 0.217 0.463
TC_pwy202_pc2 2 2 0.174 -0.125 0.927 0.308
TC_pwy22_pc2 2 2 0.694 0.057 0.214 0.567
TC_pwy260_pc5 2 2 0.958 -0.009 0.004 0.949
TC_pwy2_pc3 4 4 0.496 0.089 0.166 0.525
TC_pwy314_pc1 2 2 0.789 -0.036 0.106 0.7
TC_pwy315_pc4 2 2 0.974 -0.003 0.002 0.943
TC_pwy321_pc2 3 3 0.726 0.022 0.075 0.755
TC_pwy331_pc3 2 2 0.906 0.014 0.022 0.827
TC_pwy333_pc3 2 2 0.9 0.015 0.024 0.823
TC_pwy334_pc1 2 2 0.042 -0.059 0.996 0.073
TC_pwy335_pc3 2 2 0.914 0.012 0.018 0.832
TC_pwy343_pc3 3 3 0.974 -0.003 0.001 0.985
TC_pwy344_pc3 3 3 0.974 -0.003 0.001 0.985
TC_pwy355_pc3 3 3 0.695 0.052 0.093 0.686
TC_pwy356_pc4 3 3 0.782 -0.038 0.048 0.826
TC_pwy356_pc5 2 2 0.145 0.172 0.949 0.256
TC_pwy394_pc1 3 3 0.885 0.022 0.013 0.915
TC_pwy40_pc2 2 2 0.036 -0.094 0.997 0.073
TC_pwy436_pc1 2 2 0.778 0.031 0.116 0.7
TC_pwy446_pc5 2 2 0.284 -0.185 0.814 0.426
TC_pwy47_pc3 2 2 0.113 -0.128 0.969 0.185
TC_pwy480_pc4 2 2 0.672 0.077 0.243 0.547
TC_pwy492_pc2 2 2 0.03 -0.062 0.998 0.059
TC_pwy501_pc1 2 2 0.922 -0.014 0.015 0.856
TC_pwy517_pc4 2 2 0.339 -0.265 0.743 0.464
TC_pwy53_pc2 2 2 0.068 0.063 0.989 0.141
TC_pwy554_pc4 3 3 0.095 0.109 0.819 0.098
TC_pwy555_pc4 3 3 0.095 0.109 0.819 0.098
TC_pwy562_pc4 2 2 0.809 -0.04 0.087 0.66
TC_pwy56_pc1 2 2 0.139 -0.235 0.953 0.102
TC_pwy573_pc2 2 2 0.641 -0.077 0.286 0.529
TC_pwy598_pc4 2 2 0.864 0.012 0.045 0.736
TC_pwy60_pc3 2 2 0.037 -0.084 0.997 0.072
TC_pwy627_pc4 3 3 0.448 0.165 0.305 0.396
TC_pwy629_pc1 2 2 0.664 -0.216 0.253 0.558
TC_pwy630_pc1 2 2 0.671 0.273 0.245 0.563
TC_pwy651_pc5 2 2 0.308 0.121 0.784 0.413
TC_pwy654_pc2 2 2 0.828 -0.037 0.071 0.682
TC_pwy681_pc5 2 2 0.17 -0.114 0.93 0.323
TC_pwy685_pc1 2 2 0.171 -0.085 0.929 0.29
TC_pwy690_pc4 2 2 0.033 -0.104 0.997 0.084
TC_pwy692_pc1 2 2 0.154 -0.353 0.942 0.276
TC_pwy710_pc2 2 2 0.966 0.006 0.003 0.969
TC_pwy725_pc1 2 2 0.114 -0.274 0.968 0.05
TC_pwy726_pc2 2 2 0.447 0.167 0.582 0.453
TC_pwy743_pc4 2 2 0.636 0.213 0.293 0.536
TC_pwy769_pc2 2 2 0.691 0.036 0.218 0.601
TC_pwy774_pc3 2 2 0.833 -0.039 0.067 0.724
TC_pwy775_pc2 2 2 0.979 -0.002 0.001 0.966
TC_pwy794_pc4 3 2 0.029 -0.07 0.943 0.087
TC_pwy824_pc1 2 2 0.177 -0.242 0.925 0.161
TC_pwy834_pc3 2 2 0.523 0.35 0.464 0.523
TC_pwy856_pc3 2 2 0.787 0.043 0.108 0.637
TC_pwy859_pc5 2 2 0.02 0.102 0.999 0.057
TC_pwy919_pc2 2 2 0.028 -0.088 0.998 0.05
TC_pwy932_pc1 2 2 0.85 -0.036 0.054 0.699
TC_pwy934_pc1 2 2 0.85 -0.036 0.054 0.699
TC_pwy945_pc4 2 2 0.121 -0.078 0.964 0.237
TC_pwy948_pc2 3 3 0.798 -0.029 0.041 0.824
TC_pwy963_pc3 2 1 0.015 0.136 0.999 0.034
TG_pwy1041_pc3 2 2 0.053 0.082 0.993 0.088
TG_pwy1057_pc4 2 2 0.738 0.072 0.16 0.729
TG_pwy1066_pc3 2 2 0.689 0.061 0.22 0.582
TG_pwy1106_pc1 2 2 0.029 0.11 0.998 0.033
TG_pwy114_pc3 2 2 0.09 0.255 0.98 0.178
TG_pwy1156_pc2 2 2 0.772 0.042 0.123 0.729
TG_pwy1158_pc5 2 2 0.246 0.212 0.858 0.327
TG_pwy1215_pc4 2 2 0.566 -0.079 0.397 0.599
TG_pwy1242_pc4 2 2 0.757 0.05 0.139 0.752
TG_pwy145_pc2 2 1 0.417 -0.08 0.628 0.504
TG_pwy156_pc1 2 1 0.004 0.06 1 0.006
TG_pwy189_pc3 2 2 0.791 0.058 0.104 0.717
TG_pwy207_pc2 3 3 0.848 -0.008 0.023 0.886
TG_pwy222_pc2 2 2 0.101 -0.123 0.975 0.171
TG_pwy262_pc3 2 2 0.034 0.076 0.997 0.045
TG_pwy263_pc2 2 2 0.269 0.267 0.832 0.373
TG_pwy271_pc2 2 2 0.096 0.133 0.977 0.104
TG_pwy272_pc2 2 2 0.105 0.135 0.973 0.115
TG_pwy313_pc4 2 2 0.783 -0.02 0.112 0.718
TG_pwy339_pc5 2 2 0.189 0.368 0.914 0.265
TG_pwy374_pc2 3 3 0.693 -0.052 0.094 0.729
TG_pwy389_pc5 2 2 0.003 -0.089 1 0.007
TG_pwy390_pc5 2 2 0.043 -0.089 0.996 0.081
TG_pwy448_pc3 2 2 0.715 0.053 0.188 0.627
TG_pwy452_pc4 2 2 0.93 -0.007 0.012 0.885
TG_pwy468_pc1 2 2 0.587 -0.084 0.365 0.65
TG_pwy481_pc1 2 2 0.456 0.23 0.569 0.501
TG_pwy481_pc3 2 2 0.889 0.041 0.03 0.851
TG_pwy524_pc5 2 2 0.72 0.038 0.182 0.598
TG_pwy540_pc2 2 2 0.763 0.06 0.133 0.729
TG_pwy587_pc5 2 2 0.802 0.066 0.094 0.698
TG_pwy597_pc5 2 2 0.098 -0.058 0.976 0.164
TG_pwy619_pc5 3 3 0.439 -0.113 0.314 0.355
TG_pwy657_pc2 2 2 0.493 0.084 0.511 0.554
TG_pwy662_pc3 2 2 0.356 0.113 0.719 0.441
TG_pwy664_pc4 2 2 0.758 0.091 0.138 0.676
TG_pwy692_pc1 2 2 0.239 0.256 0.866 0.323
TG_pwy705_pc4 2 2 0.122 -0.172 0.964 0.158
TG_pwy726_pc2 2 2 0.507 0.135 0.489 0.548
TG_pwy735_pc5 2 2 0.037 -0.076 0.997 0.05
TG_pwy767_pc2 2 2 0.07 0.074 0.988 0.132
TG_pwy772_pc5 2 2 0.245 0.438 0.86 0.357
TG_pwy77_pc2 2 2 0.033 0.092 0.997 0.032
TG_pwy788_pc5 2 2 0.72 0.038 0.182 0.598
TG_pwy80_pc4 2 2 0.071 0.117 0.988 0.056
TG_pwy813_pc3 2 2 0.166 0.089 0.933 0.275
TG_pwy843_pc3 2 2 0.818 0.066 0.079 0.725
TG_pwy862_pc5 2 2 0.868 0.018 0.043 0.802
TG_pwy863_pc3 2 2 0.126 -0.126 0.962 0.217
TG_pwy907_pc2 2 2 0.481 0.222 0.529 0.52
TG_pwy91_pc2 2 2 0.105 0.135 0.973 0.115
TG_pwy923_pc2 3 3 0.693 -0.052 0.094 0.729
TG_pwy924_pc2 2 2 0.757 -0.046 0.139 0.729
TG_pwy925_pc2 3 3 0.693 -0.052 0.094 0.729
TG_pwy928_pc2 3 3 0.693 -0.052 0.094 0.729
TG_pwy929_pc2 3 3 0.693 -0.052 0.094 0.729
TG_pwy930_pc2 3 3 0.693 -0.052 0.094 0.729
TG_pwy935_pc2 2 2 0.72 -0.051 0.181 0.729
TG_pwy936_pc2 2 2 0.707 -0.053 0.198 0.729
TG_pwy937_pc2 2 2 0.739 0.054 0.159 0.729
TG_pwy944_pc2 2 2 0.163 -0.467 0.935 0.216
TG_pwy995_pc5 2 2 0.766 -0.067 0.129 0.684
