LVs	Heritability	SE	zscore	pval	rsq_min_l	lambda_min_l	ncoef_nzero_min_l	rsq_test_l	pval_test_l	rsq_1se_l	lambda_1se_l	ncoef_nzero_1se_l	rsq_min_e	lambda_min_e	ncoef_nzero_min_e	rsq_test_e	pval_test_e	rsq_1se_e	lambda_1se_e	ncoef_nzero_1se_e
2	1e-06	0.034839	2.87034645081661e-05	0.499988548974415	0.988246691131474	0.00324452377054536	552	0.00064984916924514	0.769999346502968	0.940511436859146	0.00749527071911781	441	0.999074221708629	0.00176410483731433	825	0.000196504788033638	0.872284072954946	0.991693708641899	0.00538732126999067	724
5	1e-06	0.078228	1.27831466993915e-05	0.499994900262305	0.999011308878419	0.000484214647831143	696	0.00223036447376333	0.587908240376078	0.974053376871838	0.00258410793478912	498	0.995716647240501	0.00203845083669344	737	0.00406728437283895	0.464118913962998	0.929031184103466	0.00862110366430098	561
10	1e-06	0.164468	6.08021013206216e-06	0.499997574347105	0.999000948002852	0.000584949282434313	704	0.00582072177876284	0.380939372686027	0.978018273348792	0.00284437530083354	511	0.999082263285697	0.00111672486959462	876	0.00538250542988911	0.399537598372909	0.981387133463976	0.00518337767751774	683
14	1e-06	0.049933	2.00268359601867e-05	0.499992010448393	0.808556302210166	0.0122527867996679	311	0.00237250518995802	0.576237055859668	0.630915124362423	0.0177766956995724	203	0.749352700923604	0.0281754546684086	352	0.00224186332228565	0.586946433037171	0.560376928592422	0.039019803166272	244
17	1e-06	0.053372	1.87364160983287e-05	0.499992525251436	0.999066274167133	0.000461173686634074	698	0.00644294279548665	0.356553462320494	0.982820995454643	0.00204328602884136	539	0.999062451722098	0.000922347373268147	872	0.0117603377136057	0.212300783475698	0.982540255162326	0.00408657205768272	704
30	1e-06	0.030539	3.27450145715315e-05	0.499986936629217	0.674527947855291	0.0115561897477371	234	0.00733987103176919	0.324989144281363	0.111290315509888	0.0232190778099688	24	0.611197228576408	0.0253658079616922	289	0.00684880834436305	0.341784852720772	0	0.0613885087569075	0
36	1e-06	0.056864	1.75858187957231e-05	0.499992984273347	0.674229914065399	0.00972586530638812	239	0.00381148998244787	0.478546972198142	0.0359219218679921	0.022468010285775	6	0.301274916690684	0.0309726559420117	113	1.53061312177637e-05	0.964215643177359	0	0.0516655039907614	0
42	1e-06	0.034995	2.85755107872553e-05	0.499988600020564	0.999049233323097	0.000989887403124803	681	0.0174727285331399	0.127884058226315	0.986714472577666	0.00381455940770289	554	0.999043656029418	0.00197977480624961	834	0.0221012317386195	0.0864668295636331	0.985253989035007	0.00799238505057687	686
44	1e-06	0.09553	1.04679158379567e-05	0.499995823905785	0.325003593804894	0.0177049321687088	83	0.00378001465973567	0.480372306364935	0.130573434759542	0.0223410905164629	25	0.358989010057453	0.0338004313553513	127	0.00459111695044589	0.436628391298606	0.190044511904441	0.0407127392227395	55
45	1e-06	0.031711	3.15347986503106e-05	0.499987419435517	0.925104848151131	0.00444031076697729	426	0.000706991118095145	0.760393741243449	0.807212136174215	0.00740688477220031	299	0.834078915386059	0.0134977550877053	421	0.000759300828379974	0.751965602962598	0.675905772309591	0.0195829315195458	321
46	1e-06	0.045005	2.22197533607377e-05	0.499991135600925	0.685664005721211	0.0118709221975971	240	0.0338238295502451	0.0334054686822457	0	0.0346043680761848	0	0.450755803437692	0.0328797567246876	174	0.0514557789542694	0.008396462242463	0	0.0692087361523695	0
48	1e-06	0.033052	3.025535519787e-05	0.499987929859605	0.0879357013496086	0.0187694962252042	19	0.00258949036796159	0.559274247075484	0	0.0259936195123313	0	0.194193577630745	0.0326495012472625	69	0.000653638224677679	0.769348522781901	0	0.0519872390246625	0
50	1e-06	0.036091	2.77077387714389e-05	0.499988946211511	0.999082856174966	0.000494604738531903	713	0.00452410509856834	0.440002898954814	0.965040356444139	0.00317935541792889	516	0.999072724551179	0.000989209477063806	844	0.00502978059457041	0.415470824392716	0.964390646004522	0.00635871083585779	679
53	1e-06	0.077756	1.28607438654252e-05	0.499994869305515	0.750075755366194	0.00853566029776655	311	0.000106986002584195	0.905580394598071	0	0.0226714630156551	0	0.785610885601295	0.0155547515257048	428	9.2993126860656e-07	0.991176900382206	0	0.0453429260313101	0
66	1e-06	0.087532	1.14243933647123e-05	0.499995442326459	0.597146559174053	0.0152425715951456	217	0.00128907361575448	0.680446340756218	0.269182277399547	0.0221143615208577	84	0.679003555372674	0.0265144228878621	337	0.000516829492199536	0.794299225900784	0.481382868467449	0.0350505066341836	248
67	1e-06	0.158132	6.32383072369919e-06	0.49999747715655	0.998965396095031	0.000428750544836329	681	0.024624433290798	0.0701845975567225	0.986718143798692	0.00157710732937339	539	0.999046847842774	0.000818526341768336	816	0.0253233755563402	0.0662743787690021	0.9971523966178	0.00143039802765095	738
68	1e-06	0.033595	2.97663342759339e-05	0.499988124950727	0.999046279497877	0.000536202356812725	695	0.0164431351738192	0.139789566640306	0.957011340460115	0.00378280161897225	467	0.999039945085547	0.00107240471362545	826	0.0298076453822651	0.0460605595741273	0.960051470700443	0.00722173489480857	625
70	1e-06	0.074744	1.3379000321096e-05	0.499994662551103	0.733259042348438	0.0156480618937901	255	2.45935366181097e-05	0.954649338105523	0.5295932425706	0.0216707876488659	169	0.705105726918738	0.032786312279704	356	1.28829143480088e-06	0.989615168723388	0.483843025456842	0.0454053170306562	228
74	1e-06	0.090212	1.10849997783e-05	0.49999557772491	0	0.0211742194098232	0	NA	NA	0	0.0211742194098232	0	0	0.0423484388196464	0	NA	NA	0	0.0423484388196464	0
78	1e-06	0.057834	1.72908669640696e-05	0.499993101942104	0.796038690670687	0.0116193483773337	304	0.0198873723443729	0.104099968044858	0.254631977122356	0.0256221822656309	72	0.774600401728319	0.0243452247934369	419	0.0219948016011988	0.0872366612148218	0.373980775572046	0.0445697349466396	153
87	1e-06	0.029196	3.425126729689e-05	0.499986335721321	0.999076886793893	0.000478574555369976	715	0.000120159374805696	0.89996457802583	0.985864685267319	0.00193201373704279	548	0.99907032389019	0.000957149110739952	881	1.38753218587745e-06	0.989222625249115	0.985598435033462	0.00386402747408558	724
88	1e-06	0.048643	2.05579425611085e-05	0.499991798567515	0.967247409950496	0.00401611675890136	470	0.0031698356072808	0.518187707058851	0.927223781895499	0.00610414036990719	399	0.943093883355635	0.0106181399985115	572	0.00148953309093085	0.657951822474957	0.884761482339974	0.0154051030786002	494
91	1e-06	0.048087	2.07956412335974e-05	0.499991703739464	0.989367206611103	0.00164961123832323	589	0.00687606024098967	0.340822921185988	0.962221007561969	0.0031638063198315	493	0.987065516224024	0.0036208925948927	726	0.0062748843118738	0.362922598714501	0.958045224480503	0.00662890667857477	655
96	1e-06	0.04653	2.1491510853213e-05	0.499991426127652	0.999053509721243	0.000514036683035536	706	0.0093045570047179	0.267545234063941	0.989808992502462	0.00172284670760114	589	0.993466855272994	0.00273065310510999	772	0.0111713138935493	0.224195742874467	0.966347400242768	0.00630816283381979	667
104	1e-06	0.127276	7.85694082152173e-06	0.499996865534112	0.999047016555742	0.000537078801400252	677	3.04688978262012e-05	0.949528495679064	0.980703704265569	0.00249289896378561	522	0.999036129033648	0.0010741576028005	789	2.92960877514966e-06	0.984340360666899	0.983685141269166	0.0045428733815143	654
105	1e-06	0.078056	1.28113149533668e-05	0.499994889024798	0.137370983061867	0.0174327386953459	35	0.00199890340023625	0.607984097147242	0	0.0230450546058435	0	0.0628639515581517	0.0382648183912948	22	0.00361608440160823	0.490066201111875	0	0.0460901092116871	0
106	1e-06	0.057422	1.7414928076347e-05	0.499993052448881	0.999022946906301	0.000528960443828279	721	0.000613137113381155	0.776414621171514	0.976719285866783	0.00269459750115402	492	0.999021684408256	0.00105792088765656	884	2.68268805478749e-06	0.985014737585165	0.978312017067542	0.00514424777232566	688
109	1e-06	0.046907	2.13187797130492e-05	0.499991495037407	0.999032768743348	0.000409912191501949	700	0.000132704545142927	0.89490063781866	0.985143846211259	0.00165482258945179	550	0.999029560859594	0.000819824383003898	857	8.62488983678661e-07	0.991502852245493	0.987447003225298	0.00301562542323541	699
112	1e-06	0.039592	2.52576278035967e-05	0.499989923664368	0.788109156367969	0.00948515100913852	329	0.0569294771390675	0.00549776053882791	0.261281464058277	0.0199653336566189	90	0.784387731483027	0.018970302018277	424	0.0577393212387269	0.00516441956708687	0.386449700165348	0.0347296580740649	176
113	1e-06	0.074933	1.33452550945511e-05	0.4999946760135	0.999015543499068	0.000832277538912343	693	0.00102839468507256	0.712994322848051	0.990497439661511	0.00266267817688531	571	0.999011544665869	0.00166455507782469	875	9.35580412639767e-05	0.911678710242484	0.990317985647593	0.00532535635377062	758
116	1e-06	0.059208	1.68896095122281e-05	0.499993262020666	0.311427953956625	0.0213726320530496	100	0.0366266236028852	0.0267494000803536	0	0.0356516989920815	0	0.303589408173491	0.0427452641060992	116	0.0374025180585923	0.0251595834634833	0	0.0713033979841631	0
117	1e-06	0.133452	7.49333093546743e-06	0.499997010593469	0.990693446984468	0.00207383079282208	596	0.00541968119728868	0.397910127585379	0.948393669512175	0.00501893651397845	461	0.966510266235084	0.007954842712227	657	0.00354082485358884	0.494625507580138	0.861757369359724	0.0167441813823015	490
23	0.005467	0.03227	0.16941431670282	0.432735381586311	0.966825609158363	0.00340548010965116	463	0.0381991385037587	0.0236278716366524	0.919506173719379	0.00542248737931374	381	0.94733460370288	0.00859445703115383	570	0.0396965302967229	0.0210018756701006	0.893436630052001	0.0124690855920232	507
29	0.006354	0.035146	0.180788709952768	0.428266712618794	0.999018349323725	0.000334635420540215	754	0.00581466087819824	0.381188160068934	0.980350037018425	0.00155324002909021	535	0.999018311758948	0.000669270841080431	885	0.00314294582536208	0.519970597294107	0.976071511370818	0.00340935802858642	695
69	0.0071	0.04036	0.17591674925669	0.430179673276031	0.998715439621279	0.00094391538505337	680	0.0154062399383587	0.153037180717415	0.978567825788406	0.00399204741090231	491	0.997542785757316	0.00261443110422598	833	0.0141017467810079	0.171750111750661	0.96863602245016	0.00961687047695897	648
111	0.010892	0.034197	0.318507471415621	0.375050014077781	0.879903793767181	0.00658995676707099	367	0.00175782907047891	0.630517438794889	0.609498568858302	0.0126389456998778	208	0.84147901076709	0.0151536977826476	472	0.00296440658748014	0.532088383709406	0.570550326395595	0.0264815172265432	245
9	0.012169	0.041308	0.294591846615668	0.384152845686165	0.814766210095864	0.0105923819960687	348	0.00288549315739681	0.537606479909569	0.153891800732147	0.0268555491961319	40	0.776624457696814	0.023250252326618	455	0.00310686125305844	0.522380107141266	0.188785360091338	0.0512698460781685	87
102	0.016502	0.045323	0.364097698740154	0.357892527602032	0.966660947359248	0.00375228268749539	469	0.00155903922417494	0.650575590028276	0.894710240875011	0.00686944755061859	386	0.936746907096114	0.0103929703079073	573	0.00142675348264088	0.664792978316267	0.84828012178145	0.0165485477858165	480
65	0.016583	0.040733	0.407114624505929	0.34196190135816	0	0.0290055198776452	0	NA	NA	0	0.0290055198776452	0	0	0.0580110397552903	0	NA	NA	0	0.0580110397552903	0
71	0.016609	0.053943	0.307899078657101	0.379079563442187	0.497901548974014	0.016332989354523	166	0.00691015017442337	0.339624709252955	0	0.0299014288261419	0	0.449889901878585	0.0342213938744059	201	0.0069291717351119	0.338958572504782	0	0.0598028576522837	0
98	0.018994	0.048665	0.390301037706771	0.348156978024976	0.230390614569738	0.0203511392771006	74	0.000764642376004505	0.751123132014017	0	0.0295260185281636	0	0.221931038415172	0.0407022785542013	98	0.000306265412096857	0.840933402698616	0	0.0590520370563272	0
33	0.019107	0.056894	0.335835061693676	0.36849762438438	0.999039039501783	0.000418221256343834	687	0.00067856066386277	0.76511788360518	0.989667477461946	0.00140171146986211	586	0.784684454901294	0.0136319287962152	426	0.000857038119877461	0.737035120167681	0.3899237651892	0.0249564938674367	176
12	0.020878	0.050084	0.416859675744749	0.338390524962559	0.609894361683725	0.00999428071226412	218	0.0200718790282362	0.102491617860891	0	0.026545686875034	0	0.604360587452606	0.0199885614245282	299	0.0171964728520382	0.13096449045011	0	0.0530913737500681	0
22	0.022075	0.046738	0.472313748983696	0.318351429033211	0.999055779385241	0.000523743130131354	709	0.00017396716730912	0.879772572811548	0.993031437180306	0.00145734636969941	610	0.998629522670572	0.00126170090864023	881	2.27924921643129e-05	0.956339773472551	0.991518241138453	0.00319887168300461	759
76	0.02362	0.05182	0.455808568120417	0.324263821133848	0.771147330838483	0.00725076755632894	299	0.00751354786341007	0.319309767088417	0	0.0254588350807182	0	0.74675679562969	0.0151920366229947	407	0.0067237049654008	0.346247717960311	0	0.0509176701614364	0
92	0.025285	0.066358	0.381039211549474	0.351587076395156	0.999001123823657	0.000695866847444975	700	2.51888063744514e-07	0.995407957156589	0.983035608184655	0.00294298990212814	555	0.998991640109388	0.00139173369488995	879	4.26930969435144e-06	0.981096458905637	0.977445107853789	0.00676744645383391	684
3	0.028178	0.063508	0.443692133274548	0.32863259190243	0	0.0296156847356896	0	NA	NA	0	0.0296156847356896	0	0	0.0592313694713791	0	NA	NA	0	0.0592313694713791	0
94	0.028517	0.053185	0.536185014571778	0.295915344602193	0.999059501137354	0.000635910759966221	679	0.0126834859708349	0.195115255309661	0.97336446430623	0.00355525634628943	496	0.999055729910997	0.00127182151993244	847	0.0112011802118224	0.223573934395566	0.984185326469782	0.00537884209344577	695
24	0.029106	0.062686	0.464314200938008	0.321211325550573	0.999023806347499	0.000678198296264094	683	0.00289021123843161	0.537273657203353	0.9851360766822	0.00273789822321057	534	0.989482575392748	0.00454610241012125	691	0.00132407447337035	0.676377323410016	0.951688095600653	0.0100247501639227	575
62	0.0313	0.067024	0.466996896634042	0.320251049196761	0.905870761621371	0.00547593478893174	378	5.41185380222033e-06	0.978717305365843	0.794547744969704	0.00832293397197977	316	0.73093951692119	0.019138703110547	379	0.00107397084331574	0.706987960657735	0.450981190617098	0.0290891269597243	193
86	0.031566	0.064324	0.490734407064237	0.311807153884182	0.999070393089738	0.000609753952644451	705	0.00240684375142156	0.573486303325071	0.973035251564495	0.00340901860180728	496	0.999059427449826	0.0012195079052889	830	0.00254468064698914	0.562697760227217	0.974918274002032	0.00650814689045519	628
13	0.032446	0.063672	0.509580349290112	0.305172746860477	0.889154128166112	0.00494143204136593	378	0.0136020455243949	0.17959574847022	0	0.021893614803317	0	0.853198840415285	0.0113628921122092	479	0.0111970159372762	0.223660510461966	0	0.0437872296066341	0
81	0.032912	0.063311	0.519846472177031	0.301585292979321	0.879386037577111	0.0119720980477071	353	0.00570837754074032	0.385588294088031	0.761746984045504	0.0173694643805687	278	0.854045606532807	0.0262787256531639	462	0.00721507526220792	0.329152119165711	0.330293820030328	0.0635978866636503	127
28	0.033095	0.055915	0.591880532951802	0.276965295235449	0.978219224704337	0.00253554669591641	519	0.014130154177109	0.171315970873173	0.612844343479691	0.0117689652140441	215	0.977802547254943	0.00507109339183282	708	0.0138175343176908	0.176163318079501	0.778261688198563	0.0169962900360811	410
72	0.03324	0.070454	0.471797201010588	0.318535774482241	0.9384790492856	0.00249533332641389	447	0.000298500330637267	0.842936554327006	0.820576745708858	0.00436066585312695	347	0.94767637845194	0.00454730958263822	594	0.000929022469445624	0.726634620147611	0.846807858422195	0.00794655263515623	489
15	0.037803	0.079025	0.478367605188232	0.316194293146765	0.905254996663526	0.0067739639797486	399	0.00685723944920001	0.34148686592753	0.775853301122884	0.0107860662829933	302	0.925907896921922	0.0117832968318417	556	0.00643454360045051	0.35686813844879	0.790688426362071	0.020591645848659	425
85	0.041941	0.057709	0.726767055398638	0.233684333934433	0.999036381163905	0.000472594059438626	690	0.00855644244293538	0.287770049464149	0.993501287209347	0.00125525130642613	588	0.992060028909231	0.00275527351813372	766	0.0094043057791921	0.264983898208642	0.971768484772118	0.00528436735093808	696
97	0.0438	0.054835	0.798759916111972	0.212214818573274	0.999062897542413	0.000499185268705938	711	0.0205795193407491	0.0982035338667373	0.977604202685381	0.00254291864989548	509	0.999060024344293	0.000998370537411877	899	0.0218980043154879	0.0879431903630295	0.977172845140411	0.00508583729979095	721
6	0.045066	0.066855	0.674085707875252	0.25012841267731	0.977295913653471	0.00349303403506761	534	0.0164912903615796	0.139206144705648	0.897012469770167	0.00770259672058237	389	0.95675168689126	0.0096749104570262	665	0.0142831867312456	0.168998579290594	0.86405880101405	0.0177122289221325	513
79	0.046847	0.05714	0.819863493174659	0.206146965171852	0.977178360812298	0.00172220026364021	529	0.00244518582944707	0.570445137291886	0.919518035264469	0.0033030255562873	433	0.976720464547843	0.00344440052728042	680	0.00546991856818851	0.395725937856024	0.925118827263095	0.00630579589441045	572
32	0.048634	0.055271	0.879918944835447	0.189451610483519	0.999003123881322	0.00066977569295313	672	0.000683621082753224	0.764269238551781	0.993251484291489	0.001778983033749	581	0.999079693016283	0.00127866670809144	909	0.00187391919298573	0.619441386395713	0.993135659688885	0.003557966067498	770
89	0.05262	0.074738	0.704059514570901	0.240697855643528	0.963679242043758	0.00326928795838553	468	0.000271046879402553	0.850244763178687	0.850956417471845	0.00688153776843897	341	0.999033999950149	0.00101719065866259	868	0.000357392005703813	0.828357824066529	0.951584327067181	0.00751777339926964	628
21	0.052969	0.090771	0.58354540547091	0.279763100051828	0.992756165615118	0.00108206735414714	586	0.000257642641157196	0.853952456483955	0.893873147126081	0.00436832457797854	385	0.989422119585238	0.00260670791728565	720	0.00101015358174167	0.715440551015744	0.94660362123299	0.00602183337446766	595
83	0.056	0.07867	0.711834244311682	0.238283712264107	0.999071988814822	0.000574468637448441	695	0.00591026804251576	0.377290071972662	0.985668973094819	0.00231913980088769	541	0.999068201269928	0.00114893727489688	871	0.00663803963768277	0.34934898383424	0.987914676329524	0.00422622762595409	733
25	0.057895	0.075046	0.771460171095062	0.22021711077929	0.230299853753898	0.0231351987346066	58	0.0392515077466678	0.0217495585800867	0	0.035163444949337	0	0.18140579796997	0.0484735972744867	66	0.0406672063860053	0.0194607815605131	0	0.070326889898674	0
80	0.059274	0.062534	0.947868359612371	0.171598237161553	0	0.0257156691991426	0	NA	NA	0	0.0257156691991426	0	0	0.0514313383982853	0	NA	NA	0	0.0514313383982853	0
75	0.060429	0.087371	0.691636813130215	0.244582718561853	0.989759840006571	0.00154546104703869	557	2.17839985624047e-05	0.957315680351712	0.826759393354101	0.00684735286737712	310	0.9949989239311	0.00213045270466234	719	0.000208141890203522	0.868589790601262	0.894978688950557	0.0103595426726864	477
101	0.065847	0.079282	0.830541610958351	0.203116315815458	0.999017190657644	0.000647393339184692	677	6.68030535333921e-05	0.925325139783503	0.981881659711128	0.00286835481611214	526	0.999008540475573	0.00129478667836938	822	2.92387347853313e-06	0.984355694674452	0.975874442621046	0.0065958220293582	647
35	0.074922	0.080936	0.925694375803104	0.177302415761168	0.986662107124751	0.00172102788139678	522	0.00167891971768752	0.638305466771877	0.943802458682279	0.00362259871786179	422	0.966525986198544	0.00548072616244235	637	0.00159407415270121	0.646932342291519	0.89442358205133	0.0100337751837486	498
90	0.078544	0.071839	1.09333370453375	0.137123654832346	0.999076842937484	0.000357167170662664	707	0.00093879506500673	0.725257860702971	0.971039274181976	0.00209193555065378	503	0.999075497424935	0.000714334341325329	842	0.00216497431405642	0.593439369197166	0.973163479311923	0.0039937077027982	663
82	0.080097	0.103023	0.777467167525698	0.218441598944104	0.99901238337236	0.000332361208831115	697	8.11110065475745e-05	0.917741328853965	0.976234366713415	0.00169309386598971	519	0.999001691514912	0.00066472241766223	848	7.9256181417882e-06	0.974245892347517	0.958741646096136	0.00447634089817089	606
19	0.086683	0.102096	0.849034242281774	0.197931119351516	0.999032222009768	0.000411198909266882	694	5.72153456478719e-05	0.93087698893956	0.987601885972139	0.00151254574821054	550	0.999025433001161	0.000822397818533764	884	5.92692946567412e-05	0.929650347525304	0.984948623989271	0.00332003418253802	715
55	0.087758	0.083742	1.04795681975592	0.147329250880266	0.803666477430044	0.00715916700983232	296	0.0378663669229503	0.0242557478526828	0	0.0263341350801662	0	0.742686519640398	0.0164626046994112	338	0.0307625834370418	0.0426586546816128	0	0.0526682701603323	0
16	0.088134	0.075355	1.16958396921239	0.121084215823993	0.999005487736029	0.000584302914326653	703	0.0188691043727994	0.113483395959462	0.988387196265594	0.0020515995606618	574	0.999083951307093	0.00111549089023536	867	0.0180080568804318	0.12213924726519	0.989224519459579	0.00391670238880532	737
95	0.08815	0.079655	1.10664741698575	0.134223198976748	0.0176443484605939	0.0347754719682738	6	0.0672694675732672	0.00247661674105027	0	0.038166037551312	0	0.0549377542194108	0.0633722297731495	27	0.0545841314131891	0.00659044504693145	0	0.076332075102624	0
39	0.08829	0.075012	1.1770116781315	0.119595422567564	0.999004714591567	0.000767431493385542	706	0.00251884592004436	0.564689848069738	0.984653091483386	0.00309813417956141	569	0.999002334485999	0.00153486298677108	877	0.00167356931371912	0.638841552091167	0.984464207197499	0.00619626835912283	752
37	0.088915	0.072903	1.21963430860184	0.111301767213146	0.939352642889733	0.00222628210328586	445	0.00142588867933954	0.664888453531161	0	0.0143107041148241	0	0.938280091479202	0.00445256420657171	608	0.00365305427720826	0.487852034517591	0	0.0286214082296483	0
56	0.089934	0.108606	0.828075796917297	0.203813787694582	0.830073870495397	0.00614799783943056	303	0.000665166174664068	0.767380929652866	0.180647013923611	0.0196690874296368	18	0.795415467621525	0.0134948400768888	369	0.00038298574545394	0.822416112530208	0.152588629171497	0.041211291666784	24
26	0.098056	0.070512	1.3906285454958	0.0821690477947528	0.812741050318051	0.00719519506783866	299	0.0313439100912335	0.0407165145095914	0.58100154938171	0.0114567852962889	198	0.792878690134572	0.0150755993942715	461	0.0353576034890441	0.0295754471574468	0.574934545952523	0.0229135705925777	318
49	0.106036	0.156614	0.677053137012017	0.249186120407639	0.976067078097106	0.00221269853779724	507	0.0391225594377143	0.0219712488275167	0.882319378396957	0.00511162060550994	377	0.985860056463315	0.00334765059842489	702	0.0453869058251347	0.0134556229069439	0.915317124057715	0.00848751445811029	537
1	0.108506	0.112736	0.962478711325575	0.167904595968375	0.741202524958879	0.0127368977492665	261	1.31552964602483e-05	0.966823462894111	0.577649677746813	0.0168374292341831	199	0.795173179404528	0.022155808230618	394	0.000237112061781501	0.859830153735819	0.662833694852052	0.0292886745699631	303
73	0.114094	0.096487	1.18248054142009	0.118507540988409	0.99908479749721	0.000470772521788011	734	0.00551329314755964	0.393853915817771	0.973946417663117	0.00263199980424047	507	0.999083692352056	0.000941545043576021	895	0.00487325123177526	0.422841346834264	0.971062954111892	0.00551464891228436	692
108	0.115358	0.151438	0.761750683448012	0.223104409660907	0	0.0191138020599359	0	NA	NA	0	0.0191138020599359	0	0	0.0382276041198718	0	NA	NA	0	0.0382276041198718	0
54	0.115371	0.09605	1.20115564809995	0.114845415058136	0.999002467012458	0.000435333099308453	722	0.00817593106955159	0.298794941255693	0.978273840013304	0.002116851413434	505	0.71752290337417	0.0163146948801121	361	0.0192252743211873	0.110100672282986	0.165731275169122	0.0327800233585986	68
60	0.118424	0.092648	1.27821431655297	0.100586934766243	0.999011620637085	0.000463000864662434	715	0.0257795755615877	0.0638467565008585	0.978192331264267	0.00225138873276298	527	0.999000286759231	0.000926001729324869	859	0.0309877887793992	0.0418951062810133	0.977835860286397	0.00450277746552596	664
18	0.12182	0.098333	1.23885165712426	0.107700219711329	0.9988284330515	0.000603923126998759	694	0.000702936456760973	0.761061068141661	0.984893336839368	0.00222145861139705	561	0.999014453771879	0.0011005445218515	879	0.000110104204289346	0.90422076502007	0.986037861831112	0.00424097977827812	731
41	0.12227	0.132423	0.923329028945123	0.177917882215212	0.999057081292552	0.00030106839980917	684	0.00346427128548223	0.499336466477397	0.979049262191264	0.00146397567446345	539	0.999045240245494	0.00060213679961834	867	0.00130872866634236	0.678153502507356	0.976736551858715	0.00306736795640467	691
8	0.123806	0.133459	0.927670670393155	0.176789213445097	0.999050827983528	0.000446064017185939	712	0.0216915180692848	0.089470916441789	0.967207105297421	0.00273700744283474	454	0.999047570244968	0.000892128034371877	880	0.0227416484489358	0.0819852693890736	0.966582047830688	0.00547401488566948	651
51	0.123812	0.129668	0.954838510657988	0.169829684528341	0.996908556706355	0.000858486202188264	639	0.000277357226725606	0.848532154121449	0.359786920334832	0.0146573868624975	113	0.994052751942453	0.00237781168215934	746	0.000268334602589178	0.850987205543558	0	0.0488999897752592	0
103	0.126152	0.117325	1.07523545706371	0.141134662293	0.588153415254709	0.00957098287803269	200	0.000984326682463441	0.718947194141013	0.111742956312586	0.0159653616727707	31	0.58086824556735	0.0191419657560654	265	0.000316157549307351	0.838419408164349	0.145852969884127	0.0304794226909029	55
52	0.12779	0.126164	1.01288798706446	0.155556833503152	0.972548518370802	0.00204935997605248	531	0.0117038556289009	0.213408562642012	0.86632735267108	0.00473428734314875	363	0.966638854498959	0.0044983400871472	702	0.0107787911564632	0.23256241916394	0.851552554590054	0.00991942799740099	529
7	0.128906	0.086817	1.4848013637882	0.0687982252745983	0	0.0267618832781205	0	NA	NA	0	0.0267618832781205	0	0.772581806769569	0.0175266205153032	459	0.0141554667373905	0.1709301787195	0	0.053523766556241	0
43	0.129184	0.118054	1.09427888932184	0.136916340569949	0.0982258464061502	0.0294725623683937	24	0.0200824358395221	0.102400410797993	0	0.0408161499416667	0	0.0933169931283616	0.0589451247367875	32	0.0214434419264339	0.0913440856087597	0	0.0816322998833333	0
100	0.1317	0.131316	1.00292424380883	0.157948707107145	0.999032968539421	0.000470343493722057	727	0.0213555219003775	0.0920180169423558	0.980203249287422	0.00218314110530163	553	0.999027054706168	0.000940686987444114	902	0.02345356228927	0.0772925554425915	0.978036347359912	0.00457418602475509	713
84	0.135489	0.117005	1.15797615486518	0.123436883726522	0.99903030933043	0.000495763299668339	724	0.00816988562110678	0.298974395022459	0.971878962496068	0.00277171849945876	504	0.999024149538372	0.000991526599336678	865	0.00800168051088682	0.304023126998317	0.968723445483264	0.00580739192441146	649
4	0.137148	0.116365	1.17860181326	0.119278384637293	0.735684088650148	0.0169785573316785	281	2.63544755175953e-05	0.953055603209596	0	0.0450965386597037	0	0.773518433779144	0.0309404581890748	403	0.000330951823993982	0.834734824808449	0	0.0901930773194075	0
99	0.140293	0.11847	1.18420697222926	0.118165571426324	0.918945095116274	0.00437696893827861	401	0.0236459516483785	0.0760740549015181	0.837564250523709	0.00635023249603657	338	0.936682542672756	0.00761372873810321	550	0.0230772083468627	0.0797366362103592	0.861006572603265	0.0115721906871283	436
61	0.140564	0.104688	1.34269448265322	0.0896854609917982	0.51639412015721	0.0243528311516022	153	0.000885390115681352	0.732882646652189	0.358414776951491	0.0293330713323461	93	0.470815997477571	0.0510248190766801	186	0.000238681391628929	0.859371823300851	0.259499427581788	0.0643860191451604	102
63	0.147462	0.110432	1.33531947261663	0.0908859040260308	0.999029445911657	0.000455016546509256	700	0.000918632617414544	0.728107269570881	0.985213481290214	0.0018369096488175	536	0.999021028882012	0.000910033093018512	825	0.00107037159688536	0.707456959186096	0.988579060664268	0.00319530067033128	691
115	0.148861	0.11442	1.30100506904387	0.0966283598203543	0.996787263974919	0.00210912319226759	607	0.00946354634078359	0.263477038155259	0.983465293310493	0.0048723481237921	534	0.987200526686178	0.00847543984325113	725	0.0078806132236668	0.307724813070582	0.945579683780543	0.0178399884402557	610
118	0.151458	0.095358	1.58830931856792	0.0561082056800577	0.999036109850746	0.000497187460751803	676	0.0116697865926073	0.214080045012274	0.948503230665941	0.00384954193610777	435	0.999034594080915	0.000994374921503605	834	0.00860681623911116	0.286349364259636	0.942870871353555	0.00806568154623243	563
31	0.151924	0.141152	1.07631489458173	0.140893224771912	0.999069472903982	0.000534188640171663	702	0.0147336765957597	0.162380466693621	0.993697811338949	0.00141885191965803	625	0.999062701731024	0.00106837728034333	888	0.0142514016713363	0.169476959031383	0.996310133935089	0.00214661888946156	806
20	0.152817	0.109222	1.39914119865961	0.0808853226980907	0.994915132484559	0.00117305277509132	568	0.00166870874222264	0.639329463988688	0.959258450001999	0.00341951108147828	465	0.99254751035986	0.00282589244052607	715	0.000778259059211237	0.748990035620708	0.958579314941301	0.00683902216295655	592
27	0.153366	0.10963	1.39894189546657	0.0809152039151662	0.728313194519656	0.00973209845018622	283	0.000222066871640591	0.86430598635392	0.486119732068674	0.0141196085017923	172	0.617164602137693	0.0234446940707299	326	0.000957238255535102	0.72268133917741	0	0.0567391667333274	0
59	0.157038	0.169593	0.925969821867648	0.177230831819876	0.918460482014853	0.0043403246149525	425	0.00279969437181181	0.543725135137455	0.648075029975224	0.00957098322254078	241	0.881911620602623	0.0104558727273534	511	0.00175465854248105	0.630826178804172	0.670227697135056	0.0182719345284168	328
77	0.15898	0.135477	1.17348332189228	0.120301020594403	0.963700931855869	0.0029827948082982	466	0.0104449769524325	0.239973002220841	0.896210732933286	0.00521251863618676	364	0.978398025112052	0.00451274977336887	674	0.00885843902082567	0.279383428327495	0.918739229520871	0.00906716577107851	517
47	0.16131	0.133151	1.21148170122643	0.112855421805479	0.140925601937895	0.0288075499513107	27	0.0806188017210819	0.00088518316366694	0	0.0417948224928357	0	0.13450533107031	0.0576150999026213	34	0.0786293064308186	0.00103199491995867	0	0.0835896449856713	0
114	0.162049	0.106596	1.52021651844347	0.0642282835844034	0.359404449241381	0.0183086720815451	109	0.0188126677394427	0.114029718696052	0	0.0319949244122948	0	0.306690387835057	0.0383609065689121	118	0.0211777515639963	0.093397051518773	0	0.0639898488245896	0
107	0.163661	0.125297	1.30618450561466	0.0957449103275435	0.92610681675973	0.00436444110203962	444	0.0039856449764514	0.468647131713474	0.851087231121316	0.00633205675069507	342	0.918046313789564	0.00914451450084263	572	0.00416431507857304	0.458826640261539	0.834701605406835	0.0132671247985978	462
110	0.174186	0.156661	1.11186574833558	0.133097938739181	0.847256906332875	0.0053641300213997	340	0.0131669845331516	0.186761874794833	0.721676564970578	0.00742871055876838	268	0.998553495275211	0.000955045895219213	834	0.0151722230153888	0.15621775344441	0.375570639067181	0.0236572159886275	152
11	0.187821	0.147648	1.27208631339402	0.101671226757466	0.998997727233284	0.000663540250112219	702	0.000114894082012416	0.902169729190505	0.993183392433106	0.00176242115021306	614	0.999083759814519	0.00126676264341013	871	0.0013051641254297	0.678567818060274	0.992453878207334	0.00369268031986579	783
40	0.200963	0.155561	1.29185978490753	0.0982028533808408	0.999062852328222	0.000351678037488433	702	0.00160680588252148	0.64562035999161	0.981387351044968	0.00163234484949951	546	0.999060263422335	0.000703356074976866	828	0.000854345687346931	0.737433406117387	0.990831932553752	0.00225022397440652	720
58	0.270586	0.167945	1.61115841495728	0.0535725995040301	0.999040018795007	0.00049091025558464	691	0.0172887359009416	0.129926691151335	0.972307756392315	0.00274458605122292	496	0.999037920950129	0.000981820511169279	844	0.0196412248261173	0.106288351090281	0.96929842209117	0.0057505431640467	653
64	0.275694	0.164094	1.68009799261399	0.0464691257045184	0.999020949880187	0.000661200726398568	700	0.00435138787850149	0.448886869529412	0.983481274051764	0.00279637845690679	553	0.999016347502014	0.00132240145279714	875	0.00467052274053647	0.432680400483735	0.979986653302686	0.00613804380808134	685
93	0.280232	0.183862	1.5241431073305	0.0637364831653875	0.999012135438982	0.000408359705949713	710	0.00636997258063187	0.359299988359318	0.987312604726283	0.00150210208017323	568	0.999005763625043	0.000816719411899426	858	0.00602736877377633	0.372591136971559	0.981508497326184	0.00361857454617041	711
57	0.28175	0.16673	1.68985785401547	0.0455275761843109	0.999079271183956	0.00047892536043846	713	0.000534249449806427	0.790939567488099	0.990216962156829	0.00160516750583935	559	0.999076134643374	0.000957850720876919	850	0.00102977231086453	0.712810577905082	0.990907886531901	0.00306442033089812	742
38	0.306975	0.150479	2.03998564583763	0.0206758777150818	0.999055902666765	0.000505699665876673	721	0.00243288993718191	0.571416965877865	0.985626532958484	0.00204151827615734	544	0.999054706074009	0.00101139933175335	859	0.00184431739272775	0.622224385253387	0.988854589912932	0.00355121696948919	721
34	0.323422	0.177653	1.82052653205969	0.0343394297766639	0.999032345065557	0.000634481903929667	679	0.00431421355405978	0.450835178066856	0.994977232047807	0.00146573548929025	590	0.999022112361804	0.00126896380785933	814	0.00781079314785385	0.309885989471422	0.994899102296037	0.00293147097858051	713
