LVs	Heritability	SE	zscore	pval	rsq_min_l	lambda_min_l	ncoef_nzero_min_l	rsq_test_l	pval_test_l	rsq_1se_l	lambda_1se_l	ncoef_nzero_1se_l	rsq_min_e	lambda_min_e	ncoef_nzero_min_e	rsq_test_e	pval_test_e	rsq_1se_e	lambda_1se_e	ncoef_nzero_1se_e
6	1e-06	0.126942	7.87761339824487e-06	0.499996857286947	0.999026576015196	0.0025468152830638	707	0.0347801554930685	0.0309613380406013	0.988662973806426	0.00894235676000649	559	0.999025456069049	0.00509363056612759	842	0.0304290551615583	0.0438161221778931	0.986230680514957	0.0196284510077105	730
8	1e-06	0.071001	1.40843086717089e-05	0.499994381173781	0.999060215336563	0.0014650262516811	710	0.0072758390153643	0.327116434771475	0.984237646962021	0.00619595182739475	528	0.999053487791237	0.0029300525033622	831	0.00465506642789505	0.433444628532506	0.98391794588198	0.0123919036547895	694
9	1e-06	0.233466	4.28327893569085e-06	0.499998291218934	0.992316537949958	0.00350784217116013	580	0.00226185617440608	0.585281717020849	0.957728540833508	0.00848942797987447	465	0.992923838680948	0.00669681066167851	743	0.000522230660027051	0.793251159802849	0.960660189814539	0.0162071407529641	594
14	1e-06	0.049	2.04081632653061e-05	0.499991858320809	0.999045449149052	0.00133603266556473	698	0.00164853564336397	0.641363765713217	0.989879751509661	0.00447785061860387	571	0.999036751541993	0.00267206533112945	845	0.00166602126168424	0.639599609013755	0.988759906700748	0.00938213369297027	704
15	1e-06	0.054571	1.83247512415019e-05	0.499992689481952	0.999069889051486	0.00112824105166064	656	0.01599069518805	0.145405872669291	0.988046654365642	0.00415009905714101	543	0.999059855893222	0.00225648210332128	770	0.0145566797051324	0.16494507936809	0.986779202018955	0.0086954182954202	647
16	1e-06	0.060719	1.64693094418551e-05	0.499993429696135	0.999030211293789	0.00187382494548476	668	0.00116579761760195	0.695313764047912	0.984950386568441	0.00756466363467918	549	0.999018500585277	0.00374764989096952	819	0.00268712339882961	0.551950107011572	0.984799248717315	0.0151293272693584	676
20	1e-06	0.102184	9.78626790887027e-06	0.499996095843964	0	0.083958715936741	0	NA	NA	0	0.083958715936741	0	0	0.167917431873482	0	NA	NA	0	0.167917431873482	0
27	1e-06	0.061028	1.63859212164908e-05	0.499993462963224	0.999008384696227	0.00182720150517977	704	0.0202211412843242	0.101210164623465	0.984869148557886	0.00737644400175741	534	0.999087134204289	0.00348830475371018	858	0.0219256990685983	0.0877404209860507	0.983248733784311	0.0154553578709542	688
29	1e-06	0.125294	7.98122815138794e-06	0.499996815950641	0.999003166656052	0.00183808591851174	678	0.0188092220062326	0.11406316714942	0.986139279188972	0.00708311663578282	544	0.999003425127638	0.00367617183702347	816	0.0162584014572733	0.142053038970047	0.987147123365647	0.0135223561066703	695
31	1e-06	0.244354	4.09242328752547e-06	0.499998367359321	0.991311564514649	0.00384248609306335	561	6.6777743959459e-05	0.925339246204189	0.96668564276	0.00772044986506311	461	0.998133640882694	0.00348504152280985	768	0.000186940106012125	0.875405335073503	0.98345729776734	0.0106428132418804	639
34	1e-06	0.049721	2.01122262223205e-05	0.499991976382608	0.721601079603206	0.0160289088267298	290	0.0230271284806792	0.0800680125036765	0.0815055023330671	0.0370288583116785	25	0.717292001278097	0.0320578176534596	370	0.0240407039759573	0.0736373162984746	0.182022157366899	0.0644116251776865	74
39	1e-06	0.090408	1.10609680559243e-05	0.49999558731218	0.999030610399249	0.00104660052853621	710	0.0205439601309943	0.0984975059749351	0.988919588719186	0.00367481512052309	555	0.999029796898827	0.00209320105707242	875	0.0188337587870208	0.113825216452052	0.988731841779168	0.00734963024104619	731
40	1e-06	0.05394	1.85391175380052e-05	0.499992603962173	0.999074235535465	0.00123310192912221	703	0.000700864560126314	0.761402877491705	0.958337250757938	0.0086992903230943	454	0.999074513672122	0.00246620385824441	871	0.00042927397100888	0.812177798516616	0.970389056721338	0.0144446073155298	712
51	1e-06	0.216542	4.61804176556973e-06	0.499998157667887	0.999077527551469	0.00179356384378716	707	0.00106163573273674	0.708599031536512	0.924126033346982	0.017523297307121	451	0.999075659539788	0.00358712768757432	875	0.00150238433508758	0.656572709709279	0.929555570187403	0.0334536728017269	594
54	1e-06	0.045648	2.1906764808973e-05	0.499991260465292	0.999048005154179	0.00164744932746878	708	0.000879523449071432	0.733735742545441	0.98529128782857	0.00665078135901093	560	0.999035638923491	0.00329489865493756	860	6.89411739807422e-05	0.924143028115609	0.986365268224977	0.0126969861642284	727
58	1e-06	0.075469	1.32504737044349e-05	0.499994713825804	0.997885934941276	0.00370697321291402	620	0.00852417589507673	0.288684730490866	0.981295972348629	0.011320560555585	505	0.999062400170197	0.00487788168128538	818	0.00938832049530872	0.265392323208006	0.985531615240167	0.0196920925071479	651
64	1e-06	0.048198	2.07477488692477e-05	0.499991722845754	0.999013216189191	0.000956520263148303	725	0.00173286033869964	0.63295817591713	0.965852173200538	0.00586911962990248	476	0.999002172829067	0.00191304052629661	866	0.000385858934044307	0.821762258023824	0.970928339483382	0.0106954464368336	658
71	1e-06	0.056002	1.7856505124817e-05	0.499992876285126	0.998733027579367	0.00115129732326733	673	0.00449591863505656	0.441434181370769	0.987796225418172	0.00368330768817403	546	0.998937172980217	0.00209803848453507	813	0.00298177506353169	0.530887558125871	0.987589770767373	0.00736661537634805	685
81	1e-06	0.271488	3.68340405469118e-06	0.499998530534387	0.979146210922527	0.00905000996884239	533	0.000244356572542064	0.857727195815721	0.867403991391179	0.0240376208919193	347	0.974680020731449	0.0198647495352876	708	2.06726354683017e-05	0.958417754239594	0.864971522012376	0.0480752417838387	485
86	1e-06	0.07112	1.40607424071991e-05	0.49999439057536	0.26832834271946	0.042306993297777	76	0.0112863933606897	0.221811038796441	0	0.0643028679746351	0	0.259371852466056	0.0846139865955541	111	0.0143630799476688	0.167802903299324	0	0.12860573594927	0
88	1e-06	0.090499	1.10498458546503e-05	0.499995591749297	0.999066223517396	0.000786332376587593	685	0.00818578165697459	0.298502829572514	0.973055742522106	0.00439623505081812	503	0.999058320309468	0.00157266475317519	848	0.00954597844758939	0.261397781337162	0.975020369855926	0.00839283876612579	683
89	1e-06	0.292627	3.41731965949827e-06	0.499998636686702	0.99901596622937	0.0014532700451271	690	0.0149516127876262	0.159284310034996	0.989474030815174	0.00487078373029164	567	0.99900641834069	0.00290654009025419	836	0.0121212358298069	0.205379744882593	0.988299472534878	0.0102054195281281	709
102	1e-06	0.0993	1.00704934541793e-05	0.499995982454377	0.999017655048656	0.000671296238485019	676	0.00956509760061046	0.260918407821921	0.968862480844157	0.00393179603741718	497	0.998283631495022	0.00177482824046628	814	0.00639387072812196	0.358397316596117	0.958768659616608	0.00904121999581995	615
105	1e-06	0.043048	2.32298829213901e-05	0.499990732617535	0.999011313743188	0.000883346752332124	722	0.00268119804452297	0.552389457623425	0.969125056947	0.00517378030945468	477	0.999007954683043	0.00176669350466425	867	0.0015248329562564	0.654180492793604	0.96864198423731	0.0103475606189094	639
113	1e-06	0.114053	8.76785354177444e-06	0.499996502132514	0.0246658926696016	0.041451006768305	9	0.00317196132489656	0.518047220438275	0	0.0454924287527173	0	0.0220878647899896	0.0829020135366099	9	0.00278818537695965	0.544555602878059	0	0.0909848575054347	0
120	1e-06	0.076257	1.31135502314542e-05	0.499994768450367	0.211544233612917	0.0376376093921989	44	0.00781039850553207	0.309898260588461	0	0.0599297177917284	0	0.101282441249464	0.0865482093662079	33	0.00345993437037497	0.499605609868376	0	0.119859435583457	0
124	1e-06	0.081414	1.22828997469723e-05	0.499995099831965	0.99904275639039	0.000890250034620063	751	0.0001551084745187	0.886429735413622	0.989908475774773	0.00298376437267015	586	0.999042203669207	0.00178050006924013	920	0.00158455671468894	0.647917236035684	0.989787865873594	0.0059675287453403	789
63	0.000606	0.042345	0.014311016648955	0.494290925258565	0.999031346694907	0.000881237115959346	723	0.0247941634010287	0.0692131419351898	0.970849744467702	0.00516142412532114	471	0.999027299170126	0.00176247423191869	886	0.0140896568005053	0.171935258543759	0.967744291887351	0.0108143784405616	606
83	0.002352	0.049204	0.0478009917892854	0.480937423064044	0.999021679028837	0.00331247575935526	670	0.00277808469767008	0.54528637696554	0.980011937737909	0.0153751504742555	518	0.99901440417749	0.00662495151871051	804	0.0006086154223582	0.777218979884654	0.977856839744662	0.0322144996752875	645
21	0.006343	0.052634	0.120511456473002	0.452039002416554	0.990299517163906	0.00609238498738281	555	0.0164032122284416	0.140275310790434	0.951060687754088	0.0140741994927187	437	0.945705881656021	0.0294887061916754	542	0.0137845217038437	0.176684266131074	0.857985426503951	0.0491901266162271	417
76	0.008323	0.051288	0.162279675557635	0.435542809541575	0.999001062750511	0.00075709955418109	693	0.00707972843400104	0.333746936785051	0.955688844627903	0.00534118767456234	457	0.999085081014705	0.00144537642202846	851	0.0101615859003016	0.246488341552842	0.954790028078564	0.0106823753491247	703
45	0.011164	0.060604	0.184212263216949	0.426923469727084	0.998564075262274	0.00233295437196788	704	0.0187000901075403	0.115128090643818	0.962877376849299	0.0124502757839029	478	0.999000828088908	0.00387371941118733	836	0.0199399892117159	0.103638538429596	0.962251299001744	0.0249005515678058	611
85	0.015431	0.07133	0.216332538903687	0.41436427357414	0.0484968188933257	0.0297155685072441	13	0.00896539725087205	0.276486725339769	0	0.0357925074615755	0	0	0.071585014923151	0	NA	NA	0	0.071585014923151	0
59	0.023002	0.067008	0.343272445081184	0.365696754214687	0.999008329447094	0.00167842902325004	713	0.0181553586372935	0.120608637295949	0.971778073209591	0.00938377805876891	503	0.999008952769719	0.00335685804650009	866	0.0153829872808665	0.1533499371849	0.965815165640963	0.0205973696685348	644
112	0.024026	0.088211	0.272369659112809	0.392668899810419	0.999060210269658	0.00139100292135954	676	8.92519953681502e-05	0.913727126005899	0.987929235055893	0.00511663700227685	545	0.999054511734485	0.00278200584271907	799	0.000128390883165073	0.896613275457978	0.988792654211807	0.00976815590806759	676
47	0.024095	0.083263	0.289384240298812	0.386143676875183	0.999081791387809	0.00112840289785499	680	0.00384303684638369	0.47672877830874	0.975682378418699	0.00602194686808185	508	0.999075949963628	0.00225680579570998	827	0.00374915602704245	0.48217292753534	0.975328533226824	0.0120438937361637	648
44	0.024322	0.075117	0.323788223704355	0.373049186225211	0.999077569210611	0.00147505099339612	701	0.000921931344214046	0.727638704556015	0.82962135658621	0.0219040390489635	343	0.99906933614676	0.00295010198679224	875	0.000435684600731765	0.810806650037054	0.569379379298727	0.07307627857403	284
98	0.025146	0.075125	0.334722129783694	0.368917353157756	0.999085184185134	0.00105123612685084	702	0.0114338659167513	0.21879887783514	0.984751752301271	0.00444593289281387	527	0.999001284374675	0.00220258305268564	809	0.0168706719687407	0.13470309149488	0.984528340109408	0.00889186578562775	683
111	0.032286	0.077619	0.415954856414022	0.338721518622915	0.591445849969679	0.0216091639719914	152	0.00514452234182539	0.410187622972739	0	0.0601287823267921	0	0.523728293764827	0.0474320615610855	176	0.00591732036589233	0.377004748997496	0	0.120257564653584	0
35	0.03731	0.108149	0.344987008663973	0.365052068727638	0.999058608696226	0.00411851354747395	684	0.000819603515514103	0.742636522564703	0.985578228570141	0.0166265102493071	550	0.999053368227021	0.00823702709494791	834	0.00109804099725297	0.703874302368445	0.985367181250776	0.0332530204986143	676
50	0.03801	0.110304	0.344593124456049	0.365200137722064	0.644548365745858	0.018995100918819	172	0.118552232047084	4.6280005994978e-05	0.454093668956666	0.0263060563777462	83	0.588565740211112	0.0416941996140271	194	0.123112784598815	3.23089825915097e-05	0.360615720840532	0.0604911446754199	81
121	0.04433	0.117192	0.378268141170046	0.35261570493482	0.999034385630408	0.00121700942420159	714	0.0400191431262408	0.0204763159517729	0.989613940449972	0.00407893200777717	588	0.99902702203531	0.00243401884840317	898	0.0295679174791555	0.04695811146854	0.988429571084629	0.00854630685144043	768
42	0.04633	0.079343	0.583920446668263	0.279636918055765	0.999027528195111	0.00106069045382675	715	0.00869787855386483	0.283803481700455	0.994960324402375	0.00245033251806908	622	0.999023834062515	0.0021213809076535	876	0.00573166875476657	0.384617933379161	0.984853493071292	0.00856405132512396	711
10	0.048516	0.09193	0.527749374524094	0.298836649461025	0.999068070215477	0.000965568319336875	691	0.0117697252568921	0.212117322345938	0.974860571410173	0.00515294769944573	519	0.999056118391641	0.00193113663867375	815	0.012579699323851	0.196964266163409	0.972107439744739	0.0107966183660135	660
56	0.049711	0.135922	0.365731816777269	0.35728260108192	0.999053405266153	0.00102016585525824	668	0.00155211052614079	0.651301920496454	0.977306691541339	0.00519686565680876	496	0.999041886745163	0.00204033171051648	846	0.00108687055822035	0.705314388401624	0.978957368714574	0.00992132018480119	661
107	0.056739	0.143313	0.395909652299512	0.346085840079414	0.722318773360927	0.0322470614557403	265	0.0044301301652237	0.444802745052862	0.422992734310066	0.0490126660801339	136	0.692124308963837	0.0675650591214928	345	0.00402834152836546	0.466270187346357	0.41482336379651	0.0980253321602679	187
93	0.057682	0.096398	0.598373410236727	0.274795401818009	0.999029791418663	0.000936402524920116	708	0.0122048593061214	0.20381398266123	0.969129159409058	0.00548452907350907	495	0.999018815000711	0.00187280504984023	840	0.0113276502373316	0.220963437779406	0.976101932971304	0.00954032738426542	649
66	0.060205	0.115394	0.521734232282441	0.300927693311296	0.953337898771523	0.0004666412243313	443	0.00101588524879089	0.714669228703675	0.853697433819775	0.000854297952066078	345	0.982279230402739	0.000559488129338946	693	0.000148922588027574	0.888702548174489	0.911858360556755	0.00129249014342198	546
25	0.061581	0.107835	0.571066907775769	0.283977144742356	0.988112298315836	0.00500529825533019	537	0.000408970348699617	0.81659326743787	0.921138093394273	0.013294511533892	416	0.977165973759888	0.0138635386729324	695	0.000613188391670505	0.776405517726125	0.885709456020288	0.0320265724116183	534
32	0.072096	0.098144	0.734594065862406	0.231293376543099	0.999050681359981	0.00379124871990344	699	0.0162390314293491	0.142292723821077	0.988948978588315	0.0133118011521079	564	0.999048696132593	0.00758249743980689	825	0.0164922754292655	0.13919423841968	0.988832685506066	0.0266236023042157	709
78	0.077511	0.121663	0.637095912479554	0.262031185447714	0.999028884664115	0.0012044206329102	720	0.00924326980026435	0.269134139559513	0.994035905723316	0.00305364530583971	609	0.998306412311339	0.00318434638858326	858	0.0110959935544725	0.225773039556206	0.990461514579682	0.00770652669356284	744
61	0.107394	0.142757	0.752285352031774	0.225939737392462	0.99904368812163	0.000795822939860108	675	5.38087700883539e-05	0.932961398934454	0.980686715207989	0.00369388286590667	494	0.999036104177299	0.00159164587972022	822	9.40879818619794e-06	0.971940297831831	0.976466667435083	0.00810806376971453	656
125	0.107922	0.14412	0.748834304746045	0.226978540267204	0.0175259995504208	0.0617929174736103	3	0.0176996286691129	0.125413623074111	0	0.0678176506376256	0	0.0150592278891394	0.123585834947221	3	0.0177461535554394	0.124913583390448	0	0.135635301275251	0
117	0.114709	0.150815	0.760594105360873	0.223449770829856	0	0.1182251167029	0	NA	NA	0	0.1182251167029	0	0	0.236450233405799	0	NA	NA	0	0.236450233405799	0
28	0.117572	0.181466	0.647900984206408	0.258524497068122	0.997451190775553	0.00333759677583001	644	0.0010945010096425	0.704329765976055	0.94949569724458	0.015491751903647	442	0.999058137874435	0.00400167340395771	826	0.00245413896311999	0.56973953499674	0.964068527484927	0.025723049187557	625
87	0.127449	0.14114	0.90299702423126	0.183263737138737	0.980407406544978	0.00273994249969381	513	6.17030479586637e-08	0.997727220854902	0.918429870263458	0.00576731631933247	411	0.993924296650681	0.00299326510045429	718	0.00013121274286514	0.895489675781215	0.971573151996612	0.00660054088082958	622
4	0.133244	0.193271	0.689415380476119	0.24528095363037	0.999055433048116	0.0016437018966678	746	0.00450448991867332	0.440998187153904	0.984163546234822	0.00695161452476687	555	0.999051948886287	0.00328740379333561	850	0.00654933022861335	0.352600112392081	0.982472026559499	0.0145652417663034	681
26	0.13695	0.157187	0.871255256477953	0.191807397569709	0.999041202361549	0.00193523638701832	676	0.00230271636226681	0.581908886361081	0.980895395196103	0.00898257159154359	478	0.999036311539536	0.00387047277403664	832	0.000730869171746031	0.756505582762363	0.982149356586726	0.0171485996998677	675
96	0.13825	0.185025	0.74719632482097	0.227472531105256	0	0.133657799522451	0	NA	NA	0	0.133657799522451	0	0	0.267315599044902	0	NA	NA	0	0.267315599044902	0
70	0.139978	0.176724	0.792071252348294	0.214159565636672	0.996586765763121	0.0043184109085487	630	0.000551294896349434	0.787708381224893	0.980851710710443	0.0104511082901726	528	0.978743181798432	0.0218974913568422	657	0.000329977712799909	0.834974757986406	0.943217505816414	0.0365272170782753	587
114	0.142999	0.224959	0.635666943754195	0.262496763169629	0.961654219247304	0.0148661506719475	463	0.0018272638607642	0.623840262024908	0.878605152071409	0.0272160311004452	370	0.933041686859428	0.0393043525748701	590	0.00214750663801639	0.594935010977613	0.839228438887238	0.0625836442812647	455
84	0.144922	0.186654	0.776420542822549	0.218750359559301	0.999033341263218	0.00104707018736558	717	0.002550743724545	0.56223219444726	0.97676550425874	0.0053339200375522	536	0.980267213939248	0.00972013856547359	704	1.93458010529148e-05	0.959773165643951	0.910129651353821	0.0214341763310571	567
48	0.156369	0.212911	0.734433636589937	0.231342246329619	0.999020272972835	9.49684630556343e-05	732	0.00334336034184231	0.506933249122563	0.966626755708	0.000582717682223395	478	0.996143193332733	0.000381627540100525	782	0.00226136662339652	0.585322365829315	0.936602725862894	0.00161399555247336	573
99	0.15924	0.230903	0.689640238541725	0.245210228104734	0.999087348923034	0.000584300395492426	721	0.00202200703983297	0.605915864899782	0.936819374595655	0.00520153025439753	437	0.720965062039507	0.0229401085001205	367	0.000244665669176309	0.857638190423396	0	0.0668716334781864	0
49	0.162037	0.157271	1.03030437906543	0.151433572031076	0.999045265250496	0.00253941098585083	725	0.00449078540568737	0.441695608518808	0.982655364310822	0.0112511687879373	543	0.99895465943234	0.00532065390293842	848	0.0024754462439889	0.568067101919058	0.982439488660215	0.0225023375758746	718
74	0.164747	0.185961	0.885922317044972	0.187829694653323	0.999063898825601	0.0013257595143922	716	0.000894280870720613	0.731595792627938	0.973148431845758	0.0074120697807454	525	0.999059893477617	0.0026515190287844	869	0.000990243179845994	0.718139337139425	0.972700031849353	0.0148241395614908	688
110	0.166727	0.239029	0.697517874400177	0.242739378621011	0.998457568154325	0.00102183748301717	653	0.00308413360546508	0.523907834939262	0.960668358879282	0.00545323930153063	452	0.999028742362541	0.00161957746072705	842	0.00289090479963592	0.537224763568022	0.952441682855086	0.011969846801699	588
100	0.171378	0.262	0.654114503816794	0.2565190189427	0.99230232805647	0.00352721002497054	591	0.00221283855963829	0.589380347692877	0.941468632066725	0.0102820043762729	404	0.997413529670167	0.00403679851702406	770	0.00583068069891338	0.380531074658989	0.961384815477503	0.0162966252615229	572
68	0.180936	0.162859	1.11099785704198	0.133284635857796	0.999053777622362	0.000949917283967358	700	0.0426856590723274	0.016614849886299	0.929171975622293	0.00885896036447983	424	0.999055082615987	0.00189983456793472	803	0.0515569228606061	0.00833090468381614	0.934256664285285	0.0169126138878179	549
3	0.192216	0.227165	0.846151475799529	0.19873412378744	0.999038472261834	0.00218213830448929	706	0.00299312452748085	0.530105497455666	0.978720710625767	0.0106108691517014	527	0.999030948030542	0.00436427660897859	828	0.00341561182390819	0.502370329618705	0.980277478691618	0.0202571775460721	655
80	0.194596	0.226814	0.857954094544429	0.195458906099718	0.999068879515502	0.00110764772248283	678	0.000940559880384143	0.72501009243988	0.967730377113354	0.00679642370527893	453	0.999058048999207	0.00221529544496567	828	0.000703154923535493	0.761025058833371	0.96704191005007	0.0135928474105579	622
38	0.195027	0.244183	0.798691964633083	0.2122345236008	0.999027291130395	0.000993310972315665	715	0.0448986940294288	0.0139776752798807	0.989652359101885	0.0033291836842699	562	0.999019486339874	0.00198662194463133	840	0.0441859670427744	0.0147769847419291	0.988482422985847	0.00697541054284077	693
12	0.2011	0.182079	1.10446564403363	0.134695599407348	0.999057222007986	0.00195209501854822	692	0.0200022677907196	0.103095239147596	0.99412305402158	0.00494927239459481	599	0.999054257056666	0.00390419003709644	826	0.0200325637528033	0.102832061704279	0.99407602175372	0.00989854478918962	754
22	0.209226	0.194892	1.07354842682101	0.141512561484893	0.999052884529273	0.00170717203173758	726	0.000159602930404282	0.88480725579361	0.973105467663333	0.00954447476303951	492	0.999055011592494	0.00341434406347517	858	5.69579189278889e-05	0.931032281141508	0.970088529033649	0.0199978842268608	644
46	0.217109	0.320489	0.677430426629307	0.249066449402212	0.999070753642537	0.00130416820831997	692	0.0209392360554359	0.0952823286725178	0.981334526148461	0.00605341258423658	512	0.998767424755808	0.00299895304099267	842	0.0135887924158882	0.179809336172598	0.979291681119458	0.0126833007622134	662
108	0.229721	0.216296	1.06206772201058	0.144102471102872	0.999017026666785	0.0029613493690685	701	0.0233454601064409	0.0779863139500496	0.974163684182073	0.0158038308765935	507	0.99901310527688	0.00592269873813701	826	0.0292296164216213	0.0482558389013388	0.978167376238418	0.0287997241998954	674
106	0.232087	0.210345	1.10336352183318	0.134934665642467	0.999042936504006	0.000801791433758233	705	0.011180319418857	0.224008034302831	0.949918225874759	0.00620797987060478	425	0.999041729731811	0.00160358286751647	883	0.0133891950835439	0.183061517954188	0.944356342341746	0.0130071550103299	582
23	0.23383	0.201742	1.15905463413667	0.123216958024855	0.996197204027774	0.0029354131607726	580	0.0113683087930742	0.220131879964467	0.925299036129339	0.0142737446526929	342	0.994529647127701	0.00707143108732024	747	0.00821635791740844	0.297598430037201	0.925165318080098	0.0285474893053858	484
65	0.234712	0.273861	0.857047918469588	0.195709201319402	0.999071605868348	0.00334749254331664	704	0.00162892131805545	0.643356267831911	0.98804830441783	0.0123133488427467	560	0.999067794903137	0.00669498508663328	833	0.00302559511304954	0.527879370538247	0.986728107164185	0.025799316433394	691
126	0.239419	0.226537	1.05686488299925	0.145286628686844	0.99867659761974	0.000811799454763485	670	0.0430918180717827	0.0160954807255033	0.93326384588867	0.00628546834245584	388	0.998687253546107	0.00162359890952697	791	0.0476272886903137	0.0113020852658987	0.932560569184469	0.0125709366849117	509
97	0.244769	0.201973	1.21188970803028	0.112777301173407	0.999001228863283	0.00119227072871871	696	0.00154666544112133	0.651874093636946	0.987341703097335	0.00438562452574243	539	0.999084164365806	0.00227616036814166	825	0.00183800671475503	0.622821258869367	0.985922899822215	0.00918889867757887	664
60	0.246888	0.224052	1.10192276792887	0.135247624686802	0.0427713750191913	0.0300034080852713	12	0.0247138627882103	0.0696709597658636	0	0.0361392112522757	0	0.0969594501222646	0.0546759760124044	41	0.0148311368311838	0.160987560743262	0	0.0722784225045514	0
53	0.250216	0.352314	0.710207371833081	0.238787775053993	0.996226431508081	0.00275540127641181	599	0.00681282964270457	0.343060394105215	0.972227660272898	0.00766706772122578	480	0.994974158453558	0.00633608378454117	730	0.00541606648840292	0.398067952537196	0.969000935695858	0.0160642818442266	633
67	0.250255	0.180594	1.38573263785065	0.082914279121449	0.999065111096067	0.0026490495174839	706	0.00126412888359376	0.68338582507734	0.993616393246838	0.00703610805340858	608	0.999059706883505	0.0052980990349678	868	0.00222420159309325	0.588425044870624	0.99292151576873	0.0147422752695234	748
41	0.256417	0.316487	0.810197575255856	0.208913315431559	0.999051084226929	0.000987990867513856	729	0.00836406920932865	0.2932781352296	0.987265291050164	0.00380725105350629	531	0.999057255699128	0.00197598173502771	859	0.00623401629719608	0.364494959817984	0.985966656565198	0.00797707235661089	682
43	0.256563	0.318769	0.804855553708171	0.210451519621048	0.999040415018717	0.00159992452579066	692	0.00217274571417084	0.592776440704182	0.991700720279019	0.00488593832172341	558	0.999046217324596	0.00319984905158131	802	0.00184606624999542	0.622059199786319	0.991629252887855	0.00977187664344682	699
73	0.257304	0.229766	1.11985237154322	0.131388338712537	0.999081945674857	0.00140762634146822	708	0.00620133619540975	0.365759046697401	0.992467046781951	0.00410330547392174	590	0.99907382255657	0.00281525268293643	883	0.00390569113598252	0.473150717074787	0.990865990244309	0.00900674538335964	758
52	0.263527	0.194523	1.35473440158747	0.0877510965913593	0.999002958524558	0.000989296411452103	682	0.000107525048211838	0.905343931892455	0.95524924995176	0.0069792905967989	470	0.984504312856633	0.00798761336341832	717	4.50629469884839e-05	0.938639281981571	0.899593140962409	0.0212158022501756	527
118	0.266306	0.271675	0.980237416030183	0.163484469615012	0.999024829070671	0.00102575224674704	677	0.00729457444705413	0.326492111474861	0.956289458741526	0.00723647930740883	447	0.999016760706969	0.00205150449349408	793	0.0122466526564261	0.203036671934583	0.959250269237168	0.0138151403097033	592
79	0.285557	0.289604	0.986025745500753	0.162060239642165	0.990571791966831	0.00254384542864925	557	0.0116023486993957	0.215416561804431	0.858311575066925	0.0107585401382145	321	0.98636814571588	0.00612814164829635	706	0.013907285585171	0.174755858235528	0.816429588843831	0.0247394135651437	398
24	0.287937	0.385355	0.747199335677492	0.227471622519711	0.961857815218551	0.00551095213863102	475	0.0099078133656064	0.252505429919243	0.815248816172799	0.0127310142012607	307	0.93396418209097	0.0145703087947791	572	0.00727647465243784	0.327095227629614	0.737544436780243	0.030669103347692	344
69	0.291911	0.225405	1.29505113018788	0.0976512958959711	0.999041171108874	0.00093103054617832	682	0.078435594312114	0.00104752643136954	0.972583027473549	0.0052052150494601	503	0.999040530743469	0.00186206109235664	813	0.0793246563026704	0.00097811078815162	0.96971852669877	0.010906130564472	623
62	0.303445	0.34606	0.87685661445992	0.19028226195437	0.999063917542172	0.000160280879118576	705	0.00226959999514202	0.584639482009278	0.967821040577168	0.00098346861031109	486	0.999059971738737	0.000320561758237152	885	0.00105579641583864	0.709365412624463	0.960969039002168	0.00215871117124815	632
19	0.307117	0.410874	0.747472461143805	0.227389210008039	0.999029104762659	0.000927884400106034	711	0.0274391658760794	0.0557758882176308	0.974542405473157	0.0049518399569713	496	0.999029262194769	0.00185576880021207	845	0.0178383370233668	0.123929272961377	0.976392073476512	0.00945354237753626	668
17	0.316965	0.283869	1.11658898999186	0.132085050663047	0.999052412201598	0.00220064347060202	672	0.0149923276580099	0.158713296070515	0.979302939528504	0.010700852401548	507	0.999052237400141	0.00440128694120405	822	0.0137554091854196	0.177145129983739	0.982407115058355	0.0195004363356487	681
95	0.322195	0.23316	1.38186224052153	0.0835070019067417	0.999002803458469	0.00203578204641597	689	0.0110695458702257	0.226330013096877	0.991134358572519	0.00621698421076757	584	0.998993670789094	0.00407156409283195	840	0.0101834378060484	0.245978402760052	0.990161746392659	0.0130260211875251	721
7	0.32616	0.380779	0.856559841797998	0.19584409373336	0.999052172386311	0.00249957089759619	690	0.00124001931342411	0.68625916802587	0.98405962176838	0.0105712923934929	526	0.999042578505422	0.00499914179519238	853	0.00152060083234384	0.654629864446675	0.986445063714686	0.0192643358275846	704
103	0.333601	0.295206	1.13006171961274	0.129225109262802	0.428239827898231	0.0484573868476448	138	0.011066393175612	0.22639651610153	0	0.101998154337129	0	0.419591968043472	0.0969147736952895	186	0.0134625406044493	0.181858671222363	0	0.203996308674258	0
116	0.3435	0.368428	0.932339561596839	0.175580534236739	0.994541444135094	0.00190855142640909	588	0.00219929887918498	0.590522778254552	0.952227105215658	0.00582844028137124	443	0.994470392817382	0.00381710285281818	734	0.00203532407813596	0.604730500226177	0.951530474143558	0.0116568805627425	597
55	0.366039	0.267264	1.36957839439655	0.0854092739021149	0.997416275949413	0.00278276463352575	658	0.0357269122277285	0.0287227064136231	0.986610113205368	0.00642854722323588	569	0.999043307955463	0.00333644714187646	890	0.0367224685438239	0.0265475588882728	0.976631928136333	0.0169963221940872	697
115	0.381452	0.334656	1.13983314209218	0.127177911670657	0.999032580504331	0.00289724923590662	729	0.000200425444470439	0.871027193750666	0.978880170490893	0.0140881686916114	531	0.999029957796262	0.00579449847181324	884	0.000862591813175417	0.736215764927107	0.978580856555984	0.0281763373832228	672
122	0.38778	0.335271	1.15661658777526	0.123714521046959	0.981473545764627	0.00297722542584615	534	0.00329018350514744	0.510337007115724	0.87981024299652	0.00790777207347397	379	0.85465547068967	0.0173575401753724	468	0.00161054910034605	0.645235823947235	0.60432653714365	0.0303327943949685	288
104	0.424274	0.231704	1.83110347684977	0.0335425498421779	0.999022940472829	0.00166752524680308	693	0.00297478107556173	0.531370524827414	0.976644653617241	0.00849460373752545	486	0.999013328256991	0.00333505049360616	855	0.00123404586376493	0.686976082779851	0.976340603405008	0.0169892074750509	637
30	0.42927	0.287249	1.49441773513572	0.0675332344697623	0.999045948994607	0.00121665527088906	689	0.0169307832997192	0.134004524252557	0.941161429823643	0.0103385699469405	423	0.999043022548849	0.00243331054177813	860	0.019361771888797	0.108833502583657	0.945286912599187	0.01973733197474	551
57	0.46314	0.31626	1.46442800227661	0.0715385208427382	0.999066593583123	0.00111882798774762	739	0.0104707190872542	0.23939153191897	0.979341610608919	0.00544041473302944	533	0.999062870715527	0.00223765597549525	887	0.0106677408230521	0.23499681563906	0.980871633848414	0.0103862789744771	703
82	0.495073	0.375018	1.32013130036425	0.0933955919984906	0.918979760417561	0.00865770679646643	392	0.00439402939698279	0.446668032806301	0.750442169529291	0.0158499952429379	295	0.946789874015084	0.0137221691532966	571	0.011718020345019	0.213130113506679	0.847822165998494	0.0239798802926289	454
13	0.496384	0.401254	1.23708174871777	0.108028367418586	0.999075273731621	0.00269888790783983	709	0.00197512804145961	0.610128249848615	0.981584547445145	0.0125271279582927	540	0.999073051092307	0.00539777581567966	903	0.0020417896775531	0.604156758273853	0.982893348021225	0.0239155013190233	729
91	0.502983	0.378504	1.32887102910405	0.0919452616568617	0.902600022854846	0.00653144478304378	382	0.000676935317010185	0.765391188745437	0	0.0460780516639079	0	0.871608944306213	0.0150191486567653	445	0.00120106680467303	0.690970816371028	0	0.0921561033278158	0
1	0.504112	0.334786	1.50577383761567	0.0660626208182207	0.999007270252283	0.000583562023656083	697	0.0021621799710232	0.593678109628631	0.993260571265576	0.00154999196021444	606	0.999000215075823	0.00116712404731217	867	0.00207519085607429	0.601211001491133	0.99181799523021	0.00340222852542423	753
72	0.50476	0.460141	1.09696810325531	0.136327667884886	0.995820165031501	0.00479649333756588	603	0.0146283079823261	0.16390173734608	0.971966424522186	0.0127399073433035	507	0.998303061130498	0.00602467521435602	813	0.0153972616432288	0.153157857078879	0.983417161286172	0.0192745454083162	714
5	0.5374	0.396897	1.35400368357534	0.0878676012618932	0.959044155375709	0.00721997318573793	450	0.00306728059405995	0.525045781083548	0.846867536363403	0.0145066083929925	334	0.993175134929629	0.00569541240256775	731	0.0035075139432468	0.49666618474696	0.95435323294175	0.0151275152875407	586
94	0.541087	0.274877	1.96846953364596	0.0245070191106438	0.99903293418628	0.00139381263738561	698	0.0110890080827043	0.225919991082806	0.986498119998375	0.00537109684569259	554	0.999029241283518	0.00278762527477123	834	0.00425231916840289	0.454108357278253	0.987501522651496	0.0102539444097184	711
33	0.544995	0.36926	1.47591128202351	0.0699838551997884	0.996435310371774	0.000894567904474737	601	0.00331188366447902	0.508943292781621	0.90177790514634	0.00500135934126918	369	0.991824839577221	0.00271932734387	705	0.00629992288914259	0.361963859376823	0.881045523018241	0.010977971404709	465
92	0.546726	0.460528	1.18717211548483	0.117579868684668	0.999043479228735	0.00184730222458641	692	0.00562938446929451	0.388905224047905	0.983790609811738	0.00781268975968357	571	0.999037956087588	0.00369460444917282	838	0.00647105172756921	0.355503103929307	0.987539013901551	0.0135901582542602	716
11	0.549909	0.411994	1.33475002063137	0.0909790881216268	0.999068342722201	0.00131392711969566	698	0.00245715020451517	0.569502598827082	0.973512177555781	0.0073459171080985	488	0.998386286507679	0.00347386865031931	824	0.00330080758804822	0.509653845978585	0.964868710000899	0.0168920391631009	610
77	0.591476	0.461635	1.28126333575227	0.100050593190582	0.982012952646606	0.00366788625978528	515	0.101721685730829	0.000172673499709572	0.942955179764041	0.00671493977977654	429	0.965882223958657	0.0101592113829181	619	0.0988037293898291	0.000216659995809665	0.902003281026432	0.0177535104041013	509
75	0.59797	0.251174	2.38070023171188	0.00863988359302015	0.999036744349797	0.00160070515778572	727	0.0126341201784832	0.195992209122407	0.980583608336402	0.00742981517566266	550	0.999030309086084	0.00320141031557144	876	0.0183105300268089	0.119018949783959	0.980390287573514	0.0148596303513253	713
123	0.624483	0.4152	1.50405346820809	0.0662838000530174	0.991997886383159	0.00159308278118136	594	0.00436403963135044	0.448226765016534	0.955506689340572	0.00385546466372072	476	0.999011710988986	0.00109300431136904	881	0.00531109955463081	0.402690603850686	0.98160204080674	0.00484268834846989	739
37	0.632954	0.41519	1.52449240106939	0.0636928768323672	0.991834881594872	0.0064997418003052	582	0.00898371996438482	0.275994266288549	0.954666691918969	0.0157302088318363	477	0.996982993331065	0.007792985684559	777	0.00448248503654601	0.442118834938892	0.970497395354568	0.0249318429789325	636
2	0.667847	0.401923	1.66162921753669	0.0482935706669053	0.99904502168518	0.00306120689552567	731	0.0179038796056719	0.123234608981338	0.970015442299094	0.017929552485956	488	0.999039568140262	0.00612241379105135	917	0.0148897452092707	0.160156422161774	0.966633366342513	0.0375665632478858	688
119	0.682811	0.295628	2.30969664578457	0.0104524773247975	0.999082928054755	0.000973335372780042	696	1.22949689636958e-06	0.989854892417281	0.988254338601789	0.00358029714209641	552	0.999072617519265	0.00194667074556008	877	1.66403193340687e-05	0.962689696927539	0.988079805982059	0.00716059428419282	742
18	0.716064	0.392302	1.82528766103665	0.0339788156019444	0.999016295102275	0.00134640981908496	743	0.000785859253546739	0.747808368140073	0.966764097321992	0.00826144578796006	494	0.999014107241714	0.00269281963816992	877	0.00160362754307985	0.645947292206303	0.959421036992507	0.0181338531053768	631
101	0.75309	0.384002	1.96116166061635	0.0249300838476038	0.202774208752382	0.0700276138994878	53	0.0226921657464029	0.0823225402072355	0	0.101598077499568	0	0.193805577814345	0.140055227798976	69	0.0248813571422945	0.0687196254115199	0	0.203196154999135	0
90	0.767664	0.407791	1.88249372840499	0.0298845053058723	0.999052245318296	0.000685076543470505	703	0.196226783203708	8.33420489181177e-08	0.9830326848268	0.00303531482937992	532	0.999058161886718	0.00137015308694101	834	0.199759396159239	6.18004077900564e-08	0.981137459138052	0.00635968725959344	670
128	0.771297	0.386156	1.99737152860502	0.0228924191658222	0.999065776256566	0.00194848961948986	666	0.00567919250434955	0.386809094949947	0.98906860239743	0.00684152063815424	563	0.999054554792187	0.00389697923897972	838	0.00435924514728656	0.448476740070569	0.988889469074621	0.0136830412763085	705
127	0.859676	0.400507	2.14646935009875	0.0159177757797235	0.998297973371034	0.000726050346035468	652	0.000904574727045494	0.730114742063802	0.983584558116637	0.00232282900994194	542	0.991146025283991	0.00335454093364851	759	0.000398125750311665	0.818999050141528	0.954904311827568	0.00774942463492311	643
109	0.869921	0.411253	2.11529399177635	0.0172024491180971	0.989448671323857	0.00295042789572591	566	1.45740018365181e-06	0.988954631642974	0.822321087314826	0.0130722291257351	294	0.999082408325827	0.00168058489681797	816	0.000842899859560719	0.739134393044253	0.935925257427714	0.0149608202447221	553
36	0.955033	0.443567	2.1530749582363	0.0156563939784333	0.010232872791521	0.0945650493467397	1	0.00480510137620204	0.426111141767944	0	0.0990678353546847	0	0.00922527848866235	0.189130098693479	9	0.0044065586463925	0.446019296413821	0	0.198135670709369	0
